,Date,Open,High,Low,Close,Adj Close,Volume
0,2016-12-13,15.05,16.26,15.05,16.0,16.0,104400
1,2016-12-14,15.9,16.049999,15.0,15.18,15.18,838200
2,2016-12-15,15.25,15.25,13.94,14.3,14.3,666100
3,2016-12-16,14.6,15.45,13.9,15.2,15.2,1204900
4,2016-12-19,15.0,15.09,14.85,14.92,14.92,293000
5,2016-12-20,15.01,15.24,14.95,15.0,15.0,555600
6,2016-12-21,14.75,14.98,14.6,14.75,14.75,556600
7,2016-12-22,14.51,14.75,14.0,14.36,14.36,1912300
8,2016-12-23,14.4,14.7,14.4,14.6,14.6,642600
9,2016-12-27,14.732,14.92,14.5,14.65,14.65,334900
10,2016-12-28,14.75,14.88,14.5,14.85,14.85,468600
11,2016-12-29,14.85,15.018,14.81,14.94,14.94,436400
12,2016-12-30,15.0,15.17,14.65,14.9,14.9,942900
13,2017-01-03,14.845,14.94,13.485,13.72,13.72,44725100
14,2017-01-04,13.8,14.04,13.51,13.7,13.7,11930100
15,2017-01-05,13.65,14.19,13.65,14.11,14.11,7455100
16,2017-01-06,14.19,14.95,14.06,14.63,14.63,12015900
17,2017-01-09,14.32,14.4,13.92,13.92,13.92,8052000
18,2017-01-10,13.87,14.12,13.33,13.42,13.42,10401300
19,2017-01-11,13.55,13.78,13.3,13.31,13.31,11058600
20,2017-01-12,13.14,14.32,13.1,13.97,13.97,10798300
21,2017-01-13,14.21,14.35,13.75,13.97,13.97,6909000
22,2017-01-17,13.8,14.31,13.77,14.19,14.19,3303300
23,2017-01-18,14.25,14.58,14.23,14.52,14.52,5287700
24,2017-01-19,14.4,14.62,14.35,14.49,14.49,4354500
25,2017-01-20,14.58,14.6,14.4,14.46,14.46,3819200
26,2017-01-23,14.37,14.57,14.32,14.56,14.56,2885000
27,2017-01-24,14.6,14.63,14.41,14.54,14.54,3009400
28,2017-01-25,14.55,14.89,14.46,14.82,14.82,2931000
29,2017-01-26,14.95,15.38,14.85,15.03,15.03,10223500
30,2017-01-27,15.1,15.145,14.85,14.91,14.91,1512100
31,2017-01-30,14.87,14.93,14.76,14.85,14.85,2720700
32,2017-01-31,14.94,15.11,14.7,14.96,14.96,4199600
33,2017-02-01,14.98,14.98,14.64,14.74,14.74,2116600
34,2017-02-02,14.68,14.7,14.45,14.51,14.51,1397900
35,2017-02-03,14.69,14.95,14.56,14.94,14.94,1708800
36,2017-02-06,14.84,14.91,14.56,14.62,14.62,1672300
37,2017-02-07,14.64,14.8,14.36,14.57,14.57,3487700
38,2017-02-08,14.5,14.559,14.31,14.35,14.35,1401500
39,2017-02-09,14.35,14.698,14.11,14.51,14.51,1085700
40,2017-02-10,14.55,14.73,14.54,14.56,14.56,1376800
41,2017-02-13,14.64,14.73,14.44,14.72,14.72,2085400
42,2017-02-14,14.66,15.255,14.66,15.11,15.11,2536800
43,2017-02-15,15.11,15.25,15.0,15.12,15.12,2028900
44,2017-02-16,15.15,15.19,14.94,15.1,15.1,2197300
45,2017-02-17,14.98,15.29,14.86,15.02,15.02,2640100
46,2017-02-21,15.0,15.18,15.0,15.09,15.09,2672500
47,2017-02-22,15.3,16.65,15.11,16.379998999999998,16.379998999999998,6900700
48,2017-02-23,16.49,17.440001000000002,16.4,17.25,17.25,5702200
49,2017-02-24,17.07,17.120001000000002,15.9,16.969998999999998,16.969998999999998,6099200
50,2017-02-27,16.700001,17.110001,16.59,16.6,16.6,2854600
51,2017-02-28,16.6,16.65,16.035,16.09,16.09,2577000
52,2017-03-01,16.23,16.459999,15.79,16.309998999999998,16.309998999999998,3030900
53,2017-03-02,16.34,16.365,15.98,15.98,15.98,2129300
54,2017-03-03,15.99,16.110001,15.895,15.93,15.93,2058200
55,2017-03-06,15.9,16.07,15.66,15.67,15.67,2508800
56,2017-03-07,15.7,15.73,15.43,15.55,15.55,4974300
57,2017-03-08,15.51,16.01,15.485,15.58,15.58,5568600
58,2017-03-09,15.54,15.95,15.49,15.61,15.61,2477200
59,2017-03-10,15.45,15.72,15.42,15.64,15.64,2304400
60,2017-03-13,15.62,15.99,15.59,15.87,15.87,1933900
61,2017-03-14,15.8,16.02,15.73,15.96,15.96,1680500
62,2017-03-15,15.95,16.139999,15.88,16.049999,16.049999,1964900
63,2017-03-16,16.049999,16.077999,15.63,15.78,15.78,2483400
64,2017-03-17,15.82,15.85,15.71,15.74,15.74,2889900
65,2017-03-20,15.75,16.09,15.63,16.02,16.02,1779800
66,2017-03-21,16.059998999999998,16.34,15.85,15.92,15.92,3591100
67,2017-03-22,15.89,16.235001,15.89,16.040001,16.040001,2021600
68,2017-03-23,16.059998999999998,16.17,15.94,15.99,15.99,2429900
69,2017-03-24,15.91,16.025,15.75,15.81,15.81,1296200
70,2017-03-27,15.68,15.97,15.67,15.92,15.92,1210000
71,2017-03-28,15.83,16.18,15.72,15.97,15.97,4590900
72,2017-03-29,15.93,16.459999,15.86,16.33,16.33,1802500
73,2017-03-30,16.33,16.809998999999998,16.309998999999998,16.76,16.76,2645000
74,2017-03-31,16.77,17.16,16.719998999999998,16.780001000000002,16.780001000000002,5330300
75,2017-04-03,16.780001000000002,16.959999,16.395,16.4,16.4,2113400
76,2017-04-04,16.4,16.58,16.299999,16.299999,16.299999,1930300
77,2017-04-05,16.360001,16.41,16.23,16.23,16.23,1717100
78,2017-04-06,16.219998999999998,16.5,16.129998999999998,16.25,16.25,1439000
79,2017-04-07,16.25,16.43,15.98,16.379998999999998,16.379998999999998,2692100
80,2017-04-10,16.379998999999998,16.450001,16.280001000000002,16.32,16.32,1245500
81,2017-04-11,16.299999,16.370001000000002,15.94,16.07,16.07,1134700
82,2017-04-12,16.08,16.08,15.9,15.92,15.92,1129300
83,2017-04-13,15.94,15.98,15.735,15.78,15.78,1045600
84,2017-04-17,15.88,16.17,15.85,16.07,16.07,1308200
85,2017-04-18,16.040001,16.129998999999998,15.81,15.83,15.83,1470500
86,2017-04-19,15.82,16.059998999999998,15.73,15.9,15.9,1239000
87,2017-04-20,16.0,16.01,15.85,15.94,15.94,790600
88,2017-04-21,15.99,16.129998999999998,15.93,16.049999,16.049999,997600
89,2017-04-24,16.24,16.24,15.9,15.96,15.96,1879000
90,2017-04-25,15.93,16.17,15.81,16.1,16.1,3495200
91,2017-04-26,16.1,16.5,16.01,16.4,16.4,1385300
92,2017-04-27,16.34,16.65,16.32,16.440001000000002,16.440001000000002,1278200
93,2017-04-28,16.459999,16.52,16.18,16.309998999999998,16.309998999999998,1077900
94,2017-05-01,16.32,16.450001,16.23,16.4,16.4,1072000
95,2017-05-02,16.469998999999998,16.5,16.24,16.41,16.41,1657700
96,2017-05-03,16.309998999999998,17.030001000000002,16.309998999999998,16.99,16.99,4747000
97,2017-05-04,16.950001,17.32,16.889999,17.27,17.27,1742200
98,2017-05-05,17.25,17.76,17.202999,17.690001000000002,17.690001000000002,2064700
99,2017-05-08,17.639999,18.145,17.620001000000002,17.700001,17.700001,5741600
100,2017-05-09,17.75,17.950001,17.465,17.5,17.5,2599100
101,2017-05-10,17.07,17.4,16.889999,16.92,16.92,4994200
102,2017-05-11,16.940001000000002,16.940001000000002,16.209999,16.84,16.84,2751200
103,2017-05-12,16.709999,16.885,16.59,16.82,16.82,1852600
104,2017-05-15,16.860001,17.290001,16.84,17.049999,17.049999,2962400
105,2017-05-16,17.35,17.43,17.059998999999998,17.27,17.27,2147300
106,2017-05-17,17.35,17.360001,16.51,16.58,16.58,2112900
107,2017-05-18,16.530001000000002,16.790001,16.49,16.700001,16.700001,1616500
108,2017-05-19,16.75,17.0,16.6,16.65,16.65,2518300
109,2017-05-22,16.66,16.809998999999998,16.450001,16.780001000000002,16.780001000000002,1822800
110,2017-05-23,16.82,16.860001,16.450001,16.459999,16.459999,1401600
111,2017-05-24,16.549999,16.58,16.25,16.5,16.5,1276500
112,2017-05-25,16.57,16.610001,16.389999,16.43,16.43,1180300
113,2017-05-26,16.450001,16.450001,16.110001,16.190001000000002,16.190001000000002,1044500
114,2017-05-30,16.16,16.33,16.15,16.17,16.17,983300
115,2017-05-31,16.23,16.465,16.01,16.41,16.41,1750000
116,2017-06-01,16.379998999999998,16.620001000000002,16.309998999999998,16.57,16.57,1214900
117,2017-06-02,16.530001000000002,16.59,16.34,16.49,16.49,634900
118,2017-06-05,16.540001,16.66,16.323999,16.6,16.6,1223600
119,2017-06-06,16.450001,16.870001000000002,16.280001000000002,16.799999,16.799999,1863300
120,2017-06-07,16.77,16.796,16.299999,16.34,16.34,2050400
121,2017-06-08,16.34,16.459999,16.309998999999998,16.33,16.33,828900
122,2017-06-09,16.450001,16.885,16.34,16.549999,16.549999,2471100
123,2017-06-12,16.450001,16.620001000000002,16.34,16.379998999999998,16.379998999999998,1208700
124,2017-06-13,16.440001000000002,16.48,16.16,16.309998999999998,16.309998999999998,1254300
125,2017-06-14,16.200001,16.334999,16.030001000000002,16.219998999999998,16.219998999999998,1324600
126,2017-06-15,16.07,16.219998999999998,15.62,15.64,15.64,3658800
127,2017-06-16,15.65,15.98,15.5,15.92,15.92,3724500
128,2017-06-19,15.9,16.040001,15.66,15.9,15.9,2719500
129,2017-06-20,15.91,16.1,15.65,15.86,15.86,2980000
130,2017-06-21,15.91,16.120001000000002,15.69,16.110001,16.110001,1386100
131,2017-06-22,16.110001,16.290001,16.0,16.120001000000002,16.120001000000002,2412100
132,2017-06-23,16.139999,16.190001000000002,15.76,15.97,15.97,4830200
133,2017-06-26,15.95,15.98,15.84,15.91,15.91,975500
134,2017-06-27,15.92,16.0,15.82,15.87,15.87,1362700
135,2017-06-28,15.92,16.0,15.81,15.84,15.84,885100
136,2017-06-29,15.86,16.02,15.684,15.78,15.78,1863700
137,2017-06-30,15.76,16.07,15.65,15.94,15.94,2082100
138,2017-07-03,16.0,16.219998999999998,15.75,16.049999,16.049999,1755200
139,2017-07-05,16.030001000000002,16.120001000000002,15.87,16.049999,16.049999,2767500
140,2017-07-06,15.88,16.08,15.88,15.9,15.9,1454500
141,2017-07-07,15.89,16.09,15.82,16.0,16.0,905000
142,2017-07-10,15.9,16.02,15.87,15.87,15.87,1501000
143,2017-07-11,15.85,16.040001,15.85,15.87,15.87,885500
144,2017-07-12,15.94,16.190001000000002,15.87,16.09,16.09,1137100
145,2017-07-13,16.129998999999998,16.15,16.01,16.049999,16.049999,1196100
146,2017-07-14,16.120001000000002,16.120001000000002,15.92,15.95,15.95,1176600
147,2017-07-17,15.94,16.42,15.9,16.34,16.34,3243600
148,2017-07-18,16.33,16.42,16.219998999999998,16.379998999999998,16.379998999999998,1614600
149,2017-07-19,16.389999,16.77,16.33,16.68,16.68,1480800
150,2017-07-20,16.709999,16.815001000000002,16.59,16.73,16.73,1485700
151,2017-07-21,16.75,16.940001000000002,16.52,16.58,16.58,899500
152,2017-07-24,16.5,16.57,16.34,16.49,16.49,661400
153,2017-07-25,16.49,16.620001000000002,16.440001000000002,16.459999,16.459999,1098900
154,2017-07-26,16.540001,16.540001,16.33,16.49,16.49,857100
155,2017-07-27,16.540001,16.58,16.360001,16.459999,16.459999,1116200
156,2017-07-28,16.41,16.674999,16.360001,16.65,16.65,805800
157,2017-07-31,16.68,16.73,16.51,16.51,16.51,880400
158,2017-08-01,16.559998999999998,16.93,16.52,16.809998999999998,16.809998999999998,1411800
159,2017-08-02,16.719998999999998,16.969998999999998,16.67,16.85,16.85,1333700
160,2017-08-03,16.799999,16.846001,16.610001,16.780001000000002,16.780001000000002,1054600
161,2017-08-04,16.790001,16.879998999999998,16.469998999999998,16.639999,16.639999,1260200
162,2017-08-07,16.59,16.705,16.27,16.290001,16.290001,944200
163,2017-08-08,16.299999,16.356001000000003,15.69,15.75,15.75,2670100
164,2017-08-09,16.049999,16.690001000000002,15.82,16.58,16.58,3285500
165,2017-08-10,16.629998999999998,17.16,16.34,17.08,17.08,4681700
166,2017-08-11,17.0,17.07,16.709999,16.75,16.75,1938900
167,2017-08-14,16.809998999999998,17.040001,16.77,17.0,17.0,1288000
168,2017-08-15,17.01,17.02,16.663,16.82,16.82,1353500
169,2017-08-16,16.809998999999998,17.16,16.790001,17.110001,17.110001,1947600
170,2017-08-17,17.120001000000002,17.200001,16.82,16.889999,16.889999,1593000
171,2017-08-18,16.9,16.999001,16.549999,16.77,16.77,1103000
172,2017-08-21,16.709999,16.790001,16.610001,16.639999,16.639999,870400
173,2017-08-22,16.700001,16.93,16.700001,16.889999,16.889999,896400
174,2017-08-23,16.83,16.91,16.73,16.860001,16.860001,444300
175,2017-08-24,16.809998999999998,16.99,16.68,16.719998999999998,16.719998999999998,771700
176,2017-08-25,16.709999,16.9,16.700001,16.82,16.82,336500
177,2017-08-28,16.84,17.0,16.719998999999998,17.0,17.0,828000
178,2017-08-29,16.950001,17.110001,16.700001,16.719998999999998,16.719998999999998,1897300
179,2017-08-30,16.75,16.754998999999998,16.629998999999998,16.639999,16.639999,858400
180,2017-08-31,16.639999,16.719998999999998,16.379998999999998,16.51,16.51,1334700
181,2017-09-01,16.559998999999998,16.700001,16.469998999999998,16.629998999999998,16.629998999999998,6465500
182,2017-09-05,16.549999,16.780001000000002,16.360001,16.68,16.68,1070000
183,2017-09-06,16.700001,16.790001,16.469998999999998,16.469998999999998,16.469998999999998,1850800
184,2017-09-07,16.450001,16.49,15.89,15.94,15.94,3397200
185,2017-09-08,15.94,16.09,15.82,15.96,15.96,1423200
186,2017-09-11,16.08,16.280001000000002,16.030001000000002,16.18,16.18,1517500
187,2017-09-12,16.17,16.530001000000002,16.17,16.43,16.43,1387800
188,2017-09-13,16.42,16.459999,16.129998999999998,16.139999,16.139999,1363900
189,2017-09-14,16.110001,16.190001000000002,15.95,15.96,15.96,1274800
190,2017-09-15,16.01,16.15,15.61,15.91,15.91,2545200
191,2017-09-18,15.83,15.92,15.71,15.74,15.74,2301900
192,2017-09-19,15.8,15.88,15.645,15.67,15.67,1778300
193,2017-09-20,15.64,15.8,15.49,15.57,15.57,2595700
194,2017-09-21,15.55,15.65,15.455,15.55,15.55,4202900
195,2017-09-22,15.53,15.7,15.48,15.49,15.49,1641900
196,2017-09-25,15.42,15.63,15.38,15.57,15.57,1293200
197,2017-09-26,15.66,15.91,15.515,15.6,15.6,1923700
198,2017-09-27,15.57,15.76,15.55,15.63,15.63,5725000
199,2017-09-28,15.56,15.855,15.56,15.72,15.72,2561100
200,2017-09-29,15.67,15.94,15.61,15.67,15.67,1696100
201,2017-10-02,15.7,15.97,15.57,15.93,15.93,1405200
202,2017-10-03,15.9,15.93,15.59,15.61,15.61,4619600
203,2017-10-04,15.67,16.049999,15.59,15.93,15.93,3179400
204,2017-10-05,15.91,16.07,15.84,16.040001,16.040001,1618800
205,2017-10-06,16.02,16.040001,15.85,15.94,15.94,1450900
206,2017-10-09,15.92,16.049999,15.885,15.97,15.97,855500
207,2017-10-10,15.96,16.08,15.88,16.030001000000002,16.030001000000002,1932800
208,2017-10-11,16.040001,16.209999,15.925,16.18,16.18,1845700
209,2017-10-12,16.17,16.35,16.09,16.299999,16.299999,2293700
210,2017-10-13,16.299999,16.34,16.120001000000002,16.139999,16.139999,1215800
211,2017-10-16,16.139999,16.309998999999998,15.86,15.93,15.93,1305000
212,2017-10-17,15.85,16.01,15.72,15.73,15.73,1645800
213,2017-10-18,15.75,15.88,15.53,15.55,15.55,1601200
214,2017-10-19,15.52,15.7,15.37,15.65,15.65,3362600
215,2017-10-20,15.75,15.8,15.59,15.72,15.72,1544900
216,2017-10-23,15.68,15.75,15.48,15.51,15.51,2120500
217,2017-10-24,15.45,15.64,15.41,15.5,15.5,1935000
218,2017-10-25,15.5,15.59,15.24,15.36,15.36,2520600
219,2017-10-26,15.36,15.515,15.25,15.33,15.33,2029000
220,2017-10-27,15.37,15.49,15.1,15.41,15.41,3996700
221,2017-10-30,15.29,15.54,15.22,15.53,15.53,3206900
222,2017-10-31,15.58,15.62,15.45,15.48,15.48,2282200
223,2017-11-01,15.49,15.52,15.33,15.41,15.41,2046800
224,2017-11-02,15.31,15.67,15.31,15.58,15.58,1527200
225,2017-11-03,15.52,15.52,15.21,15.35,15.35,3783700
226,2017-11-06,15.42,15.6,15.33,15.6,15.6,2540600
227,2017-11-07,15.58,15.975,15.4,15.7,15.7,4731000
228,2017-11-08,15.68,16.389999,14.97,16.219998999999998,16.219998999999998,7958500
229,2017-11-09,16.1,16.200001,15.725,15.9,15.9,3126400
230,2017-11-10,15.94,16.01,15.77,15.81,15.81,1829400
231,2017-11-13,15.79,16.045,15.72,15.96,15.96,1633800
232,2017-11-14,15.84,15.98,15.57,15.67,15.67,1717700
233,2017-11-15,15.58,15.9,15.385,15.61,15.61,3004500
234,2017-11-16,15.59,15.74,15.5,15.53,15.53,1734400
235,2017-11-17,15.46,15.655,15.44,15.5,15.5,1029900
236,2017-11-20,15.5,15.54,15.41,15.46,15.46,1782100
237,2017-11-21,15.49,15.5,15.3,15.4,15.4,1562000
238,2017-11-22,15.48,15.48,15.34,15.41,15.41,1639300
239,2017-11-24,15.42,15.5,15.38,15.41,15.41,485600
240,2017-11-27,15.39,15.39,15.135,15.34,15.34,2608300
241,2017-11-28,15.32,15.57,15.17,15.55,15.55,3296700
242,2017-11-29,15.5,15.54,15.23,15.31,15.31,2258300
243,2017-11-30,15.41,15.56,15.25,15.26,15.26,1806000
244,2017-12-01,15.24,15.24,15.02,15.17,15.17,1867100
245,2017-12-04,15.12,15.34,14.95,15.05,15.05,3090700
246,2017-12-05,15.03,15.26,15.03,15.09,15.09,3272600
247,2017-12-06,15.07,15.36,15.07,15.17,15.17,2753700
248,2017-12-07,15.14,15.33,15.11,15.11,15.11,1439500
249,2017-12-08,15.14,15.21,14.99,15.11,15.11,2657800
250,2017-12-11,15.1,15.62,15.06,15.45,15.45,3251800
251,2017-12-12,15.39,15.65,15.305,15.35,15.35,2502600
252,2017-12-13,15.39,15.79,15.39,15.73,15.73,1964600
253,2017-12-14,15.71,15.88,15.69,15.76,15.76,1912900
254,2017-12-15,15.77,15.91,15.73,15.84,15.84,1425800
255,2017-12-18,15.83,15.87,15.63,15.64,15.64,1779700
256,2017-12-19,15.61,15.88,15.515,15.68,15.68,1933100
257,2017-12-20,15.74,15.83,15.62,15.8,15.8,941100
258,2017-12-21,15.82,16.030001000000002,15.682,16.0,16.0,2009500
259,2017-12-22,16.01,16.139999,15.95,16.02,16.02,2212200
260,2017-12-26,15.98,16.09,15.98,16.01,16.01,2971400
261,2017-12-27,16.049999,16.059998999999998,15.8,16.030001000000002,16.030001000000002,2217900
262,2017-12-28,16.07,16.1,15.99,16.059998999999998,16.059998999999998,1008700
263,2017-12-29,16.059998999999998,16.24,16.02,16.16,16.16,1585700
264,2018-01-02,16.16,16.559998999999998,16.15,16.540001,16.540001,2768900
265,2018-01-03,16.459999,16.49,16.209999,16.25,16.25,2211900
266,2018-01-04,16.25,16.41,16.24,16.27,16.27,2108200
267,2018-01-05,16.35,16.360001,15.99,16.16,16.16,1917000
268,2018-01-08,16.139999,16.625,16.098,16.459999,16.459999,2065200
269,2018-01-09,16.4,16.51,16.16,16.280001000000002,16.280001000000002,3164900
270,2018-01-10,16.280001000000002,16.52,16.200001,16.43,16.43,2105300
271,2018-01-11,16.42,16.73,16.35,16.709999,16.709999,1904000
272,2018-01-12,16.719998999999998,16.940001000000002,16.700001,16.91,16.91,1784600
273,2018-01-16,16.879998999999998,16.9,16.67,16.790001,16.790001,2525100
274,2018-01-17,16.799999,16.99,16.790001,16.84,16.84,5681800
275,2018-01-18,16.83,17.16,16.77,16.860001,16.860001,4314800
276,2018-01-19,16.950001,16.950001,16.495001000000002,16.6,16.6,2233900
277,2018-01-22,16.6,16.780001000000002,16.58,16.75,16.75,1764900
278,2018-01-23,16.77,16.860001,16.695,16.84,16.84,1278800
279,2018-01-24,16.889999,16.959999,16.719998999999998,16.790001,16.790001,1193300
280,2018-01-25,16.83,16.969998999999998,16.674999,16.74,16.74,5084300
281,2018-01-26,16.82,16.83,16.709999,16.75,16.75,1291300
282,2018-01-29,16.67,16.75,16.52,16.67,16.67,1461500
283,2018-01-30,16.59,16.67,16.5,16.58,16.58,1476600
284,2018-01-31,16.65,16.66,16.299999,16.4,16.4,1611900
285,2018-02-01,16.370001000000002,16.459999,16.25,16.290001,16.290001,1293100
286,2018-02-02,16.16,16.34,16.16,16.26,16.26,1876600
287,2018-02-05,16.129998999999998,16.18,15.905,16.0,16.0,1782400
288,2018-02-06,15.84,16.200001,15.75,16.1,16.1,2075800
289,2018-02-07,16.049999,16.389999,16.01,16.26,16.26,3374700
290,2018-02-08,16.26,16.35,15.67,15.68,15.68,5048300
291,2018-02-09,15.81,15.86,15.06,15.39,15.39,3088200
292,2018-02-12,15.41,15.77,15.33,15.59,15.59,2743300
293,2018-02-13,15.55,15.65,15.4,15.51,15.51,2069700
294,2018-02-14,15.43,15.98,15.42,15.9,15.9,4112200
295,2018-02-15,15.97,16.139999,15.835,15.99,15.99,3690400
296,2018-02-16,15.98,16.129998999999998,15.96,16.02,16.02,4582700
297,2018-02-20,15.95,16.129998999999998,15.89,15.99,15.99,3655800
298,2018-02-21,17.01,18.15,16.780001000000002,17.860001,17.860001,7256400
299,2018-02-22,18.08,18.49,18.0,18.280001000000002,18.280001000000002,4702100
300,2018-02-23,18.33,18.93,18.33,18.73,18.73,3128600
301,2018-02-26,18.799999,19.07,18.73,19.030001000000002,19.030001000000002,3033300
302,2018-02-27,18.99,19.059998999999998,18.48,18.52,18.52,1711700
303,2018-02-28,18.58,19.01,18.540001,18.9,18.9,2766300
304,2018-03-01,18.879998999999998,18.879998999999998,18.290001,18.42,18.42,3270100
305,2018-03-02,18.280001000000002,18.895,18.25,18.799999,18.799999,2846600
306,2018-03-05,18.73,19.42,18.695,19.4,19.4,1886500
307,2018-03-06,19.6,20.32,19.530001000000002,19.57,19.57,2820000
308,2018-03-07,19.52,19.555,19.26,19.370001000000002,19.370001000000002,2547200
309,2018-03-08,19.469998999999998,19.6,19.43,19.540001,19.540001,1632500
310,2018-03-09,19.6,19.719998999999998,19.405001000000002,19.49,19.49,1446900
311,2018-03-12,19.49,19.73,19.48,19.620001000000002,19.620001000000002,956500
312,2018-03-13,19.700001,19.860001,19.615,19.68,19.68,854600
313,2018-03-14,19.809998999999998,19.99,19.555,19.610001,19.610001,1207000
314,2018-03-15,19.610001,19.76,19.5,19.629998999999998,19.629998999999998,1575800
315,2018-03-16,19.66,19.950001,19.610001,19.790001,19.790001,2177400
316,2018-03-19,19.76,19.915001,19.695,19.84,19.84,1578400
317,2018-03-20,19.82,20.0,19.809998999999998,19.91,19.91,1463300
318,2018-03-21,19.93,20.190001000000002,19.93,20.01,20.01,1354400
319,2018-03-22,19.91,19.91,19.33,19.370001000000002,19.370001000000002,1380900
320,2018-03-23,19.33,19.370001000000002,19.02,19.07,19.07,2549200
321,2018-03-26,19.200001,19.370001000000002,18.879998999999998,19.33,19.33,1909600
322,2018-03-27,19.33,19.35,18.68,18.74,18.74,1191300
323,2018-03-28,18.68,18.93,18.41,18.77,18.77,2371000
324,2018-03-29,18.799999,19.08,18.51,18.639999,18.639999,2718400
325,2018-04-02,18.6,18.77,18.15,18.35,18.35,1899300
326,2018-04-03,18.459999,18.65,18.16,18.4,18.4,2040400
327,2018-04-04,18.15,18.73,18.129998999999998,18.700001,18.700001,1213800
328,2018-04-05,18.790001,18.92,18.629998999999998,18.76,18.76,2414200
329,2018-04-06,18.65,18.790001,18.41,18.6,18.6,1223800
330,2018-04-09,18.719998999999998,18.834999,18.559998999999998,18.6,18.6,2286200
331,2018-04-10,18.76,19.1,18.66,19.0,19.0,1628600
332,2018-04-11,18.879998999999998,19.195,18.750999,18.98,18.98,1344200
333,2018-04-12,19.02,19.129998999999998,18.940001000000002,19.110001,19.110001,1339600
334,2018-04-13,19.190001000000002,19.200001,19.0,19.1,19.1,999500
335,2018-04-16,19.26,19.469998999999998,19.15,19.42,19.42,826200
336,2018-04-17,19.530001000000002,19.615,19.389999,19.549999,19.549999,2223900
337,2018-04-18,19.559998999999998,19.92,19.42,19.75,19.75,1035600
338,2018-04-19,19.629998999999998,19.889999,19.490999,19.549999,19.549999,1232100
339,2018-04-20,19.540001,19.68,19.32,19.389999,19.389999,1195500
340,2018-04-23,19.459999,19.5,18.879998999999998,19.26,19.26,1360500
341,2018-04-24,19.33,19.42,18.959999,19.139999,19.139999,1209500
342,2018-04-25,19.09,19.09,18.530001000000002,19.08,19.08,1071300
343,2018-04-26,19.219998999999998,19.389999,19.07,19.24,19.24,1069800
344,2018-04-27,19.389999,19.51,19.1,19.43,19.43,1212800
345,2018-04-30,19.309998999999998,19.705,19.309998999999998,19.459999,19.459999,1199500
346,2018-05-01,19.389999,19.450001,18.92,19.450001,19.450001,2036100
347,2018-05-02,19.32,19.42,18.950001,18.98,18.98,2544800
348,2018-05-03,18.92,19.34,18.860001,19.110001,19.110001,3249300
349,2018-05-04,19.02,19.280001000000002,19.0,19.139999,19.139999,1165300
350,2018-05-07,19.25,19.530001000000002,19.245001000000002,19.5,19.5,1063900
351,2018-05-08,19.5,19.530001000000002,19.264999,19.299999,19.299999,1608100
352,2018-05-09,19.33,19.385,18.01,18.780001000000002,18.780001000000002,4747900
353,2018-05-10,18.77,19.370001000000002,18.725,18.9,18.9,1592800
354,2018-05-11,18.879998999999998,19.02,18.76,18.92,18.92,1101200
355,2018-05-14,18.9,19.309998999999998,18.9,19.08,19.08,1035500
356,2018-05-15,19.040001,19.110001,18.719998999999998,18.959999,18.959999,1047400
357,2018-05-16,18.889999,19.040001,18.885,18.950001,18.950001,815100
358,2018-05-17,18.83,19.15,18.780001000000002,19.07,19.07,1529500
359,2018-05-18,19.030001000000002,19.405001000000002,18.910999,19.370001000000002,19.370001000000002,1453100
360,2018-05-21,19.41,19.48,19.125,19.33,19.33,1012400
361,2018-05-22,19.35,19.379998999999998,19.209999,19.290001,19.290001,1809400
362,2018-05-23,19.200001,19.379998999999998,19.110001,19.35,19.35,967200
363,2018-05-24,19.370001000000002,19.389999,19.07,19.17,19.17,1154600
364,2018-05-25,19.23,19.379998999999998,19.049999,19.280001000000002,19.280001000000002,939200
365,2018-05-29,19.16,19.190001000000002,18.889999,19.030001000000002,19.030001000000002,968600
366,2018-05-30,19.16,19.219998999999998,19.09,19.1,19.1,596500
367,2018-05-31,19.16,19.26,19.01,19.25,19.25,1386800
368,2018-06-01,19.25,19.42,19.209999,19.33,19.33,585200
369,2018-06-04,19.370001000000002,19.68,19.370001000000002,19.57,19.57,782300
370,2018-06-05,19.59,19.879998999999998,19.58,19.879998999999998,19.879998999999998,773900
371,2018-06-06,19.98,20.469998999999998,19.959999,20.450001,20.450001,2554300
372,2018-06-07,20.450001,20.57,19.75,19.75,19.75,1667500
373,2018-06-08,19.59,20.190001000000002,18.940001000000002,20.1,20.1,3350800
374,2018-06-11,20.200001,20.66,20.120001000000002,20.66,20.66,1947400
375,2018-06-12,20.870001000000002,20.91,20.68,20.73,20.73,733100
376,2018-06-13,20.860001,21.059998999999998,20.620001000000002,20.75,20.75,2030300
377,2018-06-14,20.77,20.870001000000002,20.719998999999998,20.83,20.83,1063700
378,2018-06-15,20.799999,20.879998999999998,20.620001000000002,20.85,20.85,1456600
379,2018-06-18,20.76,20.879998999999998,20.65,20.77,20.77,1407200
380,2018-06-19,20.65,20.809998999999998,20.360001,20.77,20.77,1466900
381,2018-06-20,20.83,20.93,20.059998999999998,20.389999,20.389999,2338000
382,2018-06-21,20.379998999999998,20.415001,20.07,20.139999,20.139999,2349200
383,2018-06-22,19.67,19.940001000000002,18.76,18.93,18.93,5549900
384,2018-06-25,18.84,18.84,18.02,18.24,18.24,2846100
385,2018-06-26,18.24,18.27,18.014999,18.08,18.08,4712600
386,2018-06-27,18.16,18.16,17.549999,17.559998999999998,17.559998999999998,1988000
387,2018-06-28,17.559998999999998,17.959999,17.4,17.82,17.82,4308900
388,2018-06-29,18.15,18.620001000000002,18.07,18.17,18.17,3325100
389,2018-07-02,18.02,18.25,17.84,18.16,18.16,1532900
390,2018-07-03,18.290001,18.434998999999998,18.110001,18.370001000000002,18.370001000000002,800100
391,2018-07-05,18.41,18.549999,18.200001,18.370001000000002,18.370001000000002,3698800
392,2018-07-06,18.059998999999998,18.700001,17.959999,18.59,18.59,1487600
393,2018-07-09,18.59,18.709999,18.23,18.52,18.52,2215200
394,2018-07-10,18.58,18.66,18.280001000000002,18.370001000000002,18.370001000000002,2254300
395,2018-07-11,18.299999,18.459999,18.299999,18.4,18.4,898100
396,2018-07-12,18.530001000000002,18.73,18.33,18.59,18.59,2080700
397,2018-07-13,18.530001000000002,18.709999,18.440001000000002,18.450001,18.450001,1767800
398,2018-07-16,18.959999,19.17,18.16,18.190001000000002,18.190001000000002,3010600
399,2018-07-17,18.110001,18.540001,18.110001,18.440001000000002,18.440001000000002,4132100
400,2018-07-18,18.459999,18.639999,18.309998999999998,18.5,18.5,1265100
401,2018-07-19,18.51,18.559998999999998,18.27,18.43,18.43,1204000
402,2018-07-20,18.48,18.58,18.299999,18.309998999999998,18.309998999999998,805200
403,2018-07-23,18.32,18.68,18.309998999999998,18.48,18.48,1191300
404,2018-07-24,18.6,18.620001000000002,18.343,18.379998999999998,18.379998999999998,854400
405,2018-07-25,18.370001000000002,18.879998999999998,18.26,18.66,18.66,1741600
406,2018-07-26,18.559998999999998,18.83,18.559998999999998,18.610001,18.610001,839000
407,2018-07-27,18.639999,18.639999,18.110001,18.15,18.15,662900
408,2018-07-30,18.139999,18.23,17.844998999999998,17.91,17.91,1520400
409,2018-07-31,17.959999,18.174999,17.790001,17.959999,17.959999,2166200
410,2018-08-01,17.9,18.35,17.9,18.309998999999998,18.309998999999998,1912200
411,2018-08-02,18.209999,18.780001000000002,18.059998999999998,18.639999,18.639999,2104000
412,2018-08-03,18.209999,18.85,18.209999,18.809998999999998,18.809998999999998,1710600
413,2018-08-06,18.780001000000002,18.9,18.540001,18.77,18.77,1394900
414,2018-08-07,18.780001000000002,18.98,18.690001000000002,18.73,18.73,1139200
415,2018-08-08,19.469998999999998,19.99,19.0,19.74,19.74,2696000
416,2018-08-09,19.76,20.18,19.745001000000002,19.940001000000002,19.940001000000002,2341000
417,2018-08-10,19.84,20.23,19.620001000000002,20.030001000000002,20.030001000000002,1741500
418,2018-08-13,20.030001000000002,20.139999,19.620001000000002,19.870001000000002,19.870001000000002,1840400
419,2018-08-14,20.280001000000002,20.42,20.120001000000002,20.18,20.18,1425500
420,2018-08-15,20.059998999999998,20.415001,19.940001000000002,20.370001000000002,20.370001000000002,2328900
421,2018-08-16,20.440001000000002,21.26,20.41,21.15,21.15,2694200
422,2018-08-17,21.059998999999998,21.540001,21.040001,21.379998999999998,21.379998999999998,1300900
423,2018-08-20,21.5,21.610001,21.184998999999998,21.209999,21.209999,1137700
424,2018-08-21,21.23,21.59,21.190001000000002,21.49,21.49,829700
425,2018-08-22,21.43,21.57,21.35,21.459999,21.459999,927100
426,2018-08-23,21.49,21.59,21.16,21.200001,21.200001,1063300
427,2018-08-24,21.299999,21.67,21.261999,21.66,21.66,1024900
428,2018-08-27,21.719998999999998,21.809998999999998,21.58,21.780001000000002,21.780001000000002,1369500
429,2018-08-28,21.84,22.450001,21.754998999999998,22.4,22.4,2954100
430,2018-08-29,22.42,22.52,22.219998999999998,22.469998999999998,22.469998999999998,2726000
431,2018-08-30,22.42,22.9,22.389999,22.860001,22.860001,2220100
432,2018-08-31,22.799999,23.209999,22.74,23.18,23.18,2248000
433,2018-09-04,23.110001,23.24,22.705,23.1,23.1,2332200
434,2018-09-05,23.1,23.190001000000002,22.545,22.92,22.92,2636600
435,2018-09-06,22.950001,23.155001000000002,22.860001,23.01,23.01,2110100
436,2018-09-07,23.0,23.389999,22.780001000000002,22.83,22.83,2093100
437,2018-09-10,22.9,22.92,22.65,22.719998999999998,22.719998999999998,1155400
438,2018-09-11,22.68,23.01,22.635,22.68,22.68,1605400
439,2018-09-12,22.68,22.969998999999998,22.629998999999998,22.91,22.91,1337900
440,2018-09-13,23.0,23.235001,22.93,23.129998999999998,23.129998999999998,971700
441,2018-09-14,23.09,23.370001000000002,22.889999,23.27,23.27,1204400
442,2018-09-17,23.25,23.280001000000002,22.9,22.959999,22.959999,1805300
443,2018-09-18,22.91,23.139999,22.549999,22.549999,22.549999,1903600
444,2018-09-19,22.51,22.620001000000002,22.17,22.6,22.6,1233500
445,2018-09-20,22.76,22.809998999999998,22.200001,22.26,22.26,2033200
446,2018-09-21,22.32,22.809998999999998,22.280001000000002,22.34,22.34,3091100
447,2018-09-24,22.26,22.299999,22.059998999999998,22.17,22.17,1128000
448,2018-09-25,22.24,22.41,22.209999,22.280001000000002,22.280001000000002,1238500
449,2018-09-26,22.440001000000002,22.870001000000002,22.030001000000002,22.610001,22.610001,1904100
450,2018-09-27,22.58,22.74,22.51,22.52,22.52,1548900
451,2018-09-28,22.469998999999998,22.615,22.26,22.52,22.52,1851700
452,2018-10-01,22.59,22.66,21.82,22.040001,22.040001,1974700
453,2018-10-02,21.93,22.290001,21.855,21.870001000000002,21.870001000000002,2444400
454,2018-10-03,21.950001,22.0,21.667999,21.9,21.9,1992000
455,2018-10-04,21.76,21.780001000000002,21.16,21.18,21.18,1942900
456,2018-10-05,21.18,21.35,20.860001,21.17,21.17,1055000
457,2018-10-08,21.040001,21.299999,20.73,20.940001000000002,20.940001000000002,1240400
458,2018-10-09,20.91,21.129998999999998,20.65,20.75,20.75,1184000
459,2018-10-10,20.68,20.75,19.99,20.030001000000002,20.030001000000002,2964600
460,2018-10-11,19.93,20.285999,19.870001000000002,19.950001,19.950001,1627300
461,2018-10-12,20.280001000000002,20.459999,19.52,19.9,19.9,1388400
462,2018-10-15,19.879998999999998,20.110001,19.719998999999998,19.99,19.99,860700
463,2018-10-16,20.190001000000002,20.700001,20.02,20.67,20.67,870800
464,2018-10-17,20.639999,20.76,20.49,20.6,20.6,665900
465,2018-10-18,20.549999,20.549999,20.219998999999998,20.34,20.34,1438900
466,2018-10-19,20.379998999999998,20.52,20.200001,20.27,20.27,743300
467,2018-10-22,20.33,20.540001,20.24,20.26,20.26,429300
468,2018-10-23,19.9,19.969998999999998,19.52,19.860001,19.860001,867400
469,2018-10-24,19.82,19.889999,19.209999,19.209999,19.209999,1366400
470,2018-10-25,19.309998999999998,19.815001000000002,19.309998999999998,19.700001,19.700001,1078800
471,2018-10-26,19.360001,19.51,19.08,19.16,19.16,1001000
472,2018-10-29,19.34,19.52,18.375,18.620001000000002,18.620001000000002,1133600
473,2018-10-30,18.530001000000002,18.790001,18.51,18.780001000000002,18.780001000000002,1053700
474,2018-10-31,19.07,19.32,18.860001,19.1,19.1,2072400
475,2018-11-01,19.23,19.334999,18.98,19.280001000000002,19.280001000000002,1129300
476,2018-11-02,19.280001000000002,19.41,18.99,19.049999,19.049999,907400
477,2018-11-05,19.1,19.200001,18.790001,19.0,19.0,879200
478,2018-11-06,19.08,19.4,18.950001,19.219998999999998,19.219998999999998,2493500
479,2018-11-07,17.58,17.9,12.18,13.62,13.62,13779500
480,2018-11-08,13.51,14.56,13.0,13.22,13.22,6743500
481,2018-11-09,13.01,13.16,12.46,13.04,13.04,6581400
482,2018-11-12,13.06,13.9,12.72,13.85,13.85,5215100
483,2018-11-13,13.78,14.04,13.31,13.35,13.35,3464000
484,2018-11-14,13.36,13.61,12.93,13.0,13.0,1600000
485,2018-11-15,13.0,13.32,12.89,13.28,13.28,2230700
486,2018-11-16,13.25,13.35,13.13,13.34,13.34,1707600
487,2018-11-19,13.37,13.58,13.15,13.25,13.25,2528100
488,2018-11-20,13.02,13.37,12.93,13.09,13.09,2466100
489,2018-11-21,13.22,13.5,13.1,13.35,13.35,2333100
490,2018-11-23,13.33,13.42,13.18,13.31,13.31,459400
491,2018-11-26,13.44,13.54,13.245,13.25,13.25,1223600
492,2018-11-27,13.2,13.35,13.13,13.19,13.19,2559000
493,2018-11-28,13.21,13.41,13.0,13.13,13.13,4008100
494,2018-11-29,13.13,13.43,12.99,13.14,13.14,3099700
495,2018-11-30,13.05,13.105,12.63,12.82,12.82,4929200
496,2018-12-03,12.96,13.34,12.88,13.25,13.25,1977200
497,2018-12-04,13.26,13.67,12.9,12.99,12.99,2661600
498,2018-12-06,12.79,12.83,12.165,12.3,12.3,2611400
499,2018-12-07,12.3,12.335,11.8,11.96,11.96,2077900
500,2018-12-10,11.94,12.015,11.48,11.62,11.62,2837100
501,2018-12-11,11.74,11.88,11.42,11.53,11.53,3263000
502,2018-12-12,11.69,11.9,11.63,11.68,11.68,2397400
503,2018-12-13,11.68,11.72,11.24,11.26,11.26,1420100
504,2018-12-14,11.25,11.38,11.07,11.09,11.09,4088400
505,2018-12-17,10.97,11.25,10.46,10.98,10.98,4356400
506,2018-12-18,10.98,11.17,10.785,10.9,10.9,3472200
507,2018-12-19,10.94,11.446,10.87,10.91,10.91,4850900
508,2018-12-20,11.14,11.17,10.45,10.66,10.66,4739800
509,2018-12-21,10.53,10.57,10.0,10.01,10.01,3509100
510,2018-12-24,9.87,10.06,9.74,9.83,9.83,1010700
511,2018-12-26,9.83,10.47,9.68,10.47,10.47,3162000
512,2018-12-27,10.37,10.64,10.15,10.64,10.64,2761400
513,2018-12-28,10.67,10.73,10.36,10.59,10.59,1968700
514,2018-12-31,10.62,10.693,10.38,10.63,10.63,1567000
515,2019-01-02,10.47,10.8,10.33,10.75,10.75,2315400
516,2019-01-03,10.68,10.735,10.375,10.59,10.59,1040400
517,2019-01-04,10.74,11.03,10.72,10.99,10.99,2845200
518,2019-01-07,11.0,11.39,10.89,11.3,11.3,2006700
519,2019-01-08,11.45,11.61,11.085,11.53,11.53,1771000
520,2019-01-09,11.6,11.75,11.5,11.69,11.69,1751600
521,2019-01-10,11.6,11.92,11.5,11.84,11.84,1642700
522,2019-01-11,11.78,11.99,11.68,11.88,11.88,2477900
523,2019-01-14,11.77,12.02,11.75,11.94,11.94,1938300
524,2019-01-15,11.95,12.18,11.84,11.99,11.99,2214500
525,2019-01-16,11.95,12.01,11.745,11.8,11.8,1697300
526,2019-01-17,11.76,12.31,11.73,12.03,12.03,3043400
527,2019-01-18,12.15,12.27,11.92,12.21,12.21,2904900
528,2019-01-22,12.15,12.38,11.94,11.99,11.99,6320600
529,2019-01-23,12.05,12.6,12.05,12.24,12.24,3842500
530,2019-01-24,12.26,12.51,12.17,12.43,12.43,3989900
531,2019-01-25,12.52,12.96,12.46,12.84,12.84,2041200
532,2019-01-28,12.78,12.78,12.51,12.71,12.71,2707200
533,2019-01-29,12.75,12.82,12.56,12.67,12.67,1407000
534,2019-01-30,12.72,12.74,12.405,12.58,12.58,1369100
535,2019-01-31,12.52,12.85,12.52,12.75,12.75,1731900
536,2019-02-01,12.8,13.0,12.73,12.81,12.81,1004200
537,2019-02-04,12.79,12.99,12.51,12.98,12.98,1831600
538,2019-02-05,12.99,13.25,12.95,13.24,13.24,1179700
539,2019-02-06,13.21,13.37,13.17,13.23,13.23,979900
540,2019-02-07,13.17,13.24,12.86,13.0,13.0,1298600
541,2019-02-08,12.85,13.205,12.85,13.01,13.01,1835700
542,2019-02-11,13.04,13.49,13.006,13.35,13.35,1491700
543,2019-02-12,13.45,13.54,13.33,13.5,13.5,1035000
544,2019-02-13,13.54,13.71,13.51,13.6,13.6,1099200
545,2019-02-14,13.52,13.8,13.51,13.63,13.63,1384600
546,2019-02-15,13.71,13.74,13.555,13.59,13.59,1646800
547,2019-02-19,14.27,14.84,14.22,14.53,14.53,3290200
548,2019-02-20,14.98,15.34,14.052,15.29,15.29,4064900
549,2019-02-21,15.25,15.48,15.105,15.35,15.35,6016800
550,2019-02-22,15.37,15.4,15.075,15.28,15.28,2266100
551,2019-02-25,15.33,15.36,14.99,15.1,15.1,4440200
552,2019-02-26,15.06,15.12,14.85,14.85,14.85,1592200
553,2019-02-27,14.78,14.84,14.65,14.76,14.76,2886200
554,2019-02-28,14.81,14.81,14.57,14.62,14.62,1693000
555,2019-03-01,14.75,14.88,14.62,14.75,14.75,874900
556,2019-03-04,14.74,14.74,14.14,14.37,14.37,2218600
557,2019-03-05,14.35,14.465,14.23,14.26,14.26,2977800
558,2019-03-06,14.27,14.28,14.06,14.06,14.06,1772400
559,2019-03-07,14.0,14.03,13.73,13.89,13.89,3602000
560,2019-03-08,13.73,14.37,13.65,14.16,14.16,2812300
561,2019-03-11,14.19,14.405,14.17,14.25,14.25,1883900
562,2019-03-12,14.24,14.48,14.18,14.27,14.27,3089200
563,2019-03-13,14.29,14.49,14.19,14.33,14.33,2748300
564,2019-03-14,14.32,14.41,14.04,14.08,14.08,2140900
565,2019-03-15,14.08,14.21,14.0,14.11,14.11,1702500
566,2019-03-18,14.11,14.3,14.05,14.21,14.21,1160000
567,2019-03-19,14.22,14.29,13.95,13.99,13.99,1473600
568,2019-03-20,13.92,14.15,13.8,13.94,13.94,2621200
569,2019-03-21,13.84,14.19,13.84,14.12,14.12,2792500
570,2019-03-22,14.08,14.1,13.59,13.61,13.61,2232700
571,2019-03-25,13.54,13.58,13.33,13.4,13.4,1558600
572,2019-03-26,13.57,13.995,13.54,13.96,13.96,2863900
573,2019-03-27,14.0,14.15,13.86,13.94,13.94,1403400
574,2019-03-28,14.0,14.04,13.76,14.04,14.04,1191900
575,2019-03-29,14.12,14.12,13.72,13.83,13.83,1404600
576,2019-04-01,13.92,14.12,13.8,13.98,13.98,1611000
577,2019-04-02,13.98,13.98,13.63,13.72,13.72,1425700
578,2019-04-03,13.8,13.94,13.71,13.82,13.82,1873900
579,2019-04-04,13.78,13.92,13.74,13.86,13.86,1020100
580,2019-04-05,13.88,14.2,13.86,14.18,14.18,1389700
581,2019-04-08,14.1,14.17,13.91,14.08,14.08,1257400
582,2019-04-09,14.02,14.09,13.915,13.99,13.99,748800
583,2019-04-10,14.04,14.16,13.965,14.08,14.08,724400
584,2019-04-11,14.08,14.11,13.94,13.98,13.98,2273200
585,2019-04-12,13.76,13.82,12.86,13.14,13.14,5466900
586,2019-04-15,13.15,13.37,13.01,13.1,13.1,1921900
587,2019-04-16,13.1,13.185,12.95,13.12,13.12,961200
588,2019-04-17,13.0,13.09,12.68,12.92,12.92,1394200
589,2019-04-18,12.93,12.93,12.64,12.78,12.78,3443800
590,2019-04-22,12.79,13.09,12.77,12.99,12.99,1479700
591,2019-04-23,13.05,13.35,13.02,13.25,13.25,1340200
592,2019-04-24,13.2,13.255,12.86,13.0,13.0,3651700
593,2019-04-25,12.98,13.05,12.55,12.55,12.55,2577900
594,2019-04-26,12.54,12.85,12.53,12.75,12.75,3352900
595,2019-04-29,12.75,12.87,12.67,12.68,12.68,2059100
596,2019-04-30,12.72,12.875,12.675,12.83,12.83,1267200
597,2019-05-01,12.85,13.01,12.76,12.76,12.76,3013900
598,2019-05-02,12.75,12.93,12.69,12.82,12.82,3715200
599,2019-05-03,12.93,13.14,12.86,13.12,13.12,1436100
600,2019-05-06,12.91,13.05,12.76,12.99,12.99,1714700
601,2019-05-07,12.81,12.95,12.57,12.76,12.76,2495900
602,2019-05-08,12.77,12.79,12.47,12.5,12.5,3235000
603,2019-05-09,9.01,9.72,7.14,7.65,7.65,18825700
604,2019-05-10,7.53,8.57,7.53,8.29,8.29,9546400
605,2019-05-13,8.2,8.52,8.08,8.52,8.52,6782000
606,2019-05-14,8.76,9.03,8.67,8.77,8.77,9112600
607,2019-05-15,8.66,8.98,8.61,8.91,8.91,3200500
608,2019-05-16,8.89,8.97,8.675,8.85,8.85,4736700
609,2019-05-17,8.74,8.95,8.655,8.8,8.8,4647900
610,2019-05-20,8.7,9.01,8.6,8.95,8.95,2777600
611,2019-05-21,9.2,9.32,8.9,9.06,9.06,5135500
612,2019-05-22,8.95,9.71,8.93,9.6,9.6,5470300
613,2019-05-23,9.46,9.53,9.3,9.34,9.34,3261800
614,2019-05-24,9.45,9.52,9.13,9.22,9.22,2021700
615,2019-05-28,9.25,9.44,9.14,9.17,9.17,2589700
616,2019-05-29,9.1,9.13,9.0,9.12,9.12,2006100
617,2019-05-30,9.11,9.2,9.05,9.14,9.14,1755300
618,2019-05-31,9.05,9.08,8.805,8.9,8.9,3171800
619,2019-06-03,8.89,9.09,8.765,9.03,9.03,3514300
620,2019-06-04,9.09,9.22,8.98,9.19,9.19,2087300
621,2019-06-05,9.18,9.24,8.805,8.87,8.87,2051800
622,2019-06-06,8.84,8.99,8.66,8.77,8.77,3043000
623,2019-06-07,8.82,9.27,8.79,9.0,9.0,4157600
624,2019-06-10,9.08,9.27,9.01,9.03,9.03,2560600
625,2019-06-11,9.11,9.24,8.99,9.04,9.04,1765200
626,2019-06-12,8.98,8.98,8.78,8.89,8.89,2543100
627,2019-06-13,8.95,9.29,8.89,9.17,9.17,2561100
628,2019-06-14,9.11,9.12,8.89,9.04,9.04,1990500
629,2019-06-17,9.04,9.205,8.98,9.09,9.09,1644000
630,2019-06-18,9.18,9.26,9.05,9.08,9.08,1792000
631,2019-06-19,9.1,9.28,9.06,9.14,9.14,1419400
632,2019-06-20,9.18,9.3,9.125,9.21,9.21,1424600
633,2019-06-21,9.14,9.31,9.04,9.24,9.24,2667000
634,2019-06-24,9.25,9.32,8.92,8.95,8.95,2709100
635,2019-06-25,8.97,9.08,8.85,8.89,8.89,2237600
636,2019-06-26,8.92,9.09,8.92,8.95,8.95,1638300
637,2019-06-27,8.96,9.08,8.935,9.01,9.01,1486700
638,2019-06-28,9.07,9.69,9.05,9.59,9.59,21437000
639,2019-07-01,9.7,9.79,9.54,9.76,9.76,3065800
640,2019-07-02,9.77,9.77,9.405,9.59,9.59,1896700
641,2019-07-03,9.6,9.82,9.565,9.73,9.73,766600
642,2019-07-05,9.69,9.87,9.57,9.86,9.86,1500900
643,2019-07-08,9.8,9.93,9.64,9.69,9.69,2522700
644,2019-07-09,9.65,9.71,9.53,9.66,9.66,1843100
645,2019-07-10,9.65,9.8,9.575,9.58,9.58,1292200
646,2019-07-11,9.58,9.58,8.98,8.99,8.99,3402500
647,2019-07-12,8.99,9.121,8.86,8.97,8.97,4443100
648,2019-07-15,8.99,9.11,8.86,8.88,8.88,2928300
649,2019-07-16,8.86,9.21,8.78,9.15,9.15,2423100
650,2019-07-17,9.47,9.49,9.035,9.19,9.19,2674400
651,2019-07-18,9.17,9.27,8.985,9.18,9.18,1434900
652,2019-07-19,9.18,9.25,9.04,9.1,9.1,1464500
653,2019-07-22,9.1,9.2,8.94,8.95,8.95,1198400
654,2019-07-23,8.99,9.08,8.88,8.89,8.89,1407900
655,2019-07-24,8.88,9.31,8.88,9.27,9.27,2626300
656,2019-07-25,9.23,9.35,8.92,8.92,8.92,1755100
657,2019-07-26,8.99,9.27,8.915,9.25,9.25,1613200
658,2019-07-29,9.25,9.36,9.095,9.15,9.15,1229600
659,2019-07-30,9.08,9.21,8.97,9.12,9.12,1886100
660,2019-07-31,9.12,9.35,9.07,9.1,9.1,2214000
661,2019-08-01,9.06,9.345,8.96,9.08,9.08,1564600
662,2019-08-02,8.98,9.11,8.8,9.04,9.04,2510800
663,2019-08-05,8.85,8.85,8.305,8.43,8.43,1985500
664,2019-08-06,8.45,8.5,8.215,8.35,8.35,2665000
665,2019-08-07,8.24,8.43,8.16,8.34,8.34,2212700
666,2019-08-08,8.42,8.76,8.39,8.66,8.66,3331900
667,2019-08-09,7.3,7.54,5.26,6.38,6.38,10554000
668,2019-08-12,6.29,6.73,6.21,6.355,6.355,6565000
669,2019-08-13,6.41,6.73,6.36,6.6,6.6,5928600
670,2019-08-14,6.7,6.77,6.395,6.6,6.6,6569900
671,2019-08-15,6.58,6.71,6.245,6.68,6.68,6716600
672,2019-08-16,6.69,6.94,6.61,6.64,6.64,4626600
673,2019-08-19,6.8,7.18,6.75,7.08,7.08,3528000
674,2019-08-20,7.02,7.21,6.99,7.15,7.15,2365400
675,2019-08-21,7.17,7.285,7.03,7.19,7.19,2414700
676,2019-08-22,7.22,7.29,6.97,6.98,6.98,1882600
677,2019-08-23,6.9,6.98,6.58,6.65,6.65,3696200
678,2019-08-26,6.69,6.78,6.34,6.4,6.4,2807800
679,2019-08-27,6.46,6.55,6.13,6.23,6.23,4092100
680,2019-08-28,6.19,6.35,6.08,6.21,6.21,2306500
681,2019-08-29,6.24,6.5,6.23,6.46,6.46,2041700
682,2019-08-30,6.5,6.59,6.435,6.51,6.51,1595700
683,2019-09-03,6.44,6.47,5.98,5.99,5.99,4134800
684,2019-09-04,6.05,6.21,5.97,6.19,6.19,3677400
685,2019-09-05,6.28,6.4,6.16,6.16,6.16,5118300
686,2019-09-06,6.2,6.59,6.19,6.51,6.51,4648100
687,2019-09-09,6.54,6.6,6.405,6.5,6.5,4951200
688,2019-09-10,6.5,7.08,6.42,7.01,7.01,3871500
689,2019-09-11,7.07,7.17,6.9,7.09,7.09,2962200
690,2019-09-12,7.07,7.14,6.87,7.07,7.07,4381200
691,2019-09-13,7.1,7.23,7.04,7.06,7.06,1843900
692,2019-09-16,7.02,7.32,6.95,7.2,7.2,2339400
693,2019-09-17,7.1,7.17,6.745,6.91,6.91,2249900
694,2019-09-18,6.9,7.04,6.85,6.99,6.99,2720000
695,2019-09-19,7.01,7.21,6.98,7.06,7.06,2696600
696,2019-09-20,7.08,7.1,6.74,6.82,6.82,3181500
697,2019-09-23,6.75,6.86,6.6,6.73,6.73,2539000
698,2019-09-24,6.74,6.81,6.18,6.24,6.24,3670700
699,2019-09-25,6.23,6.4,6.12,6.35,6.35,2071700
700,2019-09-26,6.3,6.35,6.16,6.26,6.26,1566100
701,2019-09-27,6.28,6.55,6.27,6.34,6.34,1480000
702,2019-09-30,6.34,6.35,6.06,6.22,6.22,2040500
703,2019-10-01,6.25,6.49,6.15,6.16,6.16,1367700
704,2019-10-02,6.09,6.2,5.93,6.12,6.12,1872900
705,2019-10-03,6.05,6.09,5.729,5.91,5.91,4344400
706,2019-10-04,5.95,6.09,5.9,6.0,6.0,1476600
707,2019-10-07,5.95,6.02,5.81,5.81,5.81,3119100
708,2019-10-08,5.73,5.75,5.28,5.46,5.46,3027200
709,2019-10-09,5.54,5.565,5.32,5.33,5.33,1615400
710,2019-10-10,5.33,5.525,5.31,5.43,5.43,2004000
711,2019-10-11,5.53,5.59,5.4,5.41,5.41,3184800
712,2019-10-14,5.4,5.64,5.29,5.57,5.57,2245400
713,2019-10-15,5.55,5.79,5.38,5.74,5.74,2542300
714,2019-10-16,5.73,5.86,5.65,5.79,5.79,1028500
715,2019-10-17,5.79,6.01,5.76,5.87,5.87,1791100
716,2019-10-18,5.83,5.87,5.74,5.76,5.76,1223200
717,2019-10-21,5.84,5.88,5.76,5.84,5.84,1194800
718,2019-10-22,5.85,5.87,5.715,5.78,5.78,1199800
719,2019-10-23,5.78,5.95,5.72,5.95,5.95,1621800
720,2019-10-24,5.96,6.06,5.88,5.9,5.9,1104100
721,2019-10-25,5.87,5.95,5.79,5.88,5.88,886800
722,2019-10-28,5.87,6.27,5.865,6.06,6.06,1765100
723,2019-10-29,6.08,6.2,5.97,6.14,6.14,1102000
724,2019-10-30,6.13,6.24,5.99,6.12,6.12,1107800
725,2019-10-31,6.11,6.19,6.02,6.18,6.18,1766700
726,2019-11-01,6.25,6.515,6.15,6.37,6.37,1804800
727,2019-11-04,6.42,6.635,6.42,6.54,6.54,1897800
728,2019-11-05,6.57,6.72,6.51,6.67,6.67,2139100
729,2019-11-06,6.62,6.66,6.49,6.62,6.62,2227600
730,2019-11-07,7.91,7.97,7.085,7.38,7.38,3093700
731,2019-11-08,7.34,7.34,6.985,7.0,7.0,1560200
732,2019-11-11,6.91,6.92,6.57,6.58,6.58,1790800
733,2019-11-12,6.57,6.73,6.44,6.6,6.6,1241400
734,2019-11-13,6.55,6.65,6.45,6.63,6.63,2016800
735,2019-11-14,6.58,6.68,6.47,6.56,6.56,1231300
736,2019-11-15,6.6,6.74,6.51,6.65,6.65,992500
737,2019-11-18,6.595,6.64,6.355,6.44,6.44,1172200
738,2019-11-19,6.5,6.51,6.3,6.32,6.32,1196400
739,2019-11-20,6.29,6.29,6.07,6.17,6.17,1314800
740,2019-11-21,6.16,6.22,6.05,6.15,6.15,1267600
741,2019-11-22,6.21,6.41,6.17,6.37,6.37,1461600
742,2019-11-25,6.41,6.45,6.305,6.4,6.4,1312900
743,2019-11-26,6.41,6.44,6.21,6.25,6.25,1485100
744,2019-11-27,6.31,6.91,6.26,6.85,6.85,2308000
745,2019-11-29,6.78,6.82,6.68,6.77,6.77,707000
746,2019-12-02,6.75,6.84,6.686,6.8,6.8,1864200
747,2019-12-03,6.69,6.76,6.52,6.75,6.75,1737300
748,2019-12-04,6.8,6.9,6.71,6.8,6.8,1430900
749,2019-12-05,6.8,6.82,6.31,6.4,6.4,2217200
750,2019-12-06,6.51,6.59,6.45,6.55,6.55,1185800
751,2019-12-09,6.55,6.68,6.39,6.39,6.39,843700
752,2019-12-10,6.38,6.45,6.225,6.29,6.29,983400
753,2019-12-11,6.28,6.32,6.19,6.22,6.22,728100
754,2019-12-12,6.21,6.4,6.21,6.34,6.34,1098000
755,2019-12-13,6.33,6.4,6.17,6.24,6.24,899100
756,2019-12-16,6.25,6.5,6.24,6.45,6.45,1442800
757,2019-12-17,6.49,6.58,6.36,6.51,6.51,1041300
758,2019-12-18,6.49,6.61,6.31,6.53,6.53,1886800
759,2019-12-19,6.52,6.61,6.465,6.55,6.55,1330000
760,2019-12-20,6.59,6.63,6.44,6.61,6.61,2156100
761,2019-12-23,6.62,6.71,6.52,6.581,6.581,595400
762,2019-12-24,6.57,6.58,6.37,6.38,6.38,461600
763,2019-12-26,6.36,6.42,6.18,6.2,6.2,703900
764,2019-12-27,6.18,6.24,5.98,5.99,5.99,1088000
765,2019-12-30,5.94,6.08,5.9,6.03,6.03,1356200
766,2019-12-31,6.01,6.365,6.01,6.2,6.2,1298100
767,2020-01-02,6.28,6.294,5.97,6.05,6.05,1154800
768,2020-01-03,6.0,6.03,5.865,5.975,5.975,1069900
769,2020-01-06,5.9,5.91,5.58,5.59,5.59,1359600
770,2020-01-07,5.56,5.78,5.42,5.72,5.72,1566900
771,2020-01-08,5.75,5.86,5.74,5.75,5.75,1163800
772,2020-01-09,5.76,5.79,5.74,5.76,5.76,1219200
773,2020-01-10,5.77,5.77,5.64,5.755,5.755,1666800
774,2020-01-13,5.76,5.86,5.738,5.82,5.82,694800
775,2020-01-14,5.78,5.81,5.71,5.75,5.75,1218000
776,2020-01-15,5.76,5.865,5.72,5.75,5.75,1062200
777,2020-01-16,5.77,5.885,5.73,5.81,5.81,876400
778,2020-01-17,5.87,5.87,5.71,5.755,5.755,1287600
779,2020-01-21,5.73,5.74,5.39,5.46,5.46,1630000
780,2020-01-22,5.53,5.53,5.24,5.27,5.27,1594000
781,2020-01-23,5.24,5.39,4.99,5.29,5.29,1792700
782,2020-01-24,5.27,5.3,4.9,4.93,4.93,2035200
783,2020-01-27,4.85,4.88,4.645,4.69,4.69,2173300
784,2020-01-28,4.7,4.785,4.61,4.735,4.735,1392900
785,2020-01-29,4.78,4.81,4.65,4.65,4.65,1412200
786,2020-01-30,4.58,4.6,4.37,4.455,4.455,1157300
787,2020-01-31,4.42,4.46,4.25,4.28,4.28,1617900
788,2020-02-03,4.28,4.36,4.14,4.34,4.34,1527600
789,2020-02-04,4.41,4.51,4.3,4.45,4.45,1632900
790,2020-02-05,4.5,4.82,4.5,4.79,4.79,1223300
791,2020-02-06,4.85,4.905,4.73,4.82,4.82,1311000
792,2020-02-07,4.79,4.81,4.64,4.74,4.74,1211200
793,2020-02-10,4.74,4.764,4.57,4.72,4.72,830800
794,2020-02-11,4.75,4.84,4.65,4.775,4.775,721000
795,2020-02-12,4.85,5.0,4.78,4.985,4.985,1573400
796,2020-02-13,4.94,4.95,4.75,4.76,4.76,871500
797,2020-02-14,4.76,4.76,4.504,4.51,4.51,874100
798,2020-02-18,4.5,4.58,4.395,4.445,4.445,764300
799,2020-02-19,4.46,4.73,4.44,4.69,4.69,1405300
800,2020-02-20,4.63,5.0,4.56,4.97,4.97,1881900
801,2020-02-21,4.37,4.44,3.66,3.9,3.9,5835600
802,2020-02-24,3.75,3.796,3.53,3.665,3.665,2419000
803,2020-02-25,3.73,3.73,3.42,3.43,3.43,2502300
804,2020-02-26,3.48,3.52,3.21,3.255,3.255,1756000
805,2020-02-27,3.17,3.345,2.98,3.195,3.195,3540500
806,2020-02-28,3.07,3.3,3.07,3.27,3.27,2596800
807,2020-03-02,3.25,3.265,3.01,3.14,3.14,2048800
808,2020-03-03,3.14,3.34,2.985,3.05,3.05,1999800
809,2020-03-04,3.11,3.33,3.02,3.305,3.305,2119400
810,2020-03-05,3.2,3.34,3.15,3.21,3.21,1612700
811,2020-03-06,3.12,3.235,2.94,2.96,2.96,2962800
812,2020-03-09,2.82,2.92,2.41,2.42,2.42,1928500
813,2020-03-10,2.5,2.6,2.21,2.4,2.4,2459400
814,2020-03-11,2.43,2.475,2.275,2.33,2.33,2947400
815,2020-03-12,2.1,2.19,1.82,1.89,1.89,3227700
816,2020-03-13,2.05,2.06,1.83,2.035,2.035,3623800
817,2020-03-16,1.95,2.138,1.84,2.01,2.01,2614000
818,2020-03-17,2.04,2.18,1.92,2.08,2.08,2560700
819,2020-03-18,1.95,2.08,1.54,1.54,1.54,1837700
820,2020-03-19,1.55,1.89,1.54,1.87,1.87,1963000
821,2020-03-20,1.94,2.071,1.84,1.97,1.97,4480700
822,2020-03-23,1.93,1.93,1.755,1.88,1.88,2205500
823,2020-03-24,2.02,2.085,1.86,1.92,1.92,1671800
824,2020-03-25,1.95,2.05,1.87,1.95,1.95,1719200
825,2020-03-26,2.22,2.274,1.82,1.96,1.96,2492800
826,2020-03-27,1.91,2.13,1.81,2.04,2.04,1669700
827,2020-03-30,2.08,2.346,1.915,2.3,2.3,2057000
828,2020-03-31,2.28,2.57,2.27,2.45,2.45,2326600
829,2020-04-01,2.34,2.48,2.01,2.06,2.06,1758400
830,2020-04-02,2.06,2.21,1.905,1.94,1.94,1593200
831,2020-04-03,1.94,2.01,1.75,1.84,1.84,2115300
832,2020-04-06,1.92,2.13,1.9,2.12,2.12,1635400
833,2020-04-07,2.22,2.42,2.15,2.2,2.2,2115700
834,2020-04-08,2.22,2.635,2.22,2.53,2.53,2439900
835,2020-04-09,2.59,2.77,2.52,2.66,2.66,1691100
836,2020-04-13,2.67,2.69,2.35,2.39,2.39,1093300
837,2020-04-14,2.41,2.46,2.28,2.3,2.3,1197500
838,2020-04-15,2.24,2.24,2.07,2.15,2.15,804700
839,2020-04-16,2.13,2.17,2.0,2.02,2.02,865200
840,2020-04-17,2.11,2.26,2.06,2.23,2.23,1240200
841,2020-04-20,2.17,2.34,2.08,2.25,2.25,1267900
842,2020-04-21,2.18,2.23,2.08,2.14,2.14,1180100
843,2020-04-22,2.21,2.239,2.01,2.05,2.05,1338300
844,2020-04-23,2.05,2.13,1.98,1.985,1.985,1946300
845,2020-04-24,2.01,2.027,1.79,1.83,1.83,4984700
846,2020-04-27,1.94,1.96,1.79,1.89,1.89,2028600
847,2020-04-28,1.95,1.98,1.85,1.895,1.895,3305000
848,2020-04-29,1.96,2.33,1.93,2.31,2.31,3027800
849,2020-04-30,2.33,2.61,2.23,2.52,2.52,2909500
850,2020-05-01,2.48,2.49,2.27,2.38,2.38,1672500
851,2020-05-04,2.36,2.42,2.2,2.215,2.215,2402600
852,2020-05-05,2.29,2.365,2.205,2.23,2.23,2423900
853,2020-05-06,2.26,2.285,2.14,2.2,2.2,863800
854,2020-05-07,2.2,2.25,2.17,2.19,2.19,1185400
855,2020-05-08,2.28,2.37,2.11,2.25,2.25,3088800
856,2020-05-11,2.22,2.22,2.05,2.05,2.05,3876900
857,2020-05-12,2.05,2.06,1.9,1.945,1.945,3416300
858,2020-05-13,1.94,1.95,1.71,1.74,1.74,6731100
859,2020-05-14,1.8,1.94,1.71,1.78,1.78,3203900
860,2020-05-15,1.81,1.9,1.73,1.805,1.805,4638900
861,2020-05-18,2.0,2.24,1.9,2.23,2.23,6632000
862,2020-05-19,2.22,2.305,2.155,2.175,2.175,4851600
863,2020-05-20,2.24,2.27,2.19,2.25,2.25,3129000
864,2020-05-21,2.25,2.31,2.22,2.27,2.27,3744500
865,2020-05-22,2.29,2.31,2.16,2.235,2.235,1205000
866,2020-05-26,2.39,2.48,2.31,2.395,2.395,2805400
867,2020-05-27,2.44,2.82,2.41,2.77,2.77,2707500
868,2020-05-28,2.83,2.89,2.48,2.53,2.53,3774400
869,2020-05-29,2.5,2.63,2.36,2.39,2.39,2721600
870,2020-06-01,2.37,2.44,2.28,2.28,2.28,3919100
871,2020-06-02,2.29,2.505,2.28,2.39,2.39,2538400
872,2020-06-03,2.46,2.71,2.4,2.66,2.66,2494400
873,2020-06-04,2.62,2.725,2.53,2.66,2.66,1809600
874,2020-06-05,2.78,3.05,2.74,2.92,2.92,2582300
875,2020-06-08,3.1,3.82,3.08,3.55,3.55,5259000
876,2020-06-09,3.47,3.55,2.98,3.21,3.21,2876200
877,2020-06-10,3.26,3.3,2.84,2.91,2.91,2159000
878,2020-06-11,2.76,2.8,2.48,2.51,2.51,2277200
879,2020-06-12,2.77,2.85,2.52,2.62,2.62,1243700
880,2020-06-15,2.51,2.695,2.45,2.64,2.64,1174800
881,2020-06-16,2.81,2.843,2.6,2.65,2.65,2071100
882,2020-06-17,2.68,2.68,2.5,2.5,2.5,1470500
883,2020-06-18,2.46,2.57,2.37,2.52,2.52,1642700
884,2020-06-19,2.56,2.69,2.48,2.525,2.525,3388000
885,2020-06-22,2.52,2.52,2.41,2.48,2.48,1672900
886,2020-06-23,2.52,2.53,2.45,2.48,2.48,1450600
887,2020-06-24,2.43,2.43,2.25,2.27,2.27,2303500
888,2020-06-25,2.25,2.3,2.19,2.3,2.3,1936300
889,2020-06-26,2.27,2.28,2.14,2.23,2.23,3915500
890,2020-06-29,2.26,2.42,2.238,2.42,2.42,1933400
891,2020-06-30,2.39,2.459,2.3,2.39,2.39,1367300
892,2020-07-01,2.37,2.51,2.33,2.35,2.35,1351800
893,2020-07-02,2.44,2.46,2.31,2.37,2.37,1259600
894,2020-07-06,2.42,2.428,2.25,2.26,2.26,990700
895,2020-07-07,2.22,2.25,2.115,2.12,2.12,1591200
896,2020-07-08,2.15,2.16,2.03,2.105,2.105,1669800
897,2020-07-09,2.12,2.146,1.98,1.99,1.99,1661600
898,2020-07-10,1.96,2.05,1.92,2.05,2.05,1269000
899,2020-07-13,2.08,2.09,1.95,1.995,1.995,1408000
900,2020-07-14,2.01,2.01,1.88,1.91,1.91,2283800
901,2020-07-15,1.96,2.15,1.94,2.12,2.12,1929800
902,2020-07-16,2.1,2.2,2.067,2.125,2.125,805400
903,2020-07-17,2.1,2.21,2.1,2.11,2.11,1270300
904,2020-07-20,2.09,2.13,2.0,2.02,2.02,1203200
905,2020-07-21,2.08,2.16,2.03,2.09,2.09,1599800
906,2020-07-22,2.06,2.09,2.06,2.07,2.07,911700
907,2020-07-23,2.06,2.14,1.98,2.05,2.05,2128700
908,2020-07-24,2.04,2.05,1.93,1.96,1.96,1715800
909,2020-07-27,1.96,2.04,1.9,1.92,1.92,1343400
910,2020-07-28,1.9,1.97,1.89,1.93,1.93,1135400
911,2020-07-29,1.93,2.0,1.9,2.0,2.0,1205200
912,2020-07-30,1.96,1.99,1.92,1.98,1.98,857300
913,2020-07-31,1.99,2.0,1.89,1.91,1.91,1833900
914,2020-08-03,2.0,2.17,2.0,2.14,2.14,2693400
915,2020-08-04,2.17,2.25,2.14,2.24,2.24,2060400
916,2020-08-05,2.27,2.31,2.18,2.235,2.235,1564500
917,2020-08-06,2.25,2.34,2.19,2.26,2.26,9185500
918,2020-08-07,3.86,4.65,3.61,4.13,4.13,117716400
919,2020-08-10,4.11,4.79,3.95,4.49,4.49,18234900
920,2020-08-11,4.52,4.73,3.95,4.04,4.04,6760600
921,2020-08-12,4.1,4.11,3.71,3.75,3.75,4442300
922,2020-08-13,3.83,4.1,3.781,4.08,4.08,2618400
923,2020-08-14,4.06,4.075,3.83,3.91,3.91,1893800
924,2020-08-17,3.94,4.0,3.74,3.76,3.76,1694300
925,2020-08-18,3.765,3.85,3.64,3.78,3.78,1571700
926,2020-08-19,3.85,3.96,3.675,3.7,3.7,1875800
927,2020-08-20,3.66,3.69,3.48,3.5,3.5,1751800
928,2020-08-21,3.52,3.53,3.36,3.5,3.5,2584400
929,2020-08-24,3.52,3.885,3.47,3.825,3.825,3388100
930,2020-08-25,3.83,4.0,3.63,3.765,3.765,1868600
931,2020-08-26,3.72,3.775,3.6,3.66,3.66,2146200
932,2020-08-27,3.61,3.745,3.57,3.615,3.615,1802800
933,2020-08-28,3.648,3.67,3.39,3.605,3.605,1703800
934,2020-08-31,3.54,3.54,3.37,3.38,3.38,2224900
935,2020-09-01,3.37,3.58,3.27,3.51,3.51,1596400
936,2020-09-02,3.5,3.62,3.48,3.59,3.59,1364100
937,2020-09-03,3.6,3.775,3.49,3.5,3.5,2255100
938,2020-09-04,3.54,3.71,3.512,3.695,3.695,1586100
939,2020-09-08,3.82,3.85,3.37,3.39,3.39,2239700
940,2020-09-09,3.44,3.47,3.19,3.2,3.2,3278900
941,2020-09-10,3.2,3.38,3.18,3.27,3.27,2214600
942,2020-09-11,3.5,3.65,3.37,3.57,3.57,3436000
943,2020-09-14,3.53,3.68,3.47,3.6,3.6,1799900
944,2020-09-15,3.61,3.67,3.5,3.53,3.53,867100
945,2020-09-16,3.56,3.56,3.42,3.44,3.44,1989900
946,2020-09-17,3.36,3.59,3.31,3.52,3.52,1213900
947,2020-09-18,3.58,3.7,3.45,3.59,3.59,3570000
948,2020-09-21,3.5,3.56,3.25,3.3,3.3,3927500
949,2020-09-22,3.32,3.35,3.22,3.255,3.255,2187700
950,2020-09-23,3.24,3.37,3.07,3.075,3.075,2972400
951,2020-09-24,3.08,3.21,2.96,3.04,3.04,2249800
952,2020-09-25,3.01,3.12,3.0,3.09,3.09,1382500
953,2020-09-28,3.11,3.345,3.11,3.21,3.21,1779400
