,Date,Open,High,Low,Close,Adj Close,Volume
0,1983-01-03,0.0,21.0,20.0,20.5,0.43033000000000005,306600
1,1983-01-04,0.0,21.125,20.625,20.875,0.43820200000000004,424300
2,1983-01-05,0.0,21.0,20.5,20.75,0.43557799999999997,215700
3,1983-01-06,0.0,21.0,20.875,20.875,0.43820200000000004,143100
4,1983-01-07,0.0,20.875,20.5,20.5,0.43033000000000005,212800
5,1983-01-10,0.0,20.25,19.0,19.375,0.40671399999999996,392900
6,1983-01-11,0.0,20.0,19.125,20.0,0.41983400000000004,163000
7,1983-01-12,0.0,21.375,20.125,21.25,0.44607399999999997,459600
8,1983-01-13,0.0,22.75,21.375,22.75,0.47756099999999996,191700
9,1983-01-14,0.0,24.25,22.5,23.875,0.5011770000000001,698000
10,1983-01-17,0.0,24.25,23.75,23.875,0.5011770000000001,99800
11,1983-01-18,0.0,24.125,23.625,23.625,0.495929,137200
12,1983-01-19,0.0,23.75,22.875,23.0,0.482809,64900
13,1983-01-20,0.0,23.125,22.375,22.625,0.474937,36600
14,1983-01-21,0.0,23.125,22.25,22.625,0.474937,79400
15,1983-01-24,0.0,22.75,21.375,21.625,0.453945,66700
16,1983-01-25,0.0,22.0,21.375,22.0,0.46181700000000003,27200
17,1983-01-26,0.0,22.0,21.5,21.75,0.45657,58800
18,1983-01-27,0.0,22.625,21.625,22.375,0.46968999999999994,77800
19,1983-01-28,0.0,22.75,22.0,22.625,0.474937,23800
20,1983-01-31,0.0,22.875,22.5,22.625,0.474937,26100
21,1983-02-01,0.0,22.375,21.375,21.375,0.44869799999999993,88600
22,1983-02-02,0.0,21.25,20.625,20.875,0.43820200000000004,42800
23,1983-02-03,0.0,21.0,20.75,20.875,0.43820200000000004,41800
24,1983-02-04,0.0,22.75,21.0,22.75,0.47756099999999996,59100
25,1983-02-07,0.0,23.0,22.75,23.0,0.482809,39700
26,1983-02-08,0.0,23.25,22.5,22.625,0.474937,42500
27,1983-02-09,0.0,22.875,22.5,22.625,0.474937,69600
28,1983-02-10,0.0,22.5,22.25,22.25,0.46706499999999995,14600
29,1983-02-11,0.0,22.75,22.125,22.375,0.46968999999999994,19900
30,1983-02-14,0.0,23.125,22.125,23.0,0.482809,15800
31,1983-02-15,0.0,23.125,22.875,23.0,0.482809,23300
32,1983-02-16,0.0,23.75,22.875,23.25,0.48805699999999996,22900
33,1983-02-17,0.0,23.875,22.75,23.75,0.49855299999999997,109400
34,1983-02-18,0.0,23.75,23.25,23.75,0.49855299999999997,35800
35,1983-02-22,0.0,23.25,22.75,23.125,0.485433,51300
36,1983-02-23,0.0,23.25,22.375,23.0,0.482809,56700
37,1983-02-24,0.0,23.25,22.75,23.25,0.48805699999999996,61000
38,1983-02-25,0.0,24.5,23.0,24.0,0.503801,45300
39,1983-02-28,0.0,24.375,23.0,23.125,0.485433,58200
40,1983-03-01,0.0,23.75,23.25,23.625,0.495929,41300
41,1983-03-02,0.0,24.25,23.5,24.125,0.506425,26900
42,1983-03-03,0.0,24.375,23.75,24.375,0.511672,42700
43,1983-03-04,0.0,24.5,24.0,24.5,0.514297,29200
44,1983-03-07,0.0,24.5,24.25,24.5,0.514297,15800
45,1983-03-08,0.0,24.5,24.125,24.25,0.509049,13300
46,1983-03-09,0.0,26.25,24.25,26.0,0.5457850000000001,16400
47,1983-03-10,0.0,26.0,25.0,25.75,0.540536,21500
48,1983-03-11,0.0,25.5,25.0,25.0,0.524792,13400
49,1983-03-14,0.0,25.0,24.625,24.875,0.522169,16900
50,1983-03-15,0.0,25.375,25.0,25.375,0.532664,13500
51,1983-03-16,0.0,25.5,25.375,25.5,0.535288,7300
52,1983-03-17,0.0,25.25,24.625,25.0,0.524792,21400
53,1983-03-18,0.0,25.0,24.875,25.0,0.524792,15500
54,1983-03-21,0.0,25.0,24.625,24.75,0.519544,17300
55,1983-03-22,0.0,24.875,23.875,23.875,0.5011770000000001,19800
56,1983-03-23,0.0,24.375,23.75,24.25,0.509049,10700
57,1983-03-24,0.0,24.25,23.75,23.875,0.5011770000000001,11100
58,1983-03-25,0.0,23.875,23.5,23.625,0.495929,8000
59,1983-03-28,0.0,24.125,23.625,24.125,0.506425,6000
60,1983-03-29,0.0,24.375,23.75,23.75,0.49855299999999997,15000
61,1983-03-30,0.0,24.0,23.625,23.875,0.5011770000000001,10000
62,1983-03-31,0.0,24.75,23.875,24.375,0.511672,50000
63,1983-04-04,0.0,24.5,24.0,24.125,0.506425,16400
64,1983-04-05,0.0,25.375,23.875,25.0,0.524792,52900
65,1983-04-06,0.0,27.0,25.5,26.875,0.5641520000000001,56700
66,1983-04-07,0.0,27.5,26.875,27.25,0.572024,28400
67,1983-04-08,0.0,27.25,26.5,27.125,0.5694,35000
68,1983-04-11,0.0,27.125,26.25,26.5,0.55628,24000
69,1983-04-12,0.0,26.375,25.375,25.5,0.535288,12800
70,1983-04-13,0.0,26.125,25.5,26.125,0.548408,17200
71,1983-04-14,0.0,26.25,25.875,26.125,0.548408,29700
72,1983-04-15,0.0,26.25,25.875,26.0,0.5457850000000001,14000
73,1983-04-18,0.0,26.25,25.75,26.0,0.5457850000000001,21200
74,1983-04-19,0.0,26.0,25.75,25.75,0.540536,11800
75,1983-04-20,0.0,26.0,25.75,25.875,0.543161,14500
76,1983-04-21,0.0,26.125,25.875,25.875,0.543161,9400
77,1983-04-22,0.0,26.25,26.0,26.25,0.551032,8100
78,1983-04-25,0.0,26.375,26.0,26.0,0.5457850000000001,12000
79,1983-04-26,0.0,26.375,25.875,26.375,0.553656,15900
80,1983-04-27,0.0,26.5,26.125,26.125,0.548408,13900
81,1983-04-28,0.0,26.5,26.0,26.375,0.553656,12500
82,1983-04-29,0.0,26.375,26.0,26.25,0.551032,8600
83,1983-05-02,0.0,26.125,25.875,26.0,0.5457850000000001,8300
84,1983-05-03,0.0,26.0,25.625,25.75,0.540536,50300
85,1983-05-04,0.0,25.875,25.625,25.875,0.543161,25400
86,1983-05-05,0.0,25.875,25.625,25.75,0.540536,19000
87,1983-05-06,0.0,25.875,25.625,25.875,0.543161,24500
88,1983-05-09,0.0,26.0,25.75,26.0,0.5457850000000001,19100
89,1983-05-10,0.0,26.0,25.75,26.0,0.5457850000000001,18700
90,1983-05-11,0.0,25.875,25.625,25.875,0.543161,24800
91,1983-05-12,0.0,25.875,25.625,25.75,0.540536,7500
92,1983-05-13,0.0,26.0,25.5,25.875,0.543161,19500
93,1983-05-16,0.0,25.875,25.875,25.875,0.543161,3100
94,1983-05-17,0.0,25.875,25.625,25.625,0.537912,8200
95,1983-05-18,0.0,25.875,25.625,25.625,0.537912,10300
96,1983-05-19,0.0,25.875,25.625,25.75,0.540536,4700
97,1983-05-20,0.0,25.875,25.5,25.875,0.543161,7600
98,1983-05-23,0.0,25.875,25.5,25.875,0.543161,8200
99,1983-05-24,0.0,25.875,25.75,25.875,0.543161,8600
100,1983-05-25,0.0,26.0,25.875,26.0,0.5457850000000001,13100
101,1983-05-26,0.0,26.0,25.75,25.875,0.543161,7600
102,1983-05-27,0.0,26.625,25.875,26.5,0.55628,14200
103,1983-05-31,0.0,26.5,25.75,26.0,0.5457850000000001,13500
104,1983-06-01,0.0,26.375,26.0,26.0,0.5457850000000001,3700
105,1983-06-02,0.0,26.125,25.75,25.75,0.540536,9500
106,1983-06-03,0.0,26.125,25.875,26.0,0.5457850000000001,3300
107,1983-06-06,0.0,26.0,25.75,26.0,0.5457850000000001,7500
108,1983-06-07,0.0,26.0,25.75,26.0,0.5457850000000001,8300
109,1983-06-08,0.0,26.0,25.5,25.5,0.535288,50700
110,1983-06-09,0.0,25.125,24.75,25.0,0.524792,10800
111,1983-06-10,0.0,24.875,24.0,24.75,0.519544,11000
112,1983-06-13,0.0,25.0,24.875,25.0,0.524792,4500
113,1983-06-14,0.0,25.0,24.75,24.875,0.522169,5200
114,1983-06-15,0.0,25.0,24.625,24.875,0.522169,7700
115,1983-06-16,0.0,24.875,24.0,24.375,0.511672,9800
116,1983-06-17,0.0,25.0,24.25,25.0,0.524792,11700
117,1983-06-20,0.0,24.875,24.0,24.75,0.519544,11300
118,1983-06-21,0.0,25.0,24.75,25.0,0.524792,11600
119,1983-06-22,0.0,25.0,24.125,24.25,0.509049,21800
120,1983-06-23,0.0,24.25,24.0,24.125,0.506425,19400
121,1983-06-24,0.0,24.5,24.0,24.125,0.506425,10500
122,1983-06-27,0.0,24.375,23.75,23.875,0.5011770000000001,6900
123,1983-06-28,0.0,24.25,23.25,23.25,0.48805699999999996,6500
124,1983-06-29,0.0,23.625,23.5,23.625,0.495929,22200
125,1983-06-30,0.0,23.625,23.25,23.625,0.495929,24600
126,1983-07-01,0.0,23.625,23.375,23.625,0.495929,16900
127,1983-07-05,0.0,23.75,22.875,23.75,0.49855299999999997,24200
128,1983-07-06,0.0,24.0,23.5,23.75,0.49855299999999997,29100
129,1983-07-07,0.0,24.0,23.625,23.75,0.49855299999999997,8400
130,1983-07-08,0.0,24.0,23.75,24.0,0.503801,6900
131,1983-07-11,0.0,23.625,22.875,23.625,0.495929,10500
132,1983-07-12,0.0,23.875,23.25,23.375,0.49068100000000003,12800
133,1983-07-13,0.0,23.25,22.875,22.875,0.48018599999999995,6100
134,1983-07-14,0.0,22.875,22.625,22.625,0.474937,13000
135,1983-07-15,0.0,22.75,22.625,22.75,0.47756099999999996,13200
136,1983-07-18,0.0,23.0,22.875,23.0,0.482809,4600
137,1983-07-19,0.0,23.375,23.0,23.25,0.48805699999999996,4600
138,1983-07-20,0.0,23.375,23.0,23.375,0.49068100000000003,2600
139,1983-07-21,0.0,23.75,23.125,23.25,0.48805699999999996,9300
140,1983-07-22,0.0,23.25,23.0,23.25,0.48805699999999996,9300
141,1983-07-25,0.0,23.0,22.875,22.875,0.48018599999999995,2800
142,1983-07-26,0.0,23.0,22.75,22.875,0.48018599999999995,6900
143,1983-07-27,0.0,22.875,22.5,22.875,0.48018599999999995,12400
144,1983-07-28,0.0,22.75,22.5,22.5,0.47231300000000004,7500
145,1983-07-29,0.0,22.375,22.0,22.0,0.46181700000000003,12600
146,1983-08-01,0.0,22.25,22.0,22.25,0.46706499999999995,6300
147,1983-08-02,0.0,22.5,22.125,22.25,0.46706499999999995,8100
148,1983-08-03,0.0,22.375,22.0,22.0,0.46181700000000003,11200
149,1983-08-04,0.0,22.375,22.0,22.0,0.46181700000000003,7200
150,1983-08-05,0.0,22.25,21.75,21.875,0.459193,6900
151,1983-08-08,0.0,22.125,21.75,22.125,0.464441,4700
152,1983-08-09,0.0,22.25,22.0,22.125,0.464441,12500
153,1983-08-10,0.0,22.125,21.75,22.0,0.46181700000000003,11300
154,1983-08-11,0.0,22.0,21.75,21.75,0.45657,13700
155,1983-08-12,0.0,22.0,21.5,22.0,0.46181700000000003,12500
156,1983-08-15,0.0,22.25,22.0,22.25,0.46706499999999995,7200
157,1983-08-16,0.0,22.25,22.0,22.0,0.46181700000000003,6400
158,1983-08-17,0.0,22.125,21.875,22.0,0.46181700000000003,49000
159,1983-08-18,0.0,22.375,22.125,22.25,0.46706499999999995,38600
160,1983-08-19,0.0,22.25,22.125,22.125,0.464441,5200
161,1983-08-22,0.0,22.125,22.0,22.125,0.464441,4500
162,1983-08-23,0.0,22.125,22.0,22.125,0.464441,8300
163,1983-08-24,0.0,22.125,21.625,21.875,0.459193,6400
164,1983-08-25,0.0,21.875,21.25,21.25,0.44607399999999997,15000
165,1983-08-26,0.0,21.5,21.125,21.5,0.451322,8200
166,1983-08-29,0.0,21.875,21.25,21.875,0.459193,16600
167,1983-08-30,0.0,22.25,21.875,22.25,0.46706499999999995,10900
168,1983-08-31,0.0,22.75,21.875,22.75,0.47756099999999996,18600
169,1983-09-01,0.0,23.125,22.75,23.0,0.482809,20400
170,1983-09-02,0.0,23.25,23.0,23.25,0.48805699999999996,10800
171,1983-09-06,0.0,23.375,23.0,23.0,0.482809,4700
172,1983-09-07,0.0,23.25,22.875,22.875,0.48018599999999995,23800
173,1983-09-08,0.0,22.875,22.75,22.875,0.48018599999999995,11100
174,1983-09-09,0.0,22.75,22.625,22.625,0.474937,4900
175,1983-09-12,0.0,22.875,22.375,22.5,0.47231300000000004,4800
176,1983-09-13,0.0,22.375,22.125,22.25,0.46706499999999995,11900
177,1983-09-14,0.0,22.5,22.125,22.5,0.47231300000000004,7800
178,1983-09-15,0.0,23.0,22.5,23.0,0.482809,2700
179,1983-09-16,0.0,23.0,22.75,22.875,0.48018599999999995,4400
180,1983-09-19,0.0,23.0,22.5,23.0,0.482809,9500
181,1983-09-20,0.0,23.0,22.625,22.875,0.48018599999999995,7800
182,1983-09-21,0.0,23.0,22.5,22.875,0.48018599999999995,16100
183,1983-09-22,0.0,22.875,22.625,22.875,0.48018599999999995,7100
184,1983-09-23,0.0,23.0,22.625,22.625,0.474937,12500
185,1983-09-26,0.0,22.875,22.75,22.75,0.47756099999999996,3000
186,1983-09-27,0.0,22.75,22.5,22.5,0.47231300000000004,5800
187,1983-09-28,0.0,22.625,22.5,22.625,0.474937,6000
188,1983-09-29,0.0,22.625,22.25,22.25,0.46706499999999995,4800
189,1983-09-30,0.0,22.5,22.25,22.25,0.46706499999999995,3600
190,1983-10-03,0.0,22.375,22.125,22.125,0.464441,3700
191,1983-10-04,0.0,22.375,22.25,22.25,0.46706499999999995,2400
192,1983-10-05,0.0,22.25,21.75,21.75,0.45657,5700
193,1983-10-06,0.0,22.0,21.5,22.0,0.46181700000000003,22000
194,1983-10-07,0.0,22.25,21.875,22.25,0.46706499999999995,17300
195,1983-10-10,0.0,22.125,21.875,22.0,0.46181700000000003,17400
196,1983-10-11,0.0,22.0,21.5,21.75,0.45657,39100
197,1983-10-12,0.0,21.875,21.75,21.875,0.459193,3500
198,1983-10-13,0.0,22.0,21.75,21.875,0.459193,19400
199,1983-10-14,0.0,22.0,21.75,22.0,0.46181700000000003,9600
200,1983-10-17,0.0,22.125,21.875,22.125,0.464441,60900
201,1983-10-18,0.0,22.75,22.125,22.75,0.47756099999999996,10700
202,1983-10-19,0.0,22.75,22.25,22.375,0.46968999999999994,9000
203,1983-10-20,0.0,22.5,22.375,22.5,0.47231300000000004,15200
204,1983-10-21,0.0,22.875,22.5,22.625,0.474937,34500
205,1983-10-24,0.0,22.75,22.5,22.75,0.47756099999999996,22700
206,1983-10-25,0.0,22.75,22.5,22.75,0.47756099999999996,11700
207,1983-10-26,0.0,22.875,22.625,22.75,0.47756099999999996,12200
208,1983-10-27,0.0,22.875,22.75,22.875,0.48018599999999995,13700
209,1983-10-28,0.0,22.875,22.75,22.875,0.48018599999999995,9200
210,1983-10-31,0.0,23.5,22.625,23.5,0.493305,13100
211,1983-11-01,0.0,23.875,23.25,23.5,0.493305,27100
212,1983-11-02,0.0,24.0,23.625,24.0,0.503801,13400
213,1983-11-03,0.0,23.75,23.375,23.75,0.49855299999999997,7900
214,1983-11-04,0.0,23.875,23.375,23.5,0.493305,11800
215,1983-11-07,0.0,23.625,23.125,23.375,0.49068100000000003,8800
216,1983-11-08,0.0,23.75,23.375,23.5,0.493305,7000
217,1983-11-09,0.0,23.75,23.25,23.75,0.49855299999999997,22600
218,1983-11-10,0.0,23.75,23.5,23.5,0.493305,7600
219,1983-11-11,0.0,23.625,22.75,23.0,0.482809,28400
220,1983-11-14,0.0,23.25,22.875,23.125,0.485433,16700
221,1983-11-15,0.0,23.0,22.75,23.0,0.482809,15500
222,1983-11-16,0.0,23.0,22.625,22.875,0.48018599999999995,17000
223,1983-11-17,0.0,23.0,22.75,23.0,0.482809,18000
224,1983-11-18,0.0,23.0,22.75,23.0,0.482809,20100
225,1983-11-21,0.0,23.0,22.625,22.625,0.474937,16500
226,1983-11-22,0.0,23.0,22.75,23.0,0.482809,18400
227,1983-11-23,0.0,23.125,22.875,23.0,0.482809,12800
228,1983-11-25,0.0,23.0,23.0,23.0,0.482809,2700
229,1983-11-28,0.0,23.0,22.625,22.875,0.48018599999999995,8200
230,1983-11-29,0.0,23.0,22.75,22.75,0.47756099999999996,5800
231,1983-11-30,0.0,22.875,22.625,22.625,0.474937,11700
232,1983-12-01,0.0,22.5,22.25,22.5,0.47231300000000004,11000
233,1983-12-02,0.0,22.375,22.0,22.25,0.46706499999999995,228300
234,1983-12-05,0.0,22.375,22.125,22.125,0.464441,8400
235,1983-12-06,0.0,22.5,22.0,22.125,0.464441,13200
236,1983-12-07,0.0,22.25,22.0,22.125,0.464441,9100
237,1983-12-08,0.0,22.25,21.875,22.0,0.46181700000000003,15100
238,1983-12-09,0.0,22.125,21.625,22.125,0.464441,10300
239,1983-12-12,0.0,22.125,22.0,22.125,0.464441,35500
240,1983-12-13,0.0,22.125,21.875,22.0,0.46181700000000003,3100
241,1983-12-14,0.0,21.875,21.625,21.75,0.45657,6800
242,1983-12-15,0.0,22.0,21.625,21.75,0.45657,32400
243,1983-12-16,0.0,22.25,21.75,22.25,0.46706499999999995,39000
244,1983-12-19,0.0,22.5,21.75,22.0,0.46181700000000003,13800
245,1983-12-20,0.0,22.0,21.625,21.75,0.45657,8400
246,1983-12-21,0.0,21.75,21.375,21.375,0.44869799999999993,8000
247,1983-12-22,0.0,21.5,21.25,21.375,0.44869799999999993,9200
248,1983-12-23,0.0,21.625,21.375,21.5,0.451322,5900
249,1983-12-27,0.0,21.625,21.375,21.625,0.453945,3500
250,1983-12-28,0.0,21.625,21.125,21.25,0.44607399999999997,28000
251,1983-12-29,0.0,21.375,21.125,21.125,0.44345,13100
252,1983-12-30,0.0,21.5,21.125,21.5,0.451322,25100
253,1984-01-03,0.0,21.5,21.0,21.0,0.440826,24600
254,1984-01-04,0.0,21.75,21.0,21.75,0.45657,20700
255,1984-01-05,0.0,22.375,21.625,22.25,0.46706499999999995,10400
256,1984-01-06,0.0,22.125,22.0,22.125,0.464441,26600
257,1984-01-09,0.0,22.125,21.75,21.875,0.459193,58100
258,1984-01-10,0.0,21.5,21.125,21.375,0.44869799999999993,13200
259,1984-01-11,0.0,21.25,21.125,21.125,0.44345,10800
260,1984-01-12,0.0,21.25,21.125,21.25,0.44607399999999997,17100
261,1984-01-13,0.0,21.875,21.375,21.75,0.45657,8700
262,1984-01-16,0.0,21.625,21.375,21.5,0.451322,11000
263,1984-01-17,0.0,21.5,21.0,21.375,0.44869799999999993,11800
264,1984-01-18,0.0,21.5,20.75,21.0,0.440826,20800
265,1984-01-19,0.0,21.125,20.5,20.625,0.432954,16700
266,1984-01-20,0.0,21.0,20.625,21.0,0.440826,16900
267,1984-01-23,0.0,21.25,20.75,21.25,0.44607399999999997,6700
268,1984-01-24,0.0,21.625,21.0,21.5,0.451322,12600
269,1984-01-25,0.0,21.625,21.25,21.625,0.453945,7300
270,1984-01-26,0.0,21.875,21.5,21.625,0.453945,47200
271,1984-01-27,0.0,21.625,21.5,21.5,0.451322,6800
272,1984-01-30,0.0,21.5,21.375,21.375,0.44869799999999993,5600
273,1984-01-31,0.0,21.5,21.0,21.5,0.451322,10200
274,1984-02-01,0.0,21.5,21.125,21.25,0.44607399999999997,9800
275,1984-02-02,0.0,21.75,21.25,21.625,0.453945,12600
276,1984-02-03,0.0,21.75,21.25,21.25,0.44607399999999997,11800
277,1984-02-06,0.0,21.5,20.875,21.0,0.440826,14200
278,1984-02-07,0.0,21.25,21.0,21.0,0.440826,9000
279,1984-02-08,0.0,20.875,20.25,20.25,0.42508199999999996,13300
280,1984-02-09,0.0,20.5,20.25,20.375,0.42770600000000003,12600
281,1984-02-10,0.0,20.5,20.25,20.5,0.43033000000000005,14600
282,1984-02-13,0.0,20.75,20.375,20.625,0.432954,33500
283,1984-02-14,0.0,21.125,20.625,21.0,0.440826,10900
284,1984-02-15,0.0,21.0,20.875,20.875,0.43820200000000004,14800
285,1984-02-16,0.0,21.0,20.875,20.875,0.43820200000000004,5700
286,1984-02-17,0.0,21.0,20.875,21.0,0.440826,2000
287,1984-02-21,0.0,21.0,20.875,21.0,0.440826,13400
288,1984-02-22,0.0,21.0,20.875,21.0,0.440826,4700
289,1984-02-23,0.0,20.875,20.75,20.875,0.43820200000000004,9000
290,1984-02-24,0.0,21.125,21.0,21.0,0.440826,14600
291,1984-02-27,0.0,21.125,20.75,21.125,0.44345,20900
292,1984-02-28,0.0,21.0,20.75,21.0,0.440826,13400
293,1984-02-29,0.0,21.0,20.875,21.0,0.440826,6900
294,1984-03-01,0.0,21.0,20.875,21.0,0.440826,14900
295,1984-03-02,0.0,21.0,20.875,21.0,0.440826,8100
296,1984-03-05,0.0,21.0,20.75,21.0,0.440826,14500
297,1984-03-06,0.0,21.0,20.875,21.0,0.440826,6500
298,1984-03-07,0.0,21.0,20.875,20.875,0.43820200000000004,25700
299,1984-03-08,0.0,21.0,20.75,21.0,0.440826,11200
300,1984-03-09,0.0,21.0,20.625,21.0,0.440826,20000
301,1984-03-12,0.0,21.0,20.75,20.75,0.43557799999999997,9100
302,1984-03-13,0.0,21.0,20.75,20.875,0.43820200000000004,13000
303,1984-03-14,0.0,20.875,20.75,20.875,0.43820200000000004,4600
304,1984-03-15,0.0,21.0,20.75,20.75,0.43557799999999997,7700
305,1984-03-16,0.0,21.0,20.625,20.75,0.43557799999999997,11300
306,1984-03-19,0.0,20.75,20.5,20.5,0.43033000000000005,4600
307,1984-03-20,0.0,20.875,20.625,20.875,0.43820200000000004,9500
308,1984-03-21,0.0,21.125,20.875,21.0,0.440826,8200
309,1984-03-22,0.0,21.75,21.0,21.25,0.44607399999999997,8900
310,1984-03-23,0.0,21.875,21.375,21.75,0.45657,17800
311,1984-03-26,0.0,22.0,21.625,22.0,0.46181700000000003,14800
312,1984-03-27,0.0,22.0,21.75,22.0,0.46181700000000003,11200
313,1984-03-28,0.0,22.5,21.75,22.25,0.46706499999999995,15100
314,1984-03-29,0.0,22.25,22.0,22.0,0.46181700000000003,18200
315,1984-03-30,0.0,22.75,21.875,22.75,0.47756099999999996,8600
316,1984-04-02,0.0,22.875,22.625,22.625,0.474937,12100
317,1984-04-03,0.0,22.875,22.5,22.625,0.474937,18100
318,1984-04-04,0.0,22.875,22.25,22.75,0.47756099999999996,12800
319,1984-04-05,0.0,23.0,22.125,22.5,0.47231300000000004,20000
320,1984-04-06,0.0,22.375,21.5,22.25,0.46706499999999995,32900
321,1984-04-09,0.0,22.375,22.0,22.0,0.46181700000000003,9900
322,1984-04-10,0.0,22.125,21.0,21.25,0.44607399999999997,12300
323,1984-04-11,0.0,21.25,21.0,21.25,0.44607399999999997,7000
324,1984-04-12,0.0,21.25,21.0,21.25,0.44607399999999997,7000
325,1984-04-13,0.0,21.25,21.125,21.25,0.44607399999999997,7100
326,1984-04-16,0.0,21.625,21.125,21.625,0.453945,34500
327,1984-04-17,0.0,21.875,21.375,21.875,0.459193,11100
328,1984-04-18,0.0,21.875,21.625,21.75,0.45657,7900
329,1984-04-19,0.0,22.0,21.5,22.0,0.46181700000000003,7600
330,1984-04-23,0.0,22.0,21.75,21.75,0.45657,13000
331,1984-04-24,0.0,22.0,21.625,21.75,0.45657,5700
332,1984-04-25,0.0,22.0,21.625,22.0,0.46181700000000003,16500
333,1984-04-26,0.0,22.25,22.0,22.25,0.46706499999999995,1900
334,1984-04-27,0.0,22.75,22.125,22.75,0.47756099999999996,5100
335,1984-04-30,0.0,23.0,22.5,22.5,0.47231300000000004,11400
336,1984-05-01,0.0,22.25,21.75,21.75,0.45657,11900
337,1984-05-02,0.0,21.875,21.5,21.875,0.459193,12200
338,1984-05-03,0.0,22.0,21.75,22.0,0.46181700000000003,3900
339,1984-05-04,0.0,22.0,21.75,21.875,0.459193,2600
340,1984-05-07,0.0,21.875,21.75,21.875,0.459193,2700
341,1984-05-08,0.0,22.0,21.75,22.0,0.46181700000000003,6400
342,1984-05-09,0.0,22.0,21.5,21.625,0.453945,16400
343,1984-05-10,0.0,21.75,21.0,21.125,0.44345,14800
344,1984-05-11,0.0,21.375,21.125,21.375,0.44869799999999993,2700
345,1984-05-14,0.0,21.5,21.375,21.5,0.451322,8900
346,1984-05-15,0.0,21.875,21.5,21.875,0.459193,18300
347,1984-05-16,0.0,22.0,21.625,22.0,0.46181700000000003,11700
348,1984-05-17,0.0,22.125,21.875,21.875,0.459193,20200
349,1984-05-18,0.0,22.125,21.875,22.125,0.464441,6100
350,1984-05-21,0.0,22.125,21.875,22.0,0.46181700000000003,8700
351,1984-05-22,0.0,22.125,22.0,22.125,0.464441,4400
352,1984-05-23,0.0,22.125,21.75,21.875,0.459193,5400
353,1984-05-24,0.0,21.875,21.625,21.75,0.45657,2900
354,1984-05-25,0.0,21.875,21.5,21.75,0.45657,5900
355,1984-05-29,0.0,21.875,21.75,21.875,0.459193,41500
356,1984-05-30,0.0,21.875,21.75,21.875,0.459193,25900
357,1984-05-31,0.0,21.875,21.375,21.5,0.451322,34100
358,1984-06-01,0.0,21.625,21.5,21.5,0.451322,6800
359,1984-06-04,0.0,21.75,21.5,21.75,0.45657,7300
360,1984-06-05,0.0,21.75,21.5,21.75,0.45657,13000
361,1984-06-06,0.0,21.875,21.625,21.75,0.45657,5800
362,1984-06-07,0.0,21.875,21.625,21.75,0.45657,9200
363,1984-06-08,0.0,22.0,21.75,21.875,0.459193,9400
364,1984-06-11,0.0,21.875,21.625,21.625,0.453945,2300
365,1984-06-12,0.0,21.75,21.25,21.5,0.451322,14800
366,1984-06-13,0.0,21.5,21.25,21.25,0.44607399999999997,7800
367,1984-06-14,0.0,21.375,21.25,21.25,0.44607399999999997,7000
368,1984-06-15,0.0,21.25,20.875,21.0,0.440826,15400
369,1984-06-18,0.0,21.25,21.0,21.25,0.44607399999999997,1700
370,1984-06-19,0.0,21.25,20.875,20.875,0.43820200000000004,4000
371,1984-06-20,0.0,21.25,20.875,21.25,0.44607399999999997,5300
372,1984-06-21,0.0,21.5,21.25,21.25,0.44607399999999997,6000
373,1984-06-22,0.0,21.625,21.25,21.25,0.44607399999999997,13800
374,1984-06-25,0.0,21.625,21.0,21.0,0.440826,6000
375,1984-06-26,0.0,21.125,20.875,21.0,0.440826,4400
376,1984-06-27,0.0,20.875,20.75,20.75,0.43557799999999997,2200
377,1984-06-28,0.0,20.75,20.25,20.5,0.43033000000000005,9400
378,1984-06-29,0.0,20.625,20.375,20.375,0.42770600000000003,10100
379,1984-07-02,0.0,20.75,20.375,20.75,0.43557799999999997,5800
380,1984-07-03,0.0,20.75,20.5,20.5,0.43033000000000005,10200
381,1984-07-05,0.0,20.875,20.5,20.75,0.43557799999999997,5300
382,1984-07-06,0.0,20.75,20.5,20.625,0.432954,11700
383,1984-07-09,0.0,20.875,20.75,20.875,0.43820200000000004,4000
384,1984-07-10,0.0,20.75,20.5,20.5,0.43033000000000005,12800
385,1984-07-11,0.0,20.875,20.375,20.5,0.43033000000000005,8300
386,1984-07-12,0.0,20.75,20.5,20.5,0.43033000000000005,15400
387,1984-07-13,0.0,20.75,20.5,20.625,0.432954,3900
388,1984-07-16,0.0,20.75,20.0,20.5,0.43033000000000005,4700
389,1984-07-17,0.0,20.5,20.25,20.375,0.42770600000000003,1600
390,1984-07-18,0.0,20.375,20.0,20.375,0.42770600000000003,4500
391,1984-07-19,0.0,20.375,19.75,19.75,0.41458599999999995,4200
392,1984-07-20,0.0,20.0,19.75,19.75,0.41458599999999995,8600
393,1984-07-23,0.0,19.875,19.75,19.75,0.41458599999999995,2000
394,1984-07-24,0.0,20.125,20.0,20.0,0.41983400000000004,5800
395,1984-07-25,0.0,20.25,20.0,20.25,0.42508199999999996,4100
396,1984-07-26,0.0,20.25,20.0,20.0,0.41983400000000004,1300
397,1984-07-27,0.0,20.25,19.875,20.0,0.41983400000000004,3800
398,1984-07-30,0.0,20.125,19.875,19.875,0.41721,6100
399,1984-07-31,0.0,19.875,19.25,19.25,0.40409,14000
400,1984-08-01,0.0,19.875,19.375,19.5,0.40933800000000004,7500
401,1984-08-02,0.0,19.875,19.75,19.875,0.41721,9100
402,1984-08-03,0.0,20.0,19.375,19.625,0.411962,11000
403,1984-08-06,0.0,20.125,19.625,19.875,0.41721,8200
404,1984-08-07,0.0,20.0,19.625,19.875,0.41721,12100
405,1984-08-08,0.0,20.0,19.375,19.5,0.40933800000000004,18900
406,1984-08-09,0.0,19.5,19.0,19.375,0.40671399999999996,9500
407,1984-08-10,0.0,19.625,19.125,19.375,0.40671399999999996,6100
408,1984-08-13,0.0,19.375,19.125,19.375,0.40671399999999996,3300
409,1984-08-14,0.0,19.375,19.0,19.0,0.39884200000000003,6100
410,1984-08-15,0.0,19.125,19.0,19.125,0.401466,6300
411,1984-08-16,0.0,19.125,19.0,19.125,0.401466,3800
412,1984-08-17,0.0,19.375,19.125,19.375,0.40671399999999996,12000
413,1984-08-20,0.0,19.375,19.0,19.25,0.40409,5100
414,1984-08-21,0.0,19.25,18.75,18.75,0.393594,13100
415,1984-08-22,0.0,19.25,19.0,19.25,0.40409,3600
416,1984-08-23,0.0,19.375,19.125,19.375,0.40671399999999996,15200
417,1984-08-24,0.0,19.375,19.25,19.25,0.40409,17400
418,1984-08-27,0.0,19.375,19.125,19.375,0.40671399999999996,8500
419,1984-08-28,0.0,19.375,19.125,19.25,0.40409,3000
420,1984-08-29,0.0,19.375,19.125,19.125,0.401466,22100
421,1984-08-30,0.0,19.25,19.0,19.0,0.39884200000000003,4700
422,1984-08-31,0.0,19.125,19.0,19.125,0.401466,88800
423,1984-09-04,0.0,19.125,18.875,19.0,0.39884200000000003,7200
424,1984-09-05,0.0,19.125,18.875,19.0,0.39884200000000003,11300
425,1984-09-06,0.0,19.125,19.0,19.0,0.39884200000000003,7100
426,1984-09-07,0.0,19.25,19.0,19.25,0.40409,3000
427,1984-09-10,0.0,19.25,19.125,19.25,0.40409,9600
428,1984-09-11,0.0,19.25,19.0,19.0,0.39884200000000003,17400
429,1984-09-12,0.0,19.0,18.875,19.0,0.39884200000000003,9100
430,1984-09-13,0.0,19.0,18.875,19.0,0.39884200000000003,4200
431,1984-09-14,0.0,20.0,19.125,20.0,0.41983400000000004,47000
432,1984-09-17,0.0,20.875,20.0,20.5,0.43033000000000005,9900
433,1984-09-18,0.0,20.625,20.5,20.5,0.43033000000000005,4800
434,1984-09-19,0.0,21.0,20.75,20.875,0.43820200000000004,8400
435,1984-09-20,0.0,21.125,20.875,21.0,0.440826,11800
436,1984-09-21,0.0,21.375,20.75,21.0,0.440826,16600
437,1984-09-24,0.0,21.0,20.5,20.5,0.43033000000000005,7800
438,1984-09-25,0.0,21.0,20.375,21.0,0.440826,14200
439,1984-09-26,0.0,21.0,20.5,20.75,0.43557799999999997,5600
440,1984-09-27,0.0,21.0,20.625,20.625,0.432954,6900
441,1984-09-28,0.0,20.875,20.625,20.625,0.432954,7700
442,1984-10-01,0.0,20.875,20.625,20.75,0.43557799999999997,2500
443,1984-10-02,0.0,20.875,20.625,20.625,0.432954,5700
444,1984-10-03,0.0,20.875,20.625,20.875,0.43820200000000004,3000
445,1984-10-04,0.0,20.875,20.75,20.875,0.43820200000000004,7400
446,1984-10-05,0.0,21.25,20.875,21.0,0.440826,8700
447,1984-10-08,0.0,20.75,20.5,20.5,0.43033000000000005,5100
448,1984-10-09,0.0,20.625,20.25,20.625,0.432954,5500
449,1984-10-10,0.0,20.875,20.625,20.875,0.43820200000000004,4700
450,1984-10-11,0.0,21.125,20.625,21.125,0.44345,6600
451,1984-10-12,0.0,21.375,20.875,21.375,0.44869799999999993,4500
452,1984-10-15,0.0,21.25,21.0,21.25,0.44607399999999997,7800
453,1984-10-16,0.0,21.25,20.5,20.5,0.43033000000000005,7500
454,1984-10-17,0.0,20.75,20.5,20.5,0.43033000000000005,7800
455,1984-10-18,0.0,20.25,19.75,20.0,0.41983400000000004,10800
456,1984-10-19,0.0,20.0,19.0,19.125,0.401466,15400
457,1984-10-22,0.0,19.375,18.875,18.875,0.396219,22100
458,1984-10-23,0.0,19.25,18.875,19.25,0.40409,12600
459,1984-10-24,0.0,19.375,18.75,19.25,0.40409,35400
460,1984-10-25,0.0,19.75,19.25,19.625,0.411962,8500
461,1984-10-26,0.0,19.625,19.375,19.375,0.40671399999999996,14700
462,1984-10-29,0.0,19.5,19.25,19.25,0.40409,5600
463,1984-10-30,0.0,19.75,19.125,19.625,0.411962,7200
464,1984-10-31,0.0,19.625,19.375,19.375,0.40671399999999996,2700
465,1984-11-01,0.0,19.75,19.375,19.5,0.40933800000000004,4900
466,1984-11-02,0.0,19.875,19.5,19.625,0.411962,17200
467,1984-11-05,0.0,20.0,19.75,19.75,0.41458599999999995,2500
468,1984-11-06,0.0,19.875,19.625,19.625,0.411962,6600
469,1984-11-07,0.0,19.875,19.5,19.875,0.41721,10700
470,1984-11-08,0.0,19.875,19.625,19.625,0.411962,3900
471,1984-11-09,0.0,19.875,19.75,19.75,0.41458599999999995,3500
472,1984-11-12,0.0,19.875,19.75,19.875,0.41721,4800
473,1984-11-13,0.0,19.875,19.625,19.75,0.41458599999999995,10000
474,1984-11-14,0.0,19.75,19.5,19.625,0.411962,10200
475,1984-11-15,0.0,19.75,19.5,19.5,0.40933800000000004,6200
476,1984-11-16,0.0,19.5,19.375,19.375,0.40671399999999996,10600
477,1984-11-19,0.0,19.5,19.375,19.5,0.40933800000000004,2700
478,1984-11-20,0.0,19.5,19.375,19.5,0.40933800000000004,7400
479,1984-11-21,0.0,19.5,19.25,19.375,0.40671399999999996,12400
480,1984-11-23,0.0,19.625,19.375,19.625,0.411962,3300
481,1984-11-26,0.0,19.5,19.0,19.25,0.40409,10300
482,1984-11-27,0.0,19.25,19.0,19.25,0.40409,5800
483,1984-11-28,0.0,19.25,19.125,19.25,0.40409,3200
484,1984-11-29,0.0,19.125,18.875,19.0,0.39884200000000003,8300
485,1984-11-30,0.0,19.25,19.0,19.0,0.39884200000000003,5400
486,1984-12-03,0.0,19.125,18.875,19.125,0.401466,10200
487,1984-12-04,0.0,19.25,19.0,19.125,0.401466,4800
488,1984-12-05,0.0,19.125,19.0,19.0,0.39884200000000003,17400
489,1984-12-06,0.0,19.0,18.5,18.5,0.388346,8500
490,1984-12-07,0.0,18.625,18.125,18.25,0.38309899999999997,9600
491,1984-12-10,0.0,18.375,18.125,18.25,0.38309899999999997,8500
492,1984-12-11,0.0,18.25,17.75,17.75,0.372603,19100
493,1984-12-12,0.0,17.875,17.625,17.875,0.375227,4600
494,1984-12-13,0.0,17.875,17.625,17.625,0.369979,11400
495,1984-12-14,0.0,17.5,17.25,17.25,0.362107,22100
496,1984-12-17,0.0,17.375,16.0,16.375,0.34373899999999996,35400
497,1984-12-18,0.0,17.0,16.375,17.0,0.35685900000000004,65700
498,1984-12-19,0.0,17.5,16.5,17.5,0.36735500000000004,37100
499,1984-12-20,0.0,17.375,16.75,16.875,0.35423499999999997,19000
500,1984-12-21,0.0,17.0,16.5,16.625,0.348987,20200
501,1984-12-24,0.0,17.125,16.625,16.75,0.351611,5100
502,1984-12-26,0.0,17.25,17.0,17.25,0.362107,8200
503,1984-12-27,0.0,17.625,17.25,17.25,0.362107,6200
504,1984-12-28,0.0,17.5,17.0,17.25,0.362107,13700
505,1984-12-31,0.0,17.0,16.5,16.5,0.34636300000000003,30500
506,1985-01-02,0.0,17.125,16.625,17.125,0.359483,19400
507,1985-01-03,0.0,17.25,17.0,17.125,0.359483,6200
508,1985-01-04,0.0,17.0,16.5,17.0,0.35685900000000004,21700
509,1985-01-07,0.0,16.75,16.5,16.75,0.351611,6500
510,1985-01-08,0.0,17.0,16.625,16.875,0.35423499999999997,6300
511,1985-01-09,0.0,17.0,16.625,16.75,0.355937,13400
512,1985-01-10,0.0,17.125,16.75,16.875,0.358594,23300
513,1985-01-11,0.0,17.125,16.875,17.0,0.36125,3000
514,1985-01-14,0.0,17.125,16.875,17.125,0.363906,14500
515,1985-01-15,0.0,17.875,17.375,17.625,0.374531,14200
516,1985-01-16,0.0,17.625,17.25,17.25,0.366562,7300
517,1985-01-17,0.0,17.625,17.125,17.375,0.369218,13000
518,1985-01-18,0.0,18.125,17.375,18.0,0.382499,7000
519,1985-01-21,0.0,18.375,18.0,18.0,0.382499,31400
520,1985-01-22,0.0,18.375,18.0,18.125,0.385156,13300
521,1985-01-23,0.0,18.375,18.0,18.0,0.382499,19000
522,1985-01-24,0.0,18.125,17.875,17.875,0.379843,24400
523,1985-01-25,0.0,18.0,17.875,17.875,0.379843,8300
524,1985-01-28,0.0,18.0,17.75,17.75,0.377187,6000
525,1985-01-29,0.0,17.75,17.5,17.625,0.374531,1900
526,1985-01-30,0.0,17.75,17.625,17.75,0.377187,8200
527,1985-01-31,0.0,17.75,17.625,17.75,0.377187,15300
528,1985-02-01,0.0,18.0,17.75,17.875,0.379843,5300
529,1985-02-04,0.0,17.875,17.75,17.75,0.377187,24400
530,1985-02-05,0.0,17.875,17.75,17.875,0.379843,24900
531,1985-02-06,0.0,18.125,17.625,17.875,0.379843,12500
532,1985-02-07,0.0,18.5,18.0,18.5,0.393124,12800
533,1985-02-08,0.0,18.5,17.875,17.875,0.384135,10800
534,1985-02-11,0.0,18.0,17.75,18.0,0.386821,12300
535,1985-02-12,0.0,18.125,17.75,18.0,0.386821,35400
536,1985-02-13,0.0,18.0,17.875,18.0,0.386821,8900
537,1985-02-14,0.0,18.0,17.875,18.0,0.386821,7500
538,1985-02-15,0.0,18.25,17.875,18.0,0.386821,22900
539,1985-02-19,0.0,18.0,17.625,17.875,0.384135,16200
540,1985-02-20,0.0,18.0,17.75,17.875,0.384135,13100
541,1985-02-21,0.0,17.875,17.75,17.875,0.384135,13500
542,1985-02-22,0.0,18.25,18.125,18.25,0.39219499999999996,5700
543,1985-02-25,0.0,18.25,18.125,18.125,0.38950799999999997,7100
544,1985-02-26,0.0,18.125,17.875,18.125,0.38950799999999997,10400
545,1985-02-27,0.0,18.125,17.875,17.875,0.384135,20500
546,1985-02-28,0.0,18.0,17.75,18.0,0.386821,11600
547,1985-03-01,0.0,18.0,17.75,17.875,0.384135,6900
548,1985-03-04,0.0,17.75,17.5,17.75,0.381449,8900
549,1985-03-05,0.0,17.75,17.625,17.75,0.381449,13600
550,1985-03-06,0.0,17.75,17.625,17.625,0.378763,7900
551,1985-03-07,0.0,17.75,17.625,17.75,0.381449,18200
552,1985-03-08,0.0,17.75,17.625,17.625,0.378763,11100
553,1985-03-11,0.0,17.625,17.5,17.625,0.383378,3400
554,1985-03-12,0.0,17.625,17.5,17.625,0.383378,8100
555,1985-03-13,0.0,17.625,17.25,17.375,0.37794,17100
556,1985-03-14,0.0,17.375,17.0,17.0,0.369784,25200
557,1985-03-15,0.0,17.125,17.0,17.125,0.37250300000000003,16900
558,1985-03-18,0.0,17.125,16.875,17.125,0.37250300000000003,3600
559,1985-03-19,0.0,17.375,17.0,17.375,0.37794,8900
560,1985-03-20,0.0,17.375,17.0,17.0,0.369784,88100
561,1985-03-21,0.0,17.125,16.875,16.875,0.367064,5800
562,1985-03-22,0.0,17.0,16.625,16.75,0.364346,8600
563,1985-03-25,0.0,16.875,16.5,16.5,0.358908,8700
564,1985-03-26,0.0,17.0,16.5,17.0,0.369784,19200
565,1985-03-27,0.0,16.875,16.75,16.75,0.364346,5700
566,1985-03-28,0.0,17.0,16.75,17.0,0.369784,8700
567,1985-03-29,0.0,17.0,16.75,16.75,0.364346,13300
568,1985-04-01,0.0,17.0,16.75,17.0,0.369784,11700
569,1985-04-02,0.0,17.0,16.875,17.0,0.369784,22100
570,1985-04-03,0.0,17.0,16.75,16.75,0.364346,15800
571,1985-04-04,0.0,17.0,16.625,16.875,0.367064,16000
572,1985-04-08,0.0,17.0,16.875,17.0,0.369784,19400
573,1985-04-09,0.0,17.0,16.75,16.875,0.37206100000000003,19800
574,1985-04-10,0.0,17.0,16.875,17.0,0.374817,18300
575,1985-04-11,0.0,17.0,16.875,16.875,0.37206100000000003,27700
576,1985-04-12,0.0,17.0,16.875,16.875,0.37206100000000003,19500
577,1985-04-15,0.0,17.0,16.75,16.875,0.37206100000000003,3800
578,1985-04-16,0.0,16.875,16.625,16.75,0.369305,17200
579,1985-04-17,0.0,16.875,16.75,16.875,0.37206100000000003,33400
580,1985-04-18,0.0,16.875,16.75,16.875,0.37206100000000003,21600
581,1985-04-19,0.0,16.875,16.75,16.75,0.369305,25600
582,1985-04-22,0.0,16.75,16.625,16.75,0.369305,20400
583,1985-04-23,0.0,16.875,16.25,16.5,0.363793,31100
584,1985-04-24,0.0,16.5,16.25,16.25,0.358281,26100
585,1985-04-25,0.0,16.75,16.25,16.75,0.369305,29400
586,1985-04-26,0.0,16.875,16.625,16.875,0.37206100000000003,17200
587,1985-04-29,0.0,16.875,16.625,16.875,0.37206100000000003,9900
588,1985-04-30,0.0,17.0,16.75,17.0,0.374817,14900
589,1985-05-01,0.0,17.25,16.75,17.25,0.380329,19500
590,1985-05-02,0.0,17.5,17.25,17.375,0.383085,16400
591,1985-05-03,0.0,17.5,17.125,17.125,0.377573,39800
592,1985-05-06,0.0,17.25,17.0,17.25,0.380329,14400
593,1985-05-07,0.0,17.125,17.0,17.0,0.374817,69200
594,1985-05-08,0.0,17.125,16.875,17.0,0.374817,25900
595,1985-05-09,0.0,16.875,16.75,16.875,0.376849,14200
596,1985-05-10,0.0,17.0,16.875,17.0,0.379641,11400
597,1985-05-13,0.0,17.0,16.875,16.875,0.376849,14200
598,1985-05-14,0.0,17.0,16.875,16.875,0.376849,19700
599,1985-05-15,0.0,16.875,16.625,16.875,0.376849,26400
600,1985-05-16,0.0,16.875,16.625,16.75,0.374058,18500
601,1985-05-17,0.0,16.75,16.625,16.75,0.374058,7500
602,1985-05-20,0.0,16.75,16.625,16.75,0.374058,21500
603,1985-05-21,0.0,16.875,16.625,16.875,0.376849,30000
604,1985-05-22,0.0,17.25,16.875,17.25,0.38522399999999996,40400
605,1985-05-23,0.0,17.75,17.125,17.75,0.39639,16000
606,1985-05-24,0.0,17.875,17.5,17.75,0.39639,17900
607,1985-05-28,0.0,18.0,17.375,17.75,0.39639,27600
608,1985-05-29,0.0,17.75,17.25,17.25,0.38522399999999996,27400
609,1985-05-30,0.0,17.375,17.125,17.125,0.38243299999999997,13900
610,1985-05-31,0.0,17.125,16.875,17.0,0.379641,28400
611,1985-06-03,0.0,17.0,16.5,16.5,0.368475,18400
612,1985-06-04,0.0,17.0,16.75,16.875,0.376849,23700
613,1985-06-05,0.0,17.0,16.75,17.0,0.379641,28600
614,1985-06-06,0.0,17.625,17.125,17.625,0.393598,59300
615,1985-06-07,0.0,17.625,17.25,17.25,0.38522399999999996,15100
616,1985-06-10,0.0,17.875,17.25,17.75,0.39639,20500
617,1985-06-11,0.0,17.5,17.25,17.375,0.392949,10000
618,1985-06-12,0.0,17.625,17.25,17.5,0.395777,27400
619,1985-06-13,0.0,17.5,17.25,17.25,0.390123,6000
620,1985-06-14,0.0,17.375,17.125,17.375,0.392949,10000
621,1985-06-17,0.0,17.625,17.25,17.625,0.39860300000000004,7500
622,1985-06-18,0.0,17.625,17.25,17.625,0.39860300000000004,17100
623,1985-06-19,0.0,17.75,17.5,17.625,0.39860300000000004,20200
624,1985-06-20,0.0,17.625,17.0,17.25,0.390123,15200
625,1985-06-21,0.0,17.625,17.25,17.5,0.395777,24200
626,1985-06-24,0.0,17.75,17.25,17.625,0.39860300000000004,14300
627,1985-06-25,0.0,17.875,17.5,17.625,0.39860300000000004,26200
628,1985-06-26,0.0,17.75,17.5,17.75,0.401431,11500
629,1985-06-27,0.0,17.75,17.375,17.625,0.39860300000000004,14100
630,1985-06-28,0.0,17.875,17.5,17.5,0.395777,24500
631,1985-07-01,0.0,17.625,17.375,17.5,0.395777,18400
632,1985-07-02,0.0,17.75,17.25,17.625,0.39860300000000004,19200
633,1985-07-03,0.0,17.875,16.5,16.875,0.381642,37600
634,1985-07-05,0.0,17.125,16.25,17.125,0.38729600000000003,16100
635,1985-07-08,0.0,17.5,16.875,17.375,0.392949,6000
636,1985-07-09,0.0,17.625,17.25,17.625,0.402212,17600
637,1985-07-10,0.0,17.875,17.5,17.75,0.405065,27000
638,1985-07-11,0.0,17.5,17.125,17.25,0.39365500000000003,33100
639,1985-07-12,0.0,17.25,17.125,17.25,0.39365500000000003,9200
640,1985-07-15,0.0,17.125,16.75,16.875,0.38509699999999997,43900
641,1985-07-16,0.0,16.875,16.625,16.625,0.379392,14900
642,1985-07-17,0.0,16.875,16.625,16.75,0.382245,10300
643,1985-07-18,0.0,16.875,16.5,16.875,0.38509699999999997,5800
644,1985-07-19,0.0,17.25,16.875,17.125,0.390802,11500
645,1985-07-22,0.0,17.125,16.75,17.0,0.38795,18000
646,1985-07-23,0.0,17.25,16.75,17.25,0.39365500000000003,4400
647,1985-07-24,0.0,17.25,16.875,17.0,0.38795,9500
648,1985-07-25,0.0,17.0,16.625,16.75,0.382245,21000
649,1985-07-26,0.0,16.75,16.625,16.75,0.382245,12100
650,1985-07-29,0.0,16.75,16.625,16.75,0.382245,21300
651,1985-07-30,0.0,17.0,16.625,16.875,0.38509699999999997,27700
652,1985-07-31,0.0,17.0,16.75,17.0,0.38795,43100
653,1985-08-01,0.0,17.125,16.875,17.0,0.38795,34700
654,1985-08-02,0.0,17.125,17.0,17.125,0.390802,32500
655,1985-08-05,0.0,17.125,16.75,17.0,0.38795,51600
656,1985-08-06,0.0,17.25,16.875,17.25,0.39365500000000003,38800
657,1985-08-07,0.0,17.375,17.25,17.375,0.396507,39100
658,1985-08-08,0.0,17.625,17.25,17.625,0.402212,35900
659,1985-08-09,0.0,17.875,17.5,17.75,0.410275,83600
660,1985-08-12,0.0,17.75,17.5,17.75,0.410275,35300
661,1985-08-13,0.0,17.875,17.625,17.625,0.407385,28700
662,1985-08-14,0.0,17.75,17.25,17.25,0.39871799999999996,31700
663,1985-08-15,0.0,17.75,17.375,17.75,0.410275,15700
664,1985-08-16,0.0,17.75,17.25,17.75,0.410275,28600
665,1985-08-19,0.0,18.625,17.0,17.0,0.392939,77700
666,1985-08-20,0.0,17.875,17.25,17.875,0.41316400000000003,17200
667,1985-08-21,0.0,18.125,17.625,18.125,0.418942,16000
668,1985-08-22,0.0,18.0,17.875,17.875,0.41316400000000003,8800
669,1985-08-23,0.0,18.0,17.875,18.0,0.41605299999999995,12200
670,1985-08-26,0.0,18.0,17.75,18.0,0.41605299999999995,20200
671,1985-08-27,0.0,18.0,17.875,18.0,0.41605299999999995,16100
672,1985-08-28,0.0,18.0,17.75,18.0,0.41605299999999995,21000
673,1985-08-29,0.0,18.0,17.75,18.0,0.41605299999999995,25200
674,1985-08-30,0.0,18.0,17.75,17.75,0.410275,15300
675,1985-09-03,0.0,18.0,17.875,18.0,0.41605299999999995,18500
676,1985-09-04,0.0,18.0,17.875,18.0,0.41605299999999995,22900
677,1985-09-05,0.0,18.125,17.875,18.125,0.418942,17400
678,1985-09-06,0.0,18.625,18.125,18.5,0.42761000000000005,26900
679,1985-09-09,0.0,18.75,18.375,18.375,0.424721,32100
680,1985-09-10,0.0,18.25,18.125,18.25,0.426396,17200
681,1985-09-11,0.0,18.25,18.0,18.25,0.426396,13500
682,1985-09-12,0.0,18.25,18.125,18.25,0.426396,11000
683,1985-09-13,0.0,18.25,18.0,18.125,0.423476,13200
684,1985-09-16,0.0,18.25,18.0,18.25,0.426396,10700
685,1985-09-17,0.0,18.25,17.75,17.75,0.414714,28200
686,1985-09-18,0.0,17.75,17.375,17.5,0.408873,38300
687,1985-09-19,0.0,17.625,17.375,17.5,0.408873,26400
688,1985-09-20,0.0,17.75,17.5,17.75,0.414714,11700
689,1985-09-23,0.0,17.875,17.625,17.875,0.417634,14300
690,1985-09-24,0.0,18.0,17.75,17.875,0.417634,11400
691,1985-09-25,0.0,18.0,17.875,18.0,0.420555,12100
692,1985-09-26,0.0,18.0,17.875,18.0,0.420555,5300
693,1985-09-30,0.0,18.5,18.125,18.5,0.432237,13200
694,1985-10-01,0.0,18.875,18.125,18.125,0.423476,18800
695,1985-10-02,0.0,18.375,18.0,18.375,0.429317,14000
696,1985-10-03,0.0,18.5,18.0,18.5,0.432237,15900
697,1985-10-04,0.0,18.625,18.0,18.0,0.420555,26600
698,1985-10-07,0.0,18.0,17.75,18.0,0.420555,9600
699,1985-10-08,0.0,17.875,17.25,17.25,0.406196,12300
700,1985-10-09,0.0,17.875,17.25,17.5,0.412083,12500
701,1985-10-10,0.0,17.75,17.5,17.5,0.412083,4900
702,1985-10-11,0.0,17.875,17.625,17.75,0.41797,9200
703,1985-10-14,0.0,17.75,17.5,17.75,0.41797,2900
704,1985-10-15,0.0,17.75,17.375,17.375,0.409139,7700
705,1985-10-16,0.0,17.75,17.375,17.5,0.412083,12300
706,1985-10-17,0.0,17.625,17.375,17.625,0.415026,9900
707,1985-10-18,0.0,17.75,17.5,17.75,0.41797,5900
708,1985-10-21,0.0,17.625,17.5,17.5,0.412083,6100
709,1985-10-22,0.0,17.625,17.375,17.5,0.412083,11000
710,1985-10-23,0.0,17.625,17.375,17.625,0.415026,13000
711,1985-10-24,0.0,17.625,17.5,17.625,0.415026,6400
712,1985-10-25,0.0,17.625,17.375,17.375,0.409139,5000
713,1985-10-28,0.0,17.5,17.375,17.5,0.412083,4200
714,1985-10-29,0.0,17.5,17.25,17.375,0.409139,12600
715,1985-10-30,0.0,17.5,17.0,17.125,0.40325300000000003,41300
716,1985-10-31,0.0,17.0,16.5,16.5,0.388536,39300
717,1985-11-01,0.0,16.75,16.5,16.75,0.394422,22000
718,1985-11-04,0.0,16.75,16.5,16.75,0.394422,10400
719,1985-11-05,0.0,16.75,16.25,16.5,0.388536,54500
720,1985-11-06,0.0,16.75,16.375,16.625,0.391479,20600
721,1985-11-07,0.0,16.75,16.5,16.75,0.394422,14000
722,1985-11-08,0.0,16.5,16.25,16.375,0.389875,8800
723,1985-11-11,0.0,16.5,16.125,16.375,0.389875,13700
724,1985-11-12,0.0,16.5,16.125,16.5,0.392851,18600
725,1985-11-13,0.0,16.375,16.0,16.0,0.380946,25000
726,1985-11-14,0.0,16.0,15.5,15.625,0.372017,30000
727,1985-11-15,0.0,15.875,15.625,15.875,0.37797,29200
728,1985-11-18,0.0,15.875,15.5,15.5,0.369041,19700
729,1985-11-19,0.0,15.875,15.625,15.875,0.37797,34800
730,1985-11-20,0.0,16.25,15.875,16.25,0.386899,10500
731,1985-11-21,0.0,16.25,16.0,16.25,0.386899,10700
732,1985-11-22,0.0,16.25,15.75,16.0,0.380946,14400
733,1985-11-25,0.0,16.25,15.75,15.875,0.37797,17300
734,1985-11-26,0.0,16.5,15.75,16.25,0.386899,13500
735,1985-11-27,0.0,16.25,15.5,15.625,0.372017,63500
736,1985-11-29,0.0,15.875,15.625,15.875,0.37797,16800
737,1985-12-02,0.0,15.875,15.25,15.25,0.363089,45700
738,1985-12-03,0.0,15.375,15.0,15.0,0.357137,43400
739,1985-12-04,0.0,15.375,14.75,14.75,0.35118499999999997,47400
740,1985-12-05,0.0,15.0,14.625,14.625,0.348208,33300
741,1985-12-06,0.0,15.375,14.625,15.125,0.360113,63400
742,1985-12-09,0.0,15.0,14.5,14.625,0.348208,25300
743,1985-12-10,0.0,14.375,13.625,13.625,0.327675,84000
744,1985-12-11,0.0,13.875,13.375,13.75,0.330681,94500
745,1985-12-12,0.0,14.125,13.625,13.875,0.333687,46500
746,1985-12-13,0.0,14.75,13.75,14.75,0.354731,63500
747,1985-12-16,0.0,14.75,14.5,14.75,0.354731,15400
748,1985-12-17,0.0,14.75,14.125,14.25,0.342706,85000
749,1985-12-18,0.0,14.0,13.5,13.75,0.330681,65100
750,1985-12-19,0.0,14.125,13.75,14.0,0.336694,54900
751,1985-12-20,0.0,14.25,13.875,14.125,0.3397,64900
752,1985-12-23,0.0,14.25,14.0,14.125,0.3397,36800
753,1985-12-24,0.0,14.0,13.5,13.5,0.324669,30400
754,1985-12-26,0.0,14.0,13.625,13.875,0.333687,17800
755,1985-12-27,0.0,14.75,13.75,14.625,0.351724,21000
756,1985-12-30,0.0,14.75,14.0,14.125,0.3397,24200
757,1985-12-31,0.0,14.25,13.75,13.875,0.333687,63300
758,1986-01-02,0.0,14.375,13.875,14.125,0.3397,5700
759,1986-01-03,0.0,14.75,14.25,14.625,0.351724,11900
760,1986-01-06,0.0,14.875,14.625,14.875,0.35773699999999997,7100
761,1986-01-07,0.0,15.125,14.875,15.125,0.363749,17200
762,1986-01-08,0.0,15.5,14.75,14.75,0.354731,138200
763,1986-01-09,0.0,14.5,14.25,14.25,0.346339,14400
764,1986-01-10,0.0,14.5,14.125,14.125,0.3433,9200
765,1986-01-13,0.0,14.5,14.125,14.5,0.35241500000000003,20000
766,1986-01-14,0.0,14.75,14.5,14.75,0.358491,35600
767,1986-01-15,0.0,14.75,14.375,14.75,0.358491,16500
768,1986-01-16,0.0,14.75,14.625,14.75,0.358491,17900
769,1986-01-17,0.0,14.625,14.375,14.625,0.355452,18700
770,1986-01-20,0.0,14.625,14.375,14.375,0.349377,29700
771,1986-01-21,0.0,14.5,14.125,14.25,0.346339,21900
772,1986-01-22,0.0,14.125,13.75,13.875,0.33722399999999997,32300
773,1986-01-23,0.0,13.875,13.0,13.375,0.32507199999999997,62900
774,1986-01-24,0.0,13.625,13.375,13.625,0.331148,12500
775,1986-01-27,0.0,13.5,13.125,13.5,0.32811,27000
776,1986-01-28,0.0,13.5,12.5,12.5,0.303806,88900
777,1986-01-29,0.0,12.75,12.375,12.625,0.306844,28200
778,1986-01-30,0.0,12.75,12.5,12.75,0.309882,16300
779,1986-01-31,0.0,13.0,12.625,13.0,0.315958,19000
780,1986-02-03,0.0,13.0,12.625,12.875,0.31292,19000
781,1986-02-04,0.0,12.875,12.375,12.5,0.303806,28100
782,1986-02-05,0.0,12.5,12.0,12.0,0.291653,28400
783,1986-02-06,0.0,12.5,11.75,12.375,0.300768,84600
784,1986-02-07,0.0,13.5,12.25,13.5,0.32811,30400
785,1986-02-10,0.0,13.875,13.25,13.75,0.33418600000000004,23000
786,1986-02-11,0.0,13.875,13.25,13.625,0.336108,31400
787,1986-02-12,0.0,14.0,13.625,13.625,0.336108,16800
788,1986-02-13,0.0,13.5,12.875,12.875,0.31760700000000003,23500
789,1986-02-14,0.0,13.0,12.5,12.5,0.308356,39900
790,1986-02-18,0.0,12.5,11.875,12.0,0.296021,26100
791,1986-02-19,0.0,12.25,11.875,12.125,0.299105,14000
792,1986-02-20,0.0,12.5,12.0,12.25,0.302189,15000
793,1986-02-21,0.0,12.75,12.25,12.75,0.314523,17900
794,1986-02-24,0.0,13.375,12.75,13.125,0.32377399999999995,11600
795,1986-02-25,0.0,13.875,13.125,13.875,0.342275,32500
796,1986-02-26,0.0,13.875,13.625,13.625,0.336108,20700
797,1986-02-27,0.0,13.625,13.25,13.25,0.326857,13000
798,1986-02-28,0.0,13.5,13.125,13.375,0.329941,22500
799,1986-03-03,0.0,13.5,13.125,13.375,0.329941,18900
800,1986-03-04,0.0,14.0,13.125,13.625,0.336108,23200
801,1986-03-05,0.0,13.625,13.25,13.5,0.333024,21300
802,1986-03-06,0.0,13.75,13.5,13.75,0.33919099999999996,18700
803,1986-03-07,0.0,13.75,13.0,13.125,0.32377399999999995,19100
804,1986-03-10,0.0,13.25,13.0,13.125,0.32377399999999995,14900
805,1986-03-11,0.0,13.125,12.75,13.125,0.32711599999999996,11900
806,1986-03-12,0.0,13.875,13.375,13.375,0.333347,33100
807,1986-03-13,0.0,13.5,13.125,13.125,0.32711599999999996,34900
808,1986-03-14,0.0,13.25,12.875,13.0,0.32400100000000004,22300
809,1986-03-17,0.0,13.0,12.375,12.625,0.314654,20900
810,1986-03-18,0.0,12.625,12.375,12.625,0.314654,49900
811,1986-03-19,0.0,12.875,12.25,12.25,0.30530799999999997,31300
812,1986-03-20,0.0,12.375,12.0,12.25,0.30530799999999997,28700
813,1986-03-21,0.0,12.5,12.0,12.25,0.30530799999999997,24500
814,1986-03-24,0.0,12.75,12.25,12.5,0.311539,11300
815,1986-03-25,0.0,12.875,12.375,12.625,0.314654,11800
816,1986-03-26,0.0,12.75,12.5,12.75,0.31777,7400
817,1986-03-27,0.0,13.25,12.75,13.25,0.330231,7500
818,1986-03-31,0.0,13.0,12.875,13.0,0.32400100000000004,12100
819,1986-04-01,0.0,12.75,12.25,12.375,0.308424,17000
820,1986-04-02,0.0,12.75,12.375,12.625,0.314654,17300
821,1986-04-03,0.0,12.875,12.5,12.5,0.311539,26800
822,1986-04-04,0.0,12.875,12.5,12.75,0.31777,13600
823,1986-04-07,0.0,12.875,12.5,12.875,0.320885,25600
824,1986-04-08,0.0,13.0,12.75,13.0,0.32400100000000004,27200
825,1986-04-09,0.0,12.75,12.5,12.625,0.318709,6600
826,1986-04-10,0.0,13.0,12.5,12.75,0.321865,22500
827,1986-04-11,0.0,13.0,12.625,13.0,0.328176,8300
828,1986-04-14,0.0,13.125,12.625,12.875,0.32502,13700
829,1986-04-15,0.0,13.0,12.75,13.0,0.328176,6100
830,1986-04-16,0.0,13.0,12.5,12.625,0.318709,20600
831,1986-04-17,0.0,12.75,11.875,12.0,0.30293200000000003,55700
832,1986-04-18,0.0,12.0,11.625,11.75,0.29662,34900
833,1986-04-21,0.0,12.0,11.625,11.75,0.29662,27000
834,1986-04-22,0.0,11.875,11.5,11.75,0.29662,24500
835,1986-04-23,0.0,12.25,11.625,12.25,0.309243,16000
836,1986-04-24,0.0,12.375,11.875,11.875,0.29977600000000004,22300
837,1986-04-25,0.0,12.125,11.875,11.875,0.29977600000000004,17200
838,1986-04-28,0.0,12.0,11.875,11.875,0.29977600000000004,5900
839,1986-04-29,0.0,12.25,11.875,12.25,0.309243,12400
840,1986-04-30,0.0,12.375,12.0,12.375,0.312398,8600
841,1986-05-01,0.0,12.875,12.125,12.625,0.318709,25000
842,1986-05-02,0.0,12.875,12.375,12.625,0.318709,11100
843,1986-05-05,0.0,12.875,12.5,12.875,0.32502,15100
844,1986-05-06,0.0,13.0,12.5,12.625,0.318709,23400
845,1986-05-07,0.0,12.875,12.625,12.75,0.321865,8700
846,1986-05-08,0.0,14.0,12.75,14.0,0.35341999999999996,30900
847,1986-05-09,0.0,14.375,13.875,14.0,0.35651900000000003,32500
848,1986-05-12,0.0,14.625,14.0,14.375,0.366069,33900
849,1986-05-13,0.0,14.5,14.25,14.375,0.366069,19000
850,1986-05-14,0.0,14.375,14.0,14.25,0.362886,16700
851,1986-05-15,0.0,14.25,13.625,13.875,0.35333600000000004,36200
852,1986-05-16,0.0,14.125,13.875,14.125,0.359703,29500
853,1986-05-19,0.0,14.5,14.125,14.25,0.362886,14700
854,1986-05-20,0.0,14.25,14.0,14.125,0.359703,19100
855,1986-05-21,0.0,14.125,13.625,13.625,0.34697,13100
856,1986-05-22,0.0,13.875,13.5,13.875,0.35333600000000004,20200
857,1986-05-23,0.0,14.0,13.75,14.0,0.35651900000000003,15700
858,1986-05-27,0.0,14.125,13.75,13.875,0.35333600000000004,11700
859,1986-05-28,0.0,14.0,13.5,13.75,0.35015300000000005,16200
860,1986-05-29,0.0,13.625,13.5,13.5,0.343787,6100
861,1986-05-30,0.0,13.5,13.125,13.25,0.33742,15000
862,1986-06-02,0.0,13.5,12.875,13.0,0.331054,16300
863,1986-06-03,0.0,13.125,12.75,12.75,0.324687,10900
864,1986-06-04,0.0,13.0,12.5,13.0,0.331054,11000
865,1986-06-05,0.0,13.125,12.875,13.125,0.334237,4500
866,1986-06-06,0.0,13.25,13.0,13.25,0.33742,6500
867,1986-06-09,0.0,13.125,13.0,13.125,0.334237,6600
868,1986-06-10,0.0,13.125,13.0,13.0,0.333911,12100
869,1986-06-11,0.0,13.5,13.125,13.5,0.346754,16600
870,1986-06-12,0.0,13.625,13.125,13.375,0.343543,5600
871,1986-06-13,0.0,14.0,13.375,14.0,0.359596,17000
872,1986-06-16,0.0,14.0,13.5,13.5,0.346754,7400
873,1986-06-17,0.0,13.75,13.375,13.375,0.343543,4800
874,1986-06-18,0.0,13.75,13.5,13.5,0.346754,9300
875,1986-06-19,0.0,13.5,13.0,13.0,0.333911,8100
876,1986-06-20,0.0,13.125,12.75,13.125,0.337121,12200
877,1986-06-23,0.0,13.125,12.875,13.0,0.333911,7000
878,1986-06-24,0.0,13.0,12.875,12.875,0.3307,6700
879,1986-06-25,0.0,13.0,12.875,13.0,0.333911,7500
880,1986-06-26,0.0,13.0,12.625,12.625,0.324279,10600
881,1986-06-27,0.0,12.875,12.625,12.625,0.324279,11800
882,1986-06-30,0.0,12.75,12.5,12.5,0.32106799999999996,11300
883,1986-07-01,0.0,12.625,12.5,12.5,0.32106799999999996,6900
884,1986-07-02,0.0,12.75,12.5,12.75,0.327489,16000
885,1986-07-03,0.0,13.125,12.625,12.875,0.3307,7400
886,1986-07-07,0.0,13.0,12.75,12.75,0.327489,5100
887,1986-07-08,0.0,13.125,12.75,13.125,0.337121,10400
888,1986-07-09,0.0,13.25,12.875,13.125,0.339889,27500
889,1986-07-10,0.0,13.25,13.0,13.0,0.33665300000000004,4600
890,1986-07-11,0.0,13.375,13.0,13.0,0.33665300000000004,8200
891,1986-07-14,0.0,12.875,12.375,12.375,0.320468,14000
892,1986-07-15,0.0,12.625,12.375,12.625,0.326942,24800
893,1986-07-16,0.0,12.875,12.375,12.375,0.320468,12200
894,1986-07-17,0.0,12.625,12.375,12.625,0.326942,5900
895,1986-07-18,0.0,12.625,12.5,12.5,0.323704,3400
896,1986-07-21,0.0,12.875,12.375,12.5,0.323704,13000
897,1986-07-22,0.0,12.75,12.25,12.375,0.320468,15700
898,1986-07-23,0.0,12.25,12.0,12.0,0.310756,13100
899,1986-07-24,0.0,12.25,11.875,11.875,0.307519,16400
900,1986-07-25,0.0,11.875,11.625,11.625,0.301045,8800
901,1986-07-28,0.0,11.875,11.625,11.625,0.301045,10500
902,1986-07-29,0.0,11.75,11.25,11.25,0.29133400000000004,12900
903,1986-07-30,0.0,11.5,11.125,11.5,0.297808,7700
904,1986-07-31,0.0,11.75,11.25,11.5,0.297808,11600
905,1986-08-01,0.0,11.5,11.25,11.25,0.29133400000000004,4400
906,1986-08-04,0.0,11.5,10.875,11.375,0.294571,59300
907,1986-08-05,0.0,12.625,11.75,12.5,0.323704,42200
908,1986-08-06,0.0,13.0,12.75,13.0,0.33665300000000004,13300
909,1986-08-07,0.0,13.0,12.75,12.875,0.333416,8600
910,1986-08-08,0.0,12.75,12.125,12.125,0.31399299999999997,11700
911,1986-08-11,0.0,12.5,12.125,12.25,0.31957399999999997,5300
912,1986-08-12,0.0,12.5,12.125,12.5,0.32609499999999997,12500
913,1986-08-13,0.0,12.5,12.0,12.0,0.313051,7500
914,1986-08-14,0.0,12.25,12.0,12.0,0.313051,4500
915,1986-08-15,0.0,12.5,12.25,12.5,0.32609499999999997,20100
916,1986-08-18,0.0,12.5,12.25,12.25,0.31957399999999997,2200
917,1986-08-19,0.0,12.875,12.5,12.875,0.335878,25700
918,1986-08-20,0.0,12.75,12.5,12.625,0.329356,8100
919,1986-08-21,0.0,12.75,12.5,12.625,0.329356,4400
920,1986-08-22,0.0,12.75,12.5,12.5,0.32609499999999997,7900
921,1986-08-25,0.0,12.75,12.5,12.625,0.329356,4200
922,1986-08-26,0.0,13.375,12.625,13.375,0.34892199999999995,22400
923,1986-08-27,0.0,13.75,13.375,13.375,0.34892199999999995,9800
924,1986-08-28,0.0,13.375,13.125,13.125,0.3424,4400
925,1986-08-29,0.0,13.375,13.0,13.25,0.345661,5300
926,1986-09-02,0.0,13.625,12.875,13.5,0.35218299999999997,12500
927,1986-09-03,0.0,14.125,13.625,14.0,0.365226,24200
928,1986-09-04,0.0,14.375,14.0,14.125,0.36848800000000004,22800
929,1986-09-05,0.0,14.5,14.0,14.5,0.378271,25200
930,1986-09-08,0.0,14.5,14.25,14.5,0.378271,11500
931,1986-09-09,0.0,14.25,13.875,14.125,0.371377,6300
932,1986-09-10,0.0,14.0,13.625,13.75,0.36151700000000003,16600
933,1986-09-11,0.0,13.75,13.0,13.125,0.345084,20600
934,1986-09-12,0.0,13.875,13.125,13.625,0.358231,7500
935,1986-09-15,0.0,13.875,13.625,13.75,0.36151700000000003,7900
936,1986-09-16,0.0,13.5,13.0,13.0,0.341798,13900
937,1986-09-17,0.0,13.25,12.875,13.125,0.345084,26600
938,1986-09-18,0.0,13.375,13.125,13.125,0.345084,8900
939,1986-09-19,0.0,13.25,13.0,13.0,0.341798,9200
940,1986-09-22,0.0,13.125,13.0,13.0,0.341798,6300
941,1986-09-23,0.0,13.25,13.0,13.0,0.341798,12700
942,1986-09-24,0.0,13.25,13.0,13.0,0.341798,10200
943,1986-09-25,0.0,13.125,12.875,13.0,0.341798,4400
944,1986-09-26,0.0,13.0,12.875,12.875,0.338512,7400
945,1986-09-29,0.0,13.125,13.0,13.0,0.341798,1100
946,1986-09-30,0.0,13.25,13.0,13.25,0.348371,26400
947,1986-10-01,0.0,13.25,13.125,13.25,0.348371,4300
948,1986-10-02,0.0,13.375,13.125,13.375,0.35165799999999997,4100
949,1986-10-03,0.0,13.375,13.25,13.25,0.348371,345800
950,1986-10-06,0.0,13.25,13.125,13.125,0.345084,34300
951,1986-10-07,0.0,13.5,13.25,13.5,0.35494499999999995,2800
952,1986-10-08,0.0,13.375,13.25,13.25,0.351454,5600
953,1986-10-09,0.0,13.375,13.25,13.25,0.351454,3800
954,1986-10-10,0.0,13.375,13.25,13.25,0.351454,25600
955,1986-10-13,0.0,13.375,13.25,13.375,0.354769,12500
956,1986-10-14,0.0,13.375,13.0,13.0,0.34482199999999996,3100
957,1986-10-15,0.0,13.375,13.0,13.375,0.354769,9500
958,1986-10-16,0.0,13.375,13.25,13.25,0.351454,6200
959,1986-10-17,0.0,13.625,13.25,13.375,0.354769,13000
960,1986-10-20,0.0,13.625,13.125,13.375,0.354769,12000
961,1986-10-21,0.0,13.375,13.125,13.375,0.354769,4100
962,1986-10-22,0.0,13.5,13.25,13.5,0.358085,7500
963,1986-10-23,0.0,14.0,13.5,13.875,0.368032,14600
964,1986-10-24,0.0,14.5,13.75,13.75,0.364716,39700
965,1986-10-27,0.0,13.875,13.5,13.625,0.3614,8500
966,1986-10-28,0.0,13.75,13.5,13.5,0.358085,14500
967,1986-10-29,0.0,13.625,13.375,13.5,0.358085,12900
968,1986-10-30,0.0,13.5,13.375,13.375,0.354769,9200
969,1986-10-31,0.0,13.5,13.25,13.375,0.354769,30200
970,1986-11-03,0.0,13.5,13.25,13.25,0.351454,8900
971,1986-11-04,0.0,13.375,13.25,13.375,0.354769,9900
972,1986-11-05,0.0,13.5,13.25,13.5,0.358085,6500
973,1986-11-06,0.0,13.5,13.25,13.25,0.351454,7600
974,1986-11-07,0.0,13.375,13.125,13.25,0.351454,7500
975,1986-11-10,0.0,13.25,12.875,12.875,0.34371399999999996,13000
976,1986-11-11,0.0,13.125,12.875,13.0,0.347051,6500
977,1986-11-12,0.0,13.25,12.875,12.875,0.34371399999999996,9100
978,1986-11-13,0.0,13.0,12.875,13.0,0.347051,15800
979,1986-11-14,0.0,13.25,13.0,13.25,0.35372600000000004,6300
980,1986-11-17,0.0,13.375,13.25,13.25,0.35372600000000004,13700
981,1986-11-18,0.0,13.375,13.125,13.375,0.357062,6700
982,1986-11-19,0.0,13.25,13.0,13.125,0.35038800000000003,21500
983,1986-11-20,0.0,13.375,13.0,13.375,0.357062,3500
984,1986-11-21,0.0,13.375,13.125,13.125,0.35038800000000003,4700
985,1986-11-24,0.0,13.375,13.125,13.125,0.35038800000000003,6600
986,1986-11-25,0.0,13.375,13.0,13.125,0.35038800000000003,22900
987,1986-11-26,0.0,13.25,12.875,13.0,0.347051,11700
988,1986-11-28,0.0,13.25,12.875,12.875,0.34371399999999996,11200
989,1986-12-01,0.0,13.25,13.0,13.0,0.347051,14900
990,1986-12-02,0.0,13.25,12.875,12.875,0.34371399999999996,9500
991,1986-12-03,0.0,13.0,12.75,13.0,0.347051,10600
992,1986-12-04,0.0,13.0,12.75,12.75,0.340377,8300
993,1986-12-05,0.0,13.0,12.625,12.625,0.33704,12900
994,1986-12-08,0.0,12.875,12.375,12.375,0.330366,29300
995,1986-12-09,0.0,12.375,11.75,11.75,0.315758,14300
996,1986-12-10,0.0,12.125,11.75,11.875,0.319117,15700
997,1986-12-11,0.0,12.0,11.75,11.75,0.315758,13700
998,1986-12-12,0.0,12.0,11.75,11.75,0.315758,12900
999,1986-12-15,0.0,12.0,11.5,11.5,0.30904,13300
1000,1986-12-16,0.0,12.0,11.5,11.75,0.315758,21300
1001,1986-12-17,0.0,12.0,11.75,11.75,0.315758,24800
1002,1986-12-18,0.0,11.875,11.5,11.625,0.312399,12500
1003,1986-12-19,0.0,11.875,11.5,11.875,0.319117,9500
1004,1986-12-22,0.0,12.375,12.0,12.375,0.332554,23100
1005,1986-12-23,0.0,12.625,11.75,11.75,0.315758,31000
1006,1986-12-24,0.0,11.875,11.5,11.625,0.312399,12400
1007,1986-12-26,0.0,11.75,11.625,11.75,0.315758,10900
1008,1986-12-29,0.0,11.75,11.625,11.75,0.315758,5400
1009,1986-12-30,0.0,12.0,11.75,11.75,0.315758,32100
1010,1986-12-31,0.0,12.5,11.875,12.5,0.335913,26700
1011,1987-01-02,0.0,12.875,12.5,12.875,0.34599,20400
1012,1987-01-05,0.0,13.0,12.75,12.75,0.342631,17700
1013,1987-01-06,0.0,13.0,12.625,12.75,0.342631,7000
1014,1987-01-07,0.0,13.0,12.625,12.625,0.33927199999999996,10600
1015,1987-01-08,0.0,13.0,12.625,13.0,0.34934899999999997,4000
1016,1987-01-09,0.0,13.375,12.75,13.375,0.362101,15600
1017,1987-01-12,0.0,14.5,13.25,14.125,0.382405,55400
1018,1987-01-13,0.0,14.5,14.0,14.125,0.382405,65600
1019,1987-01-14,0.0,14.25,14.0,14.125,0.382405,11400
1020,1987-01-15,0.0,14.25,13.875,14.0,0.379021,16800
1021,1987-01-16,0.0,14.0,13.625,13.875,0.375637,5900
1022,1987-01-19,0.0,14.0,13.625,13.875,0.375637,5700
1023,1987-01-20,0.0,13.875,13.25,13.625,0.368869,7200
1024,1987-01-21,0.0,13.875,13.625,13.875,0.375637,9100
1025,1987-01-22,0.0,14.0,13.75,13.875,0.375637,19200
1026,1987-01-23,0.0,14.0,13.625,13.75,0.372253,20800
1027,1987-01-26,0.0,14.0,13.625,14.0,0.379021,11200
1028,1987-01-27,0.0,14.0,13.75,14.0,0.379021,6800
1029,1987-01-28,0.0,14.125,13.75,14.0,0.379021,9000
1030,1987-01-29,0.0,14.125,13.75,14.0,0.379021,7600
1031,1987-01-30,0.0,13.875,13.75,13.75,0.372253,7700
1032,1987-02-02,0.0,14.0,13.75,14.0,0.379021,7300
1033,1987-02-03,0.0,14.0,13.75,13.75,0.372253,3800
1034,1987-02-04,0.0,14.0,13.75,14.0,0.379021,32400
1035,1987-02-05,0.0,14.25,14.0,14.0,0.379021,24200
1036,1987-02-06,0.0,14.5,14.125,14.375,0.38917399999999996,60900
1037,1987-02-09,0.0,14.625,14.25,14.375,0.38917399999999996,6100
1038,1987-02-10,0.0,14.125,14.125,14.125,0.385219,2300
1039,1987-02-11,0.0,14.5,14.25,14.375,0.39203699999999997,7900
1040,1987-02-12,0.0,14.25,14.125,14.125,0.385219,14500
1041,1987-02-13,0.0,14.25,14.0,14.0,0.38181,2600
1042,1987-02-17,0.0,14.25,14.0,14.25,0.38862800000000003,7900
1043,1987-02-18,0.0,14.375,14.0,14.125,0.385219,32900
1044,1987-02-19,0.0,14.25,14.125,14.125,0.385219,8100
1045,1987-02-20,0.0,14.375,14.125,14.25,0.38862800000000003,28100
1046,1987-02-23,0.0,14.25,14.125,14.125,0.385219,4800
1047,1987-02-24,0.0,14.125,13.875,13.875,0.37840100000000004,17100
1048,1987-02-25,0.0,13.875,13.75,13.75,0.374992,6500
1049,1987-02-26,0.0,13.875,13.625,13.625,0.371583,6700
1050,1987-02-27,0.0,13.75,13.5,13.5,0.368174,7200
1051,1987-03-02,0.0,13.625,13.5,13.5,0.368174,4100
1052,1987-03-03,0.0,13.75,13.5,13.75,0.374992,3300
1053,1987-03-04,0.0,13.875,13.625,13.625,0.371583,1400
1054,1987-03-05,0.0,13.875,13.625,13.625,0.371583,6000
1055,1987-03-06,0.0,13.875,13.625,13.875,0.37840100000000004,13600
1056,1987-03-09,0.0,13.875,13.625,13.875,0.37840100000000004,11500
1057,1987-03-10,0.0,13.5,13.375,13.5,0.370417,20300
1058,1987-03-11,0.0,13.5,13.25,13.25,0.363557,10300
1059,1987-03-12,0.0,13.25,13.125,13.25,0.363557,7900
1060,1987-03-13,0.0,13.25,13.0,13.125,0.360127,4600
1061,1987-03-16,0.0,13.375,13.0,13.125,0.360127,32700
1062,1987-03-17,0.0,13.75,13.125,13.75,0.377276,5000
1063,1987-03-18,0.0,13.875,13.375,13.75,0.377276,8100
1064,1987-03-19,0.0,13.875,13.625,13.625,0.373846,2400
1065,1987-03-20,0.0,13.5,13.375,13.375,0.366987,5600
1066,1987-03-23,0.0,13.875,13.5,13.75,0.377276,8400
1067,1987-03-24,0.0,14.0,13.75,14.0,0.38413600000000003,10700
1068,1987-03-25,0.0,14.0,13.5,13.75,0.377276,5400
1069,1987-03-26,0.0,13.625,13.25,13.5,0.370417,7500
1070,1987-03-27,0.0,13.125,12.875,13.0,0.356697,29500
1071,1987-03-30,0.0,13.0,12.75,12.75,0.34983800000000004,21200
1072,1987-03-31,0.0,13.125,12.75,13.0,0.356697,7900
1073,1987-04-01,0.0,13.0,12.75,12.875,0.35326799999999997,11700
1074,1987-04-02,0.0,13.0,12.75,13.0,0.356697,6300
1075,1987-04-03,0.0,13.0,12.875,13.0,0.356697,9400
1076,1987-04-06,0.0,13.5,13.0,13.375,0.366987,17900
1077,1987-04-07,0.0,13.75,13.5,13.625,0.373846,14900
1078,1987-04-08,0.0,13.625,13.25,13.5,0.370417,4500
1079,1987-04-09,0.0,13.5,13.25,13.25,0.367174,4600
1080,1987-04-10,0.0,13.5,13.0,13.375,0.370638,6900
1081,1987-04-13,0.0,13.5,13.125,13.125,0.36371,2100
1082,1987-04-14,0.0,13.125,12.875,13.125,0.36371,6000
1083,1987-04-15,0.0,13.0,12.75,12.75,0.353319,2900
1084,1987-04-16,0.0,13.25,12.875,13.0,0.360246,5500
1085,1987-04-20,0.0,13.125,12.875,13.0,0.360246,1600
1086,1987-04-21,0.0,13.125,12.875,13.0,0.360246,2700
1087,1987-04-22,0.0,13.375,12.875,12.875,0.356783,3700
1088,1987-04-23,0.0,13.25,12.875,13.25,0.367174,2300
1089,1987-04-24,0.0,13.5,13.25,13.5,0.374102,3700
1090,1987-04-27,0.0,13.375,12.875,13.0,0.360246,16500
1091,1987-04-28,0.0,13.0,12.75,13.0,0.360246,7100
1092,1987-04-29,0.0,13.0,12.875,12.875,0.356783,4300
1093,1987-04-30,0.0,12.875,12.75,12.75,0.353319,23700
1094,1987-05-01,0.0,12.875,12.75,12.75,0.353319,6200
1095,1987-05-04,0.0,12.875,12.75,12.75,0.353319,7300
1096,1987-05-05,0.0,12.875,12.625,12.875,0.356783,32000
1097,1987-05-06,0.0,12.875,12.75,12.875,0.356783,3400
1098,1987-05-07,0.0,13.25,12.75,13.125,0.36371,33400
1099,1987-05-08,0.0,13.25,12.875,13.0,0.360246,11400
1100,1987-05-11,0.0,13.125,12.625,12.625,0.352977,38400
1101,1987-05-12,0.0,13.125,12.875,12.875,0.359967,11600
1102,1987-05-13,0.0,13.0,12.875,12.875,0.359967,2000
1103,1987-05-14,0.0,13.0,12.875,12.875,0.359967,11200
1104,1987-05-15,0.0,13.0,12.75,12.875,0.359967,2600
1105,1987-05-18,0.0,13.125,12.875,12.875,0.359967,3600
1106,1987-05-19,0.0,12.875,12.625,12.75,0.35647199999999996,8900
1107,1987-05-20,0.0,12.75,12.5,12.625,0.352977,10600
1108,1987-05-21,0.0,12.875,12.5,12.875,0.359967,12400
1109,1987-05-22,0.0,13.0,12.75,12.75,0.35647199999999996,5800
1110,1987-05-26,0.0,12.75,12.625,12.75,0.35647199999999996,29300
1111,1987-05-27,0.0,13.0,12.75,12.875,0.359967,12600
1112,1987-05-28,0.0,12.875,12.5,12.625,0.352977,17300
1113,1987-05-29,0.0,13.125,12.75,12.875,0.359967,40700
1114,1987-06-01,0.0,13.125,12.875,13.0,0.363462,12200
1115,1987-06-02,0.0,13.125,12.875,13.0,0.363462,34000
1116,1987-06-03,0.0,13.5,13.0,13.125,0.36695700000000003,30400
1117,1987-06-04,0.0,13.125,12.875,12.875,0.359967,27000
1118,1987-06-05,0.0,13.0,12.875,12.875,0.359967,17500
1119,1987-06-08,0.0,13.0,12.75,12.75,0.35647199999999996,3000
1120,1987-06-09,0.0,12.875,12.375,12.875,0.363243,48100
1121,1987-06-10,0.0,12.875,12.625,12.625,0.35619,9400
1122,1987-06-11,0.0,12.625,12.5,12.625,0.35619,3400
1123,1987-06-12,0.0,12.75,12.625,12.75,0.359717,1200
1124,1987-06-15,0.0,12.75,12.625,12.75,0.359717,2900
1125,1987-06-16,0.0,12.625,12.5,12.5,0.352663,6400
1126,1987-06-17,0.0,12.75,12.5,12.75,0.359717,5200
1127,1987-06-18,0.0,12.75,12.625,12.625,0.35619,2500
1128,1987-06-19,0.0,12.875,12.625,12.875,0.363243,6700
1129,1987-06-22,0.0,13.0,12.75,12.75,0.359717,9600
1130,1987-06-23,0.0,12.875,12.625,12.625,0.35619,7400
1131,1987-06-24,0.0,12.75,12.625,12.625,0.35619,14200
1132,1987-06-25,0.0,12.75,12.625,12.625,0.35619,8100
1133,1987-06-26,0.0,12.75,12.5,12.5,0.352663,27400
1134,1987-06-29,0.0,12.75,12.5,12.5,0.352663,13000
1135,1987-06-30,0.0,12.75,12.625,12.75,0.359717,2200
1136,1987-07-01,0.0,12.75,12.25,12.5,0.352663,8600
1137,1987-07-02,0.0,12.75,12.5,12.5,0.352663,2500
1138,1987-07-06,0.0,12.75,12.5,12.5,0.352663,7100
1139,1987-07-07,0.0,12.625,12.5,12.5,0.352663,5000
1140,1987-07-08,0.0,12.875,12.5,12.625,0.35619,10700
1141,1987-07-09,0.0,12.75,12.5,12.75,0.36334299999999997,2800
1142,1987-07-10,0.0,12.75,12.5,12.625,0.359781,7000
1143,1987-07-13,0.0,12.75,12.5,12.5,0.356219,5400
1144,1987-07-14,0.0,12.75,12.625,12.625,0.359781,6100
1145,1987-07-15,0.0,12.75,12.5,12.625,0.359781,11800
1146,1987-07-16,0.0,12.875,12.625,12.75,0.36334299999999997,11300
1147,1987-07-17,0.0,13.125,12.875,13.0,0.370467,10000
1148,1987-07-20,0.0,13.125,12.875,13.0,0.370467,6300
1149,1987-07-21,0.0,13.0,13.0,13.0,0.370467,4200
1150,1987-07-22,0.0,13.25,13.0,13.125,0.374029,9600
1151,1987-07-23,0.0,13.375,13.25,13.25,0.377592,4900
1152,1987-07-24,0.0,13.375,13.0,13.25,0.377592,9000
1153,1987-07-27,0.0,13.375,13.25,13.25,0.377592,1200
1154,1987-07-28,0.0,13.375,13.25,13.25,0.377592,4100
1155,1987-07-29,0.0,13.375,13.25,13.25,0.377592,6100
1156,1987-07-30,0.0,13.625,13.25,13.375,0.381154,18700
1157,1987-07-31,0.0,13.625,13.25,13.375,0.381154,10100
1158,1987-08-03,0.0,14.0,13.375,14.0,0.398965,10100
1159,1987-08-04,0.0,13.875,13.5,13.75,0.39184,8300
1160,1987-08-05,0.0,13.75,13.375,13.625,0.388278,12600
1161,1987-08-06,0.0,13.75,13.375,13.5,0.384716,29000
1162,1987-08-07,0.0,13.5,13.0,13.5,0.384716,15000
1163,1987-08-10,0.0,13.75,13.5,13.5,0.384716,20500
1164,1987-08-11,0.0,13.625,13.375,13.5,0.38724000000000003,18200
1165,1987-08-12,0.0,13.625,13.25,13.375,0.383655,9900
1166,1987-08-13,0.0,13.5,13.375,13.5,0.38724000000000003,6500
1167,1987-08-14,0.0,13.625,13.375,13.625,0.390826,10800
1168,1987-08-17,0.0,13.625,13.25,13.25,0.380069,6800
1169,1987-08-18,0.0,13.625,13.125,13.125,0.376483,9500
1170,1987-08-19,0.0,13.375,13.125,13.25,0.380069,3200
1171,1987-08-20,0.0,13.5,13.25,13.5,0.38724000000000003,7100
1172,1987-08-21,0.0,13.5,13.375,13.375,0.383655,4200
1173,1987-08-24,0.0,13.5,13.375,13.375,0.383655,8000
1174,1987-08-25,0.0,13.625,13.125,13.125,0.376483,8900
1175,1987-08-26,0.0,13.25,13.0,13.0,0.372898,5100
1176,1987-08-27,0.0,13.125,13.0,13.125,0.376483,3800
1177,1987-08-28,0.0,13.25,13.0,13.25,0.380069,3600
1178,1987-08-31,0.0,13.25,13.125,13.125,0.376483,800
1179,1987-09-01,0.0,13.25,13.125,13.25,0.380069,2400
1180,1987-09-02,0.0,13.25,13.0,13.25,0.380069,8900
1181,1987-09-03,0.0,13.625,13.25,13.625,0.390826,15300
1182,1987-09-04,0.0,13.75,13.125,13.25,0.380069,13100
1183,1987-09-08,0.0,13.25,13.0,13.125,0.376483,10600
1184,1987-09-09,0.0,13.125,12.875,12.875,0.37251999999999996,4200
1185,1987-09-10,0.0,13.125,12.875,12.875,0.37251999999999996,5100
1186,1987-09-11,0.0,13.0,12.75,12.875,0.37251999999999996,14200
1187,1987-09-14,0.0,13.0,12.875,13.0,0.376136,3300
1188,1987-09-15,0.0,13.125,12.875,12.875,0.37251999999999996,3200
1189,1987-09-16,0.0,12.875,12.75,12.75,0.36890300000000004,13300
1190,1987-09-17,0.0,13.0,12.75,12.875,0.37251999999999996,1600
1191,1987-09-18,0.0,13.0,12.875,12.875,0.37251999999999996,3100
1192,1987-09-21,0.0,13.0,12.875,12.875,0.37251999999999996,1300
1193,1987-09-22,0.0,13.0,12.75,13.0,0.376136,4000
1194,1987-09-23,0.0,13.0,12.875,12.875,0.37251999999999996,5700
1195,1987-09-24,0.0,13.0,12.875,12.875,0.37251999999999996,2500
1196,1987-09-25,0.0,13.0,12.75,12.875,0.37251999999999996,7000
1197,1987-09-28,0.0,13.0,12.875,12.875,0.37251999999999996,2900
1198,1987-09-29,0.0,13.0,12.75,12.75,0.36890300000000004,3900
1199,1987-09-30,0.0,12.875,12.75,12.875,0.37251999999999996,5000
1200,1987-10-01,0.0,13.0,12.75,12.875,0.37251999999999996,1800
1201,1987-10-02,0.0,13.0,12.75,12.75,0.36890300000000004,1800
1202,1987-10-05,0.0,13.0,12.75,13.0,0.376136,6700
1203,1987-10-06,0.0,13.125,13.0,13.0,0.376136,3600
1204,1987-10-07,0.0,13.125,13.0,13.125,0.379753,8300
1205,1987-10-08,0.0,12.75,12.75,12.75,0.372479,3900
1206,1987-10-09,0.0,12.875,12.625,12.875,0.376131,3900
1207,1987-10-12,0.0,12.875,12.75,12.75,0.372479,3300
1208,1987-10-13,0.0,12.875,12.75,12.75,0.372479,1500
1209,1987-10-14,0.0,12.875,12.625,12.625,0.368827,2100
1210,1987-10-15,0.0,12.75,12.625,12.625,0.368827,4500
1211,1987-10-16,0.0,12.75,12.375,12.375,0.36152399999999996,27000
1212,1987-10-19,0.0,12.375,12.0,12.0,0.350568,10400
1213,1987-10-20,0.0,12.0,10.0,11.0,0.321354,99200
1214,1987-10-21,0.0,11.875,11.25,11.5,0.335961,26200
1215,1987-10-22,0.0,12.0,11.25,11.75,0.343265,19500
1216,1987-10-23,0.0,11.375,11.0,11.0,0.321354,34100
1217,1987-10-26,0.0,11.0,10.625,10.625,0.310399,13400
1218,1987-10-27,0.0,10.875,10.5,10.5,0.306747,11500
1219,1987-10-28,0.0,11.375,10.125,10.875,0.317703,45600
1220,1987-10-29,0.0,11.125,10.625,11.0,0.321354,17900
1221,1987-10-30,0.0,11.375,10.875,11.125,0.325006,11100
1222,1987-11-02,0.0,11.375,11.0,11.25,0.328658,28400
1223,1987-11-03,0.0,11.375,11.125,11.25,0.328658,14900
1224,1987-11-04,0.0,11.125,10.875,11.0,0.321354,8600
1225,1987-11-05,0.0,11.0,10.875,11.0,0.321354,10000
1226,1987-11-06,0.0,11.0,10.875,11.0,0.321354,13800
1227,1987-11-09,0.0,10.875,10.75,10.75,0.317427,12300
1228,1987-11-10,0.0,10.875,10.75,10.75,0.317427,10000
1229,1987-11-11,0.0,10.875,10.75,10.875,0.32111799999999996,16200
1230,1987-11-12,0.0,11.0,10.75,10.875,0.32111799999999996,4200
1231,1987-11-13,0.0,11.0,10.875,10.875,0.32111799999999996,3300
1232,1987-11-16,0.0,11.0,10.875,10.875,0.32111799999999996,3400
1233,1987-11-17,0.0,10.875,10.75,10.75,0.317427,7600
1234,1987-11-18,0.0,10.75,10.625,10.75,0.317427,7300
1235,1987-11-19,0.0,10.875,10.625,10.875,0.32111799999999996,13900
1236,1987-11-20,0.0,10.75,10.625,10.75,0.317427,26100
1237,1987-11-23,0.0,10.75,10.625,10.625,0.313736,10100
1238,1987-11-24,0.0,10.75,10.625,10.625,0.313736,5800
1239,1987-11-25,0.0,10.875,10.625,10.875,0.32111799999999996,7300
1240,1987-11-27,0.0,10.75,10.625,10.625,0.313736,6600
1241,1987-11-30,0.0,10.75,10.375,10.5,0.31004499999999996,15200
1242,1987-12-01,0.0,10.625,10.5,10.625,0.313736,11000
1243,1987-12-02,0.0,10.75,10.375,10.5,0.31004499999999996,12800
1244,1987-12-03,0.0,10.375,10.125,10.125,0.29897199999999996,21300
1245,1987-12-04,0.0,10.375,10.0,10.125,0.29897199999999996,31600
1246,1987-12-07,0.0,10.375,10.125,10.25,0.302663,12300
1247,1987-12-08,0.0,10.375,10.125,10.25,0.302663,16900
1248,1987-12-09,0.0,10.25,10.125,10.125,0.301739,19800
1249,1987-12-10,0.0,10.125,10.0,10.125,0.301739,11300
1250,1987-12-11,0.0,10.375,10.0,10.25,0.305464,19500
1251,1987-12-14,0.0,10.5,10.25,10.25,0.305464,14400
1252,1987-12-15,0.0,10.375,10.25,10.25,0.305464,24500
1253,1987-12-16,0.0,10.25,10.125,10.125,0.301739,19200
1254,1987-12-17,0.0,10.25,10.125,10.125,0.301739,12900
1255,1987-12-18,0.0,10.125,10.125,10.125,0.301739,18400
1256,1987-12-21,0.0,10.25,10.125,10.125,0.301739,19000
1257,1987-12-22,0.0,10.625,10.125,10.5,0.312915,76200
1258,1987-12-23,0.0,10.75,10.5,10.75,0.320365,14700
1259,1987-12-24,0.0,11.125,10.625,11.0,0.327816,9600
1260,1987-12-28,0.0,11.25,11.0,11.125,0.331541,8600
1261,1987-12-29,0.0,11.125,11.0,11.0,0.327816,15900
1262,1987-12-30,11.0,11.5,11.0,11.5,0.34271599999999997,37100
1263,1987-12-31,11.5,11.75,11.5,11.5,0.34271599999999997,15900
1264,1988-01-04,11.5,11.75,11.5,11.625,0.346441,4900
1265,1988-01-05,11.875,12.375,11.875,12.0,0.357617,51000
1266,1988-01-06,12.125,12.375,12.125,12.25,0.36506700000000003,10100
1267,1988-01-07,12.25,12.375,12.25,12.25,0.36506700000000003,4900
1268,1988-01-08,12.125,12.25,12.125,12.125,0.361342,3500
1269,1988-01-11,11.875,12.0,11.875,12.0,0.361825,2800
1270,1988-01-12,12.0,12.125,11.875,11.875,0.358056,34700
1271,1988-01-13,11.875,12.0,11.875,11.875,0.358056,4400
1272,1988-01-14,12.0,12.0,11.875,11.875,0.358056,3400
1273,1988-01-15,11.875,11.875,11.875,11.875,0.358056,6000
1274,1988-01-18,11.875,12.0,11.875,12.0,0.361825,2700
1275,1988-01-19,12.125,12.125,12.0,12.0,0.361825,2800
1276,1988-01-20,11.875,12.0,11.875,12.0,0.361825,5000
1277,1988-01-21,12.0,12.0,11.875,11.875,0.358056,900
1278,1988-01-22,12.0,12.0,11.875,11.875,0.358056,3500
1279,1988-01-25,12.0,12.0,11.875,12.0,0.361825,4200
1280,1988-01-26,11.875,11.875,11.75,11.75,0.354286,5500
1281,1988-01-27,11.875,11.875,11.75,11.75,0.354286,8000
1282,1988-01-28,11.75,11.875,11.75,11.875,0.358056,2300
1283,1988-01-29,11.75,12.0,11.75,11.875,0.358056,10100
1284,1988-02-01,12.0,12.0,11.75,11.75,0.354286,12800
1285,1988-02-02,11.75,12.0,11.625,11.625,0.350518,14400
1286,1988-02-03,11.75,11.875,11.625,11.75,0.354286,2800
1287,1988-02-04,11.75,11.875,11.75,11.875,0.358056,4900
1288,1988-02-05,11.75,11.75,11.625,11.75,0.354286,13200
1289,1988-02-08,11.625,11.75,11.625,11.75,0.354286,2200
1290,1988-02-09,11.625,11.75,11.5,11.625,0.353921,6300
1291,1988-02-10,11.625,11.75,11.625,11.75,0.35772600000000004,2600
1292,1988-02-11,11.625,11.625,11.5,11.5,0.350115,2500
1293,1988-02-12,11.5,11.625,11.5,11.5,0.350115,3800
1294,1988-02-16,11.5,11.75,11.5,11.625,0.353921,2700
1295,1988-02-17,11.75,11.75,11.625,11.75,0.35772600000000004,4200
1296,1988-02-18,11.625,11.625,11.375,11.375,0.34631,12700
1297,1988-02-19,11.375,11.5,11.375,11.5,0.350115,1200
1298,1988-02-22,11.5,11.5,11.375,11.375,0.34631,6000
1299,1988-02-23,11.375,11.5,11.375,11.5,0.350115,6300
1300,1988-02-24,11.375,11.625,11.375,11.625,0.353921,9600
1301,1988-02-25,11.625,11.625,11.625,11.625,0.353921,800
1302,1988-02-26,11.625,11.75,11.625,11.75,0.35772600000000004,4600
1303,1988-02-29,11.75,11.75,11.625,11.625,0.353921,1400
1304,1988-03-01,11.75,11.75,11.625,11.75,0.35772600000000004,2600
1305,1988-03-02,11.625,11.75,11.625,11.625,0.353921,2000
1306,1988-03-03,11.75,11.75,11.625,11.75,0.35772600000000004,6800
1307,1988-03-04,11.75,11.875,11.75,11.875,0.361532,4200
1308,1988-03-07,11.875,12.0,11.875,12.0,0.365338,10100
1309,1988-03-08,12.0,12.125,12.0,12.125,0.369143,5500
1310,1988-03-09,12.0,12.125,12.0,12.0,0.369051,6600
1311,1988-03-10,12.0,12.125,12.0,12.0,0.369051,4500
1312,1988-03-11,12.125,12.25,12.125,12.25,0.37674,8700
1313,1988-03-14,12.125,12.25,12.125,12.25,0.37674,1700
1314,1988-03-15,12.25,12.25,12.125,12.125,0.372895,7700
1315,1988-03-16,12.25,12.25,12.125,12.125,0.372895,4000
1316,1988-03-17,12.125,12.375,12.125,12.375,0.38058400000000003,3600
1317,1988-03-18,12.375,12.375,12.125,12.125,0.372895,4600
1318,1988-03-21,12.125,12.375,12.125,12.375,0.38058400000000003,2300
1319,1988-03-22,12.25,12.375,12.25,12.375,0.38058400000000003,3300
1320,1988-03-23,12.375,12.5,12.375,12.5,0.38442800000000005,15000
1321,1988-03-24,12.5,12.625,12.5,12.625,0.388273,2600
1322,1988-03-25,12.625,12.75,12.5,12.5,0.38442800000000005,6700
1323,1988-03-28,12.625,12.625,12.5,12.5,0.38442800000000005,1000
1324,1988-03-29,12.5,12.75,12.5,12.625,0.388273,4700
1325,1988-03-30,12.5,12.625,12.5,12.5,0.38442800000000005,10500
1326,1988-03-31,12.625,12.75,12.625,12.75,0.392117,8200
1327,1988-04-04,12.75,12.75,12.625,12.625,0.388273,4400
1328,1988-04-05,12.625,12.625,12.5,12.625,0.388273,21300
1329,1988-04-06,12.5,12.625,12.5,12.5,0.38442800000000005,2100
1330,1988-04-07,12.5,12.75,12.5,12.5,0.38442800000000005,16500
1331,1988-04-08,12.625,12.875,12.5,12.75,0.392117,16700
1332,1988-04-11,12.5,12.875,12.5,12.875,0.39997699999999997,5600
1333,1988-04-12,12.75,12.875,12.75,12.75,0.396093,3700
1334,1988-04-13,12.875,13.0,12.75,13.0,0.40386,7100
1335,1988-04-14,13.125,13.125,12.875,13.125,0.40774299999999997,4500
1336,1988-04-15,13.125,13.125,12.875,12.875,0.39997699999999997,7100
1337,1988-04-18,12.875,13.0,12.75,13.0,0.40386,8600
1338,1988-04-19,12.75,12.75,12.625,12.625,0.39221,7900
1339,1988-04-20,12.75,12.875,12.625,12.75,0.396093,3800
1340,1988-04-21,12.75,12.75,12.625,12.625,0.39221,5500
1341,1988-04-22,12.5,12.5,12.25,12.25,0.38056100000000004,15900
1342,1988-04-25,12.5,12.625,12.375,12.625,0.39221,2200
1343,1988-04-26,12.5,12.625,12.5,12.625,0.39221,3700
1344,1988-04-27,12.625,12.875,12.625,12.75,0.396093,5900
1345,1988-04-28,12.75,12.875,12.75,12.875,0.39997699999999997,1000
1346,1988-04-29,12.75,13.0,12.75,13.0,0.40386,4000
1347,1988-05-02,13.0,13.0,12.5,12.75,0.396093,9000
1348,1988-05-03,12.625,12.75,12.625,12.625,0.39221,1500
1349,1988-05-04,12.625,12.875,12.625,12.75,0.396093,2400
1350,1988-05-05,12.75,12.875,12.75,12.875,0.39997699999999997,1300
1351,1988-05-06,12.875,12.875,12.5,12.5,0.388327,7800
1352,1988-05-09,12.375,12.375,12.125,12.125,0.376677,14600
1353,1988-05-10,12.0,12.375,12.0,12.125,0.379652,55000
1354,1988-05-11,12.25,12.375,12.125,12.125,0.379652,1800
1355,1988-05-12,12.125,12.375,12.125,12.375,0.387479,2700
1356,1988-05-13,12.25,12.25,12.0,12.25,0.38356599999999996,9200
1357,1988-05-16,12.375,12.5,12.375,12.5,0.391393,2600
1358,1988-05-17,12.5,12.5,12.375,12.375,0.387479,1500
1359,1988-05-18,12.375,12.375,12.375,12.375,0.387479,300
1360,1988-05-19,12.125,12.125,12.0,12.0,0.375737,11300
1361,1988-05-20,12.0,12.25,12.0,12.0,0.375737,28300
1362,1988-05-23,11.875,11.875,11.5,11.625,0.363996,6400
1363,1988-05-24,11.75,11.75,11.625,11.625,0.363996,2600
1364,1988-05-25,11.625,11.75,11.625,11.75,0.36791,7200
1365,1988-05-26,11.875,11.875,11.75,11.75,0.36791,500
1366,1988-05-27,11.875,11.875,11.75,11.75,0.36791,1300
1367,1988-05-31,11.875,11.875,11.75,11.875,0.371824,1900
1368,1988-06-01,11.75,11.875,11.75,11.875,0.371824,2500
1369,1988-06-02,11.875,11.875,11.75,11.75,0.36791,1200
1370,1988-06-03,11.875,11.875,11.75,11.75,0.36791,2200
1371,1988-06-06,11.75,11.875,11.75,11.875,0.371824,4900
1372,1988-06-07,11.875,11.875,11.75,11.75,0.36791,4200
1373,1988-06-08,11.875,12.0,11.75,12.0,0.375737,7000
1374,1988-06-09,11.75,11.875,11.75,11.75,0.372002,19700
1375,1988-06-10,11.75,11.875,11.75,11.875,0.375959,1500
1376,1988-06-13,11.75,11.875,11.75,11.875,0.375959,2700
1377,1988-06-14,11.875,11.875,11.75,11.75,0.372002,2600
1378,1988-06-15,11.75,11.875,11.75,11.75,0.372002,5900
1379,1988-06-16,11.75,11.875,11.75,11.75,0.372002,2500
1380,1988-06-17,11.875,11.875,11.75,11.75,0.372002,4700
1381,1988-06-20,11.875,11.875,11.75,11.75,0.372002,1200
1382,1988-06-21,11.75,11.875,11.75,11.75,0.372002,5900
1383,1988-06-22,11.75,11.875,11.75,11.875,0.375959,4600
1384,1988-06-23,11.75,11.875,11.625,11.75,0.372002,2900
1385,1988-06-24,11.75,11.75,11.625,11.625,0.368044,10100
1386,1988-06-27,11.625,11.75,11.625,11.625,0.368044,3600
1387,1988-06-28,11.625,11.75,11.625,11.75,0.372002,7500
1388,1988-06-29,11.625,11.75,11.625,11.625,0.368044,4300
1389,1988-06-30,11.75,11.75,11.625,11.75,0.372002,4600
1390,1988-07-01,11.625,11.75,11.625,11.75,0.372002,1400
1391,1988-07-05,11.625,11.625,11.5,11.625,0.368044,8700
1392,1988-07-06,11.625,11.625,11.5,11.5,0.364087,3900
1393,1988-07-07,11.5,11.625,11.5,11.625,0.368044,6800
1394,1988-07-08,11.75,11.75,11.625,11.75,0.372002,4900
1395,1988-07-11,11.625,11.75,11.625,11.625,0.380345,4800
1396,1988-07-12,11.625,11.75,11.625,11.625,0.380345,2200
1397,1988-07-13,11.625,11.75,11.625,11.75,0.384434,2400
1398,1988-07-14,11.625,11.625,11.5,11.5,0.376255,3400
1399,1988-07-15,11.625,11.75,11.5,11.5,0.376255,6900
1400,1988-07-18,11.5,11.5,11.25,11.25,0.368076,9000
1401,1988-07-19,11.25,11.5,11.25,11.5,0.376255,8400
1402,1988-07-20,11.625,11.625,11.375,11.375,0.372166,9400
1403,1988-07-21,11.625,11.625,11.375,11.375,0.372166,1600
1404,1988-07-22,11.25,11.5,11.25,11.5,0.376255,4900
1405,1988-07-25,11.375,11.625,11.25,11.375,0.372166,7000
1406,1988-07-26,11.5,11.5,11.375,11.375,0.372166,2700
1407,1988-07-27,11.375,11.5,11.375,11.5,0.376255,1500
1408,1988-07-28,11.375,11.5,11.375,11.5,0.376255,3400
1409,1988-07-29,11.5,11.625,11.375,11.5,0.376255,5400
1410,1988-08-01,11.5,11.75,11.375,11.625,0.380345,9100
1411,1988-08-02,11.75,11.75,11.625,11.625,0.380345,2100
1412,1988-08-03,11.5,11.75,11.5,11.75,0.384434,3900
1413,1988-08-04,11.75,11.75,11.625,11.625,0.380345,3100
1414,1988-08-05,11.5,11.625,11.5,11.625,0.380345,6200
1415,1988-08-08,11.875,11.875,11.75,11.75,0.384434,7600
1416,1988-08-09,11.625,11.75,11.625,11.75,0.396411,2800
1417,1988-08-10,11.875,11.875,11.75,11.875,0.40062800000000004,3600
1418,1988-08-11,11.875,12.0,11.875,11.875,0.40062800000000004,14200
1419,1988-08-12,12.0,12.0,11.875,12.0,0.404846,7000
1420,1988-08-15,11.875,12.0,11.875,11.875,0.40062800000000004,1500
1421,1988-08-16,12.0,12.0,11.875,11.875,0.40062800000000004,4900
1422,1988-08-17,11.75,11.875,11.625,11.625,0.392194,4500
1423,1988-08-18,11.75,11.75,11.625,11.625,0.392194,2900
1424,1988-08-19,11.75,12.0,11.75,11.75,0.396411,3500
1425,1988-08-22,11.875,11.875,11.625,11.625,0.392194,3300
1426,1988-08-23,11.625,12.0,11.625,11.875,0.40062800000000004,19200
1427,1988-08-24,11.75,11.875,11.75,11.75,0.396411,7000
1428,1988-08-25,11.875,12.0,11.75,12.0,0.404846,7500
1429,1988-08-26,11.875,11.875,11.75,11.75,0.396411,3900
1430,1988-08-29,11.75,11.875,11.75,11.75,0.396411,4400
1431,1988-08-30,11.625,11.75,11.625,11.75,0.396411,1500
1432,1988-08-31,11.75,11.875,11.75,11.875,0.40062800000000004,5700
1433,1988-09-01,12.0,12.0,11.75,11.75,0.396411,4500
1434,1988-09-02,11.875,11.875,11.75,11.875,0.40062800000000004,3400
1435,1988-09-06,11.875,12.0,11.75,11.75,0.396411,23900
1436,1988-09-07,11.875,11.875,11.875,11.875,0.40062800000000004,3000
1437,1988-09-08,11.875,11.875,11.75,11.75,0.396411,2200
1438,1988-09-09,11.625,11.75,11.625,11.75,0.408833,13000
1439,1988-09-12,11.625,11.875,11.625,11.75,0.408833,4400
1440,1988-09-13,11.875,11.875,11.75,11.75,0.408833,3200
1441,1988-09-14,11.75,11.875,11.75,11.75,0.408833,1800
1442,1988-09-15,11.75,11.75,11.75,11.75,0.408833,1400
1443,1988-09-16,11.875,11.875,11.75,11.75,0.408833,7400
1444,1988-09-19,11.75,11.75,11.625,11.75,0.408833,2300
1445,1988-09-20,11.75,11.875,11.75,11.75,0.408833,13900
1446,1988-09-21,11.75,11.75,11.75,11.75,0.408833,12500
1447,1988-09-22,11.625,11.875,11.625,11.75,0.408833,12700
1448,1988-09-23,11.75,11.875,11.625,11.625,0.404484,24500
1449,1988-09-26,11.625,11.875,11.625,11.75,0.408833,4200
1450,1988-09-27,11.75,11.75,11.625,11.625,0.404484,1400
1451,1988-09-28,11.625,11.75,11.625,11.75,0.408833,7200
1452,1988-09-29,11.625,11.625,11.625,11.625,0.404484,900
1453,1988-09-30,11.625,11.75,11.625,11.75,0.408833,7000
1454,1988-10-03,11.75,11.75,11.625,11.625,0.404484,4100
1455,1988-10-04,11.625,11.875,11.625,11.625,0.404484,9700
1456,1988-10-05,11.625,11.875,11.625,11.875,0.413182,3700
1457,1988-10-06,11.75,11.75,11.625,11.625,0.404484,16800
1458,1988-10-07,11.5,11.625,11.5,11.5,0.400134,33400
1459,1988-10-10,11.5,11.625,11.5,11.625,0.404484,6600
1460,1988-10-11,11.5,11.625,11.5,11.5,0.455366,10800
1461,1988-10-12,11.5,11.75,11.5,11.75,0.465265,44400
1462,1988-10-13,11.625,11.875,11.625,11.75,0.465265,6700
1463,1988-10-14,11.625,11.875,11.625,11.75,0.465265,10500
1464,1988-10-17,11.75,11.875,11.75,11.875,0.47021499999999994,2100
1465,1988-10-18,11.875,11.875,11.875,11.875,0.47021499999999994,3500
1466,1988-10-19,11.875,11.875,11.75,11.75,0.465265,1200
1467,1988-10-20,11.75,11.75,11.625,11.75,0.465265,7500
1468,1988-10-21,11.75,12.0,11.75,11.875,0.47021499999999994,5300
1469,1988-10-24,12.0,12.0,11.75,11.75,0.465265,6100
1470,1988-10-25,11.75,11.875,11.75,11.75,0.465265,1700
1471,1988-10-26,11.75,11.875,11.75,11.75,0.465265,12700
1472,1988-10-27,11.75,11.75,11.75,11.75,0.465265,3100
1473,1988-10-28,11.875,11.875,11.75,11.875,0.47021499999999994,5400
1474,1988-10-31,11.75,11.75,11.75,11.75,0.465265,20600
1475,1988-11-01,11.75,11.875,11.75,11.875,0.47021499999999994,4100
1476,1988-11-02,11.75,11.75,11.75,11.75,0.465265,5000
1477,1988-11-03,11.875,11.875,11.75,11.75,0.465265,7000
1478,1988-11-04,11.75,11.75,11.75,11.75,0.465265,7200
1479,1988-11-07,11.75,11.875,11.75,11.75,0.465265,1900
1480,1988-11-08,11.625,11.75,11.625,11.75,0.479633,3100
1481,1988-11-09,11.75,11.875,11.75,11.75,0.479633,3100
1482,1988-11-10,11.75,11.875,11.75,11.875,0.48473599999999994,5900
1483,1988-11-11,11.875,11.875,11.75,11.75,0.479633,1900
1484,1988-11-14,11.75,11.875,11.75,11.75,0.479633,4100
1485,1988-11-15,11.75,11.875,11.75,11.75,0.479633,2600
1486,1988-11-16,11.75,11.875,11.75,11.75,0.479633,3500
1487,1988-11-17,11.75,11.875,11.75,11.75,0.479633,11900
1488,1988-11-18,11.75,11.75,11.75,11.75,0.479633,6000
1489,1988-11-21,11.875,11.875,11.75,11.75,0.479633,3800
1490,1988-11-22,11.75,11.875,11.75,11.875,0.48473599999999994,2300
1491,1988-11-23,11.875,11.875,11.75,11.75,0.479633,13000
1492,1988-11-25,11.75,12.0,11.75,12.0,0.489839,2200
1493,1988-11-28,11.875,12.0,11.875,12.0,0.489839,5000
1494,1988-11-29,11.875,12.0,11.75,12.0,0.489839,4200
1495,1988-11-30,12.0,12.0,12.0,12.0,0.489839,7700
1496,1988-12-01,12.0,12.125,12.0,12.125,0.49494099999999996,900
1497,1988-12-02,12.0,12.125,12.0,12.125,0.49494099999999996,1400
1498,1988-12-05,11.875,11.875,11.75,11.75,0.479633,4100
1499,1988-12-06,11.75,11.875,11.75,11.75,0.479633,2300
1500,1988-12-07,11.875,11.875,11.75,11.75,0.479633,5700
1501,1988-12-08,11.75,11.875,11.75,11.875,0.48473599999999994,3300
1502,1988-12-09,11.75,11.75,11.75,11.75,0.493856,2600
1503,1988-12-12,11.75,11.75,11.75,11.75,0.493856,9500
1504,1988-12-13,11.75,11.75,11.75,11.75,0.493856,5500
1505,1988-12-14,11.75,11.75,11.75,11.75,0.493856,13500
1506,1988-12-15,11.75,11.875,11.75,11.75,0.493856,9700
1507,1988-12-16,11.75,11.875,11.75,11.75,0.493856,7300
1508,1988-12-19,11.75,11.875,11.75,11.75,0.493856,5000
1509,1988-12-20,11.75,11.875,11.75,11.75,0.493856,9600
1510,1988-12-21,11.75,12.0,11.75,11.75,0.493856,22600
1511,1988-12-22,11.75,12.0,11.75,11.75,0.493856,12800
1512,1988-12-23,11.75,11.875,11.75,11.75,0.493856,14000
1513,1988-12-27,11.75,12.0,11.75,12.0,0.504364,14300
1514,1988-12-28,12.0,12.5,12.0,12.5,0.5253800000000001,6900
1515,1988-12-29,12.5,13.0,12.5,13.0,0.546395,25500
1516,1988-12-30,13.125,13.625,13.0,13.5,0.5674100000000001,28300
1517,1989-01-03,13.625,13.625,12.875,12.875,0.541141,15200
1518,1989-01-04,12.75,12.75,12.5,12.5,0.5253800000000001,8700
1519,1989-01-05,12.5,12.75,12.5,12.625,0.530633,10900
1520,1989-01-06,12.625,12.75,12.625,12.625,0.530633,7300
1521,1989-01-09,12.875,12.875,12.625,12.625,0.530633,1200
1522,1989-01-10,12.5,12.75,12.5,12.625,0.5348689999999999,2600
1523,1989-01-11,12.625,12.625,12.625,12.625,0.5348689999999999,8100
1524,1989-01-12,12.75,12.75,12.625,12.625,0.5348689999999999,11000
1525,1989-01-13,12.75,12.875,12.625,12.875,0.545461,14900
1526,1989-01-16,12.875,12.875,12.875,12.875,0.545461,1300
1527,1989-01-17,12.75,12.75,12.625,12.625,0.5348689999999999,4000
1528,1989-01-18,12.625,12.875,12.625,12.875,0.545461,5400
1529,1989-01-19,12.75,12.875,12.75,12.75,0.540165,2700
1530,1989-01-20,12.75,12.75,12.625,12.625,0.5348689999999999,4000
1531,1989-01-23,12.625,12.875,12.625,12.625,0.5348689999999999,1600
1532,1989-01-24,12.75,12.75,12.625,12.625,0.5348689999999999,1800
1533,1989-01-25,12.625,12.625,12.625,12.625,0.5348689999999999,200
1534,1989-01-26,12.625,12.875,12.625,12.875,0.545461,3100
1535,1989-01-27,13.0,13.0,12.75,12.75,0.540165,3900
1536,1989-01-30,12.625,12.875,12.625,12.875,0.545461,2400
1537,1989-01-31,12.625,12.75,12.625,12.75,0.540165,1500
1538,1989-02-01,12.75,12.75,12.625,12.625,0.5348689999999999,3300
1539,1989-02-02,12.5,12.625,12.5,12.5,0.529574,16200
1540,1989-02-03,12.5,12.625,12.5,12.5,0.529574,1000
1541,1989-02-06,12.5,12.75,12.5,12.5,0.529574,15400
1542,1989-02-07,12.625,12.625,12.625,12.625,0.5348689999999999,2300
1543,1989-02-08,12.625,12.75,12.625,12.625,0.5348689999999999,7300
1544,1989-02-09,12.5,12.75,12.5,12.5,0.534528,15700
1545,1989-02-10,12.5,12.625,12.5,12.5,0.534528,6100
1546,1989-02-13,12.5,12.5,12.5,12.5,0.534528,2100
1547,1989-02-14,12.5,12.75,12.5,12.5,0.534528,6300
1548,1989-02-15,12.5,12.75,12.5,12.5,0.534528,4300
1549,1989-02-16,12.625,12.625,12.5,12.5,0.534528,5500
1550,1989-02-17,12.5,12.75,12.5,12.75,0.545218,3600
1551,1989-02-21,12.625,12.75,12.5,12.75,0.545218,7200
1552,1989-02-22,12.625,12.625,12.5,12.5,0.534528,4500
1553,1989-02-23,12.625,12.625,12.625,12.625,0.539872,200
1554,1989-02-24,12.625,12.625,12.5,12.625,0.539872,4400
1555,1989-02-27,12.625,12.625,12.5,12.5,0.534528,1600
1556,1989-02-28,12.5,12.75,12.5,12.75,0.545218,10700
1557,1989-03-01,12.75,12.875,12.625,12.625,0.539872,14200
1558,1989-03-02,12.75,12.75,12.75,12.75,0.545218,600
1559,1989-03-03,12.625,12.875,12.625,12.75,0.545218,7500
1560,1989-03-06,12.75,12.75,12.625,12.625,0.539872,5500
1561,1989-03-07,12.625,12.75,12.625,12.625,0.539872,13100
1562,1989-03-08,12.625,12.75,12.625,12.75,0.545218,1400
1563,1989-03-09,12.625,12.75,12.625,12.625,0.543926,1500
1564,1989-03-10,12.625,12.875,12.625,12.875,0.554697,3500
1565,1989-03-13,12.75,12.75,12.75,12.75,0.549311,1100
1566,1989-03-14,12.75,12.75,12.625,12.625,0.543926,2700
1567,1989-03-15,12.625,12.75,12.625,12.625,0.543926,10400
1568,1989-03-16,12.625,12.875,12.625,12.875,0.554697,2300
1569,1989-03-17,12.625,12.875,12.625,12.625,0.543926,4100
1570,1989-03-20,12.625,12.625,12.625,12.625,0.543926,9000
1571,1989-03-21,12.625,12.625,12.625,12.625,0.543926,2700
1572,1989-03-22,12.75,12.75,12.625,12.625,0.543926,2300
1573,1989-03-23,12.625,12.75,12.625,12.75,0.549311,4100
1574,1989-03-27,12.75,12.875,12.625,12.625,0.543926,3000
1575,1989-03-28,12.625,12.75,12.625,12.75,0.549311,8600
1576,1989-03-29,12.75,12.875,12.625,12.875,0.554697,1600
1577,1989-03-30,12.75,12.875,12.75,12.75,0.549311,5700
1578,1989-03-31,12.75,12.875,12.75,12.75,0.549311,15100
1579,1989-04-03,12.75,12.875,12.75,12.75,0.549311,3700
1580,1989-04-04,12.75,12.875,12.75,12.75,0.549311,1400
1581,1989-04-05,12.75,12.75,12.75,12.75,0.549311,1600
1582,1989-04-06,12.75,12.875,12.75,12.75,0.549311,5600
1583,1989-04-07,12.875,12.875,12.75,12.75,0.549311,1900
1584,1989-04-10,12.75,12.875,12.75,12.75,0.549311,9100
1585,1989-04-11,12.625,12.75,12.625,12.75,0.555322,6100
1586,1989-04-12,12.875,12.875,12.75,12.75,0.555322,4200
1587,1989-04-13,12.75,12.875,12.75,12.75,0.555322,3800
1588,1989-04-14,12.75,12.875,12.75,12.875,0.560766,2200
1589,1989-04-17,12.75,12.75,12.625,12.625,0.5498770000000001,18800
1590,1989-04-18,12.625,12.75,12.625,12.75,0.555322,7800
1591,1989-04-19,12.625,12.875,12.625,12.75,0.555322,13800
1592,1989-04-20,12.875,12.875,12.75,12.75,0.555322,5500
1593,1989-04-21,12.75,12.875,12.75,12.875,0.560766,800
1594,1989-04-24,12.75,12.875,12.75,12.75,0.555322,17300
1595,1989-04-25,12.75,12.875,12.75,12.875,0.560766,6800
1596,1989-04-26,13.0,13.125,13.0,13.0,0.56621,22900
1597,1989-04-27,13.0,13.125,13.0,13.0,0.56621,15200
1598,1989-04-28,13.0,13.125,13.0,13.0,0.56621,18400
1599,1989-05-01,13.0,13.0,13.0,13.0,0.56621,2700
1600,1989-05-02,13.0,13.125,13.0,13.0,0.56621,1900
1601,1989-05-03,13.0,13.125,13.0,13.0,0.56621,1100
1602,1989-05-04,13.0,13.125,13.0,13.0,0.56621,5700
1603,1989-05-05,13.0,13.125,13.0,13.0,0.56621,1100
1604,1989-05-08,13.0,13.125,13.0,13.0,0.56621,3700
1605,1989-05-09,12.875,13.0,12.875,12.875,0.564938,2400
1606,1989-05-10,12.875,13.0,12.875,13.0,0.5704229999999999,1100
1607,1989-05-11,12.875,13.0,12.875,13.0,0.5704229999999999,3700
1608,1989-05-12,13.0,13.125,13.0,13.0,0.5704229999999999,14100
1609,1989-05-15,13.125,13.125,13.0,13.0,0.5704229999999999,1600
1610,1989-05-16,13.0,13.0,12.875,12.875,0.564938,4000
1611,1989-05-17,12.875,13.0,12.875,12.875,0.564938,2400
1612,1989-05-18,13.0,13.0,12.875,12.875,0.564938,3400
1613,1989-05-19,13.0,13.0,12.875,12.875,0.564938,3300
1614,1989-05-22,12.875,12.875,12.875,12.875,0.564938,600
1615,1989-05-23,12.875,12.875,12.75,12.75,0.559453,15400
1616,1989-05-24,12.75,12.875,12.75,12.75,0.559453,2100
1617,1989-05-25,12.75,12.75,12.75,12.75,0.559453,500
1618,1989-05-26,12.75,12.875,12.75,12.75,0.559453,2700
1619,1989-05-30,12.75,12.75,12.75,12.75,0.559453,1800
1620,1989-05-31,12.75,12.875,12.75,12.75,0.559453,3700
1621,1989-06-01,12.875,13.0,12.75,12.875,0.564938,5200
1622,1989-06-02,12.875,13.0,12.875,12.875,0.564938,1500
1623,1989-06-05,13.0,13.0,12.875,12.875,0.564938,2400
1624,1989-06-06,12.875,13.125,12.875,13.125,0.575907,13700
1625,1989-06-07,13.0,13.125,13.0,13.125,0.575907,1700
1626,1989-06-08,13.0,13.125,13.0,13.125,0.575907,4500
1627,1989-06-09,12.875,13.0,12.875,13.0,0.57724,1100
1628,1989-06-12,13.0,13.0,13.0,13.0,0.57724,400
1629,1989-06-13,12.875,13.0,12.875,12.875,0.571689,6000
1630,1989-06-14,12.875,13.0,12.875,12.875,0.571689,12100
1631,1989-06-15,13.0,13.0,12.875,13.0,0.57724,27900
1632,1989-06-16,13.0,13.0,12.875,12.875,0.571689,8100
1633,1989-06-19,12.875,12.875,12.875,12.875,0.571689,200
1634,1989-06-20,12.875,13.0,12.875,13.0,0.57724,400
1635,1989-06-21,13.0,13.0,12.875,12.875,0.571689,3200
1636,1989-06-22,12.875,13.0,12.875,13.0,0.57724,2900
1637,1989-06-23,13.0,13.0,13.0,13.0,0.57724,7200
1638,1989-06-26,13.0,13.0,13.0,13.0,0.57724,4400
1639,1989-06-27,13.125,13.125,13.0,13.125,0.5827899999999999,3100
1640,1989-06-28,13.0,13.0,12.875,12.875,0.571689,1200
1641,1989-06-29,12.875,12.875,12.875,12.875,0.571689,2400
1642,1989-06-30,13.0,13.0,12.875,12.875,0.571689,1100
1643,1989-07-03,13.125,13.125,13.0,13.0,0.57724,4500
1644,1989-07-05,13.0,13.0,13.0,13.0,0.57724,700
1645,1989-07-06,13.125,13.375,13.125,13.25,0.588341,13400
1646,1989-07-07,13.375,13.375,13.125,13.125,0.5827899999999999,8400
1647,1989-07-10,13.25,13.5,13.25,13.375,0.593891,3900
1648,1989-07-11,13.25,13.5,13.25,13.375,0.598861,8700
1649,1989-07-12,13.25,13.375,13.125,13.125,0.587667,9000
1650,1989-07-13,13.25,13.25,13.0,13.125,0.587667,9200
1651,1989-07-14,13.0,13.0,12.875,13.0,0.582071,5200
1652,1989-07-17,13.0,13.125,13.0,13.0,0.582071,2200
1653,1989-07-18,13.0,13.0,12.875,12.875,0.5764729999999999,3700
1654,1989-07-19,12.875,12.875,12.875,12.875,0.5764729999999999,2600
1655,1989-07-20,12.875,13.125,12.75,13.0,0.582071,4600
1656,1989-07-21,12.875,13.0,12.875,12.875,0.5764729999999999,1900
1657,1989-07-24,12.875,13.125,12.875,13.125,0.587667,4100
1658,1989-07-25,13.0,13.125,12.875,12.875,0.5764729999999999,3500
1659,1989-07-26,13.0,13.0,12.875,12.875,0.5764729999999999,3800
1660,1989-07-27,12.875,12.875,12.875,12.875,0.5764729999999999,2200
1661,1989-07-28,12.875,12.875,12.875,12.875,0.5764729999999999,2700
1662,1989-07-31,12.875,12.875,12.875,12.875,0.5764729999999999,5700
1663,1989-08-01,12.875,13.0,12.875,13.0,0.582071,3000
1664,1989-08-02,12.875,13.125,12.875,13.0,0.582071,15900
1665,1989-08-03,13.0,13.0,13.0,13.0,0.582071,4100
1666,1989-08-04,13.0,13.25,13.0,13.125,0.587667,18000
1667,1989-08-07,13.125,13.375,13.125,13.375,0.598861,3600
1668,1989-08-08,13.25,13.5,13.25,13.5,0.604457,5100
1669,1989-08-09,13.375,13.375,13.125,13.125,0.593737,4200
1670,1989-08-10,13.125,13.25,13.125,13.125,0.593737,7800
1671,1989-08-11,13.125,13.375,13.125,13.375,0.6050449999999999,4700
1672,1989-08-14,13.25,13.375,13.25,13.25,0.599391,3900
1673,1989-08-15,13.25,13.375,13.25,13.25,0.599391,3300
1674,1989-08-16,13.375,13.375,13.25,13.375,0.6050449999999999,2300
1675,1989-08-17,13.375,13.375,13.25,13.375,0.6050449999999999,900
1676,1989-08-18,13.25,13.25,13.125,13.125,0.593737,6900
1677,1989-08-21,13.25,13.25,13.125,13.25,0.599391,8300
1678,1989-08-22,13.125,13.125,13.125,13.125,0.593737,3300
1679,1989-08-23,13.125,13.25,13.125,13.125,0.593737,3800
1680,1989-08-24,13.125,13.125,13.125,13.125,0.593737,0
1681,1989-08-25,13.25,13.25,13.25,13.25,0.599391,1000
1682,1989-08-28,13.25,13.25,13.25,13.25,0.599391,400
1683,1989-08-29,13.25,13.75,13.25,13.625,0.616355,23700
1684,1989-08-30,13.625,13.625,13.5,13.625,0.616355,3500
1685,1989-08-31,13.5,13.5,13.5,13.5,0.6107,2400
1686,1989-09-01,13.625,14.0,13.5,13.875,0.6276649999999999,16200
1687,1989-09-05,13.75,13.875,13.75,13.75,0.6220100000000001,3200
1688,1989-09-06,13.75,14.0,13.75,13.75,0.6220100000000001,5600
1689,1989-09-07,13.875,14.125,13.875,13.875,0.6276649999999999,23600
1690,1989-09-08,13.875,14.0,13.875,14.0,0.633319,4100
1691,1989-09-11,13.625,13.75,13.625,13.75,0.627704,1500
1692,1989-09-12,13.75,13.875,13.75,13.75,0.627704,1800
1693,1989-09-13,13.75,13.75,13.75,13.75,0.627704,10200
1694,1989-09-14,13.75,13.875,13.75,13.75,0.627704,4900
1695,1989-09-15,13.875,14.0,13.875,14.0,0.639117,1100
1696,1989-09-18,13.875,13.875,13.75,13.75,0.627704,3300
1697,1989-09-19,13.75,13.75,13.75,13.75,0.627704,22100
1698,1989-09-20,13.875,13.875,13.75,13.875,0.63341,900
1699,1989-09-21,13.75,14.0,13.75,14.0,0.639117,7900
1700,1989-09-22,14.0,14.125,14.0,14.0,0.639117,2100
1701,1989-09-25,14.0,14.125,14.0,14.125,0.6448229999999999,1000
1702,1989-09-26,14.125,14.125,14.0,14.0,0.639117,1200
1703,1989-09-27,14.25,14.375,14.125,14.375,0.6562359999999999,2300
1704,1989-09-28,14.5,14.625,14.5,14.5,0.661942,6300
1705,1989-09-29,14.375,14.5,14.375,14.5,0.661942,1700
1706,1989-10-02,14.5,14.5,14.375,14.375,0.6562359999999999,800
1707,1989-10-03,14.25,14.375,14.125,14.25,0.650529,10800
1708,1989-10-04,14.125,14.25,14.125,14.125,0.6448229999999999,2200
1709,1989-10-05,14.25,14.25,14.0,14.25,0.650529,2100
1710,1989-10-06,14.25,14.25,14.0,14.125,0.6448229999999999,6000
1711,1989-10-09,14.0,14.0,14.0,14.0,0.639117,4300
1712,1989-10-10,14.0,14.125,14.0,14.125,0.648996,1600
1713,1989-10-11,14.0,14.0,14.0,14.0,0.643252,3500
1714,1989-10-12,14.0,14.0,14.0,14.0,0.643252,3700
1715,1989-10-13,14.0,14.125,13.875,13.875,0.637509,5100
1716,1989-10-16,14.0,14.0,13.75,13.875,0.637509,3000
1717,1989-10-17,13.75,13.875,13.75,13.875,0.637509,1000
1718,1989-10-18,13.75,13.875,13.75,13.75,0.6317649999999999,3900
1719,1989-10-19,13.75,13.875,13.75,13.875,0.637509,7400
1720,1989-10-20,13.875,13.875,13.75,13.75,0.6317649999999999,500
1721,1989-10-23,13.75,13.75,13.75,13.75,0.6317649999999999,6800
1722,1989-10-24,13.625,13.625,13.625,13.625,0.626021,2200
1723,1989-10-25,13.625,13.625,13.625,13.625,0.626021,200
1724,1989-10-26,13.875,13.875,13.625,13.625,0.626021,8400
1725,1989-10-27,13.75,13.75,13.625,13.625,0.626021,2900
1726,1989-10-30,13.75,13.75,13.625,13.625,0.626021,600
1727,1989-10-31,13.625,13.625,13.625,13.625,0.626021,2000
1728,1989-11-01,13.625,13.625,13.625,13.625,0.626021,1900
1729,1989-11-02,13.5,13.5,13.375,13.375,0.614535,23500
1730,1989-11-03,13.5,13.625,13.375,13.375,0.614535,1000
1731,1989-11-06,13.25,13.5,13.25,13.5,0.620279,6700
1732,1989-11-07,13.375,13.5,13.375,13.5,0.620279,1500
1733,1989-11-08,13.625,13.625,13.375,13.5,0.620279,1300
1734,1989-11-09,13.375,13.375,13.25,13.25,0.614344,2800
1735,1989-11-10,13.25,13.5,13.25,13.25,0.614344,2700
1736,1989-11-13,13.375,13.375,13.25,13.25,0.614344,1500
1737,1989-11-14,13.25,13.25,13.25,13.25,0.614344,300
1738,1989-11-15,13.5,13.5,13.25,13.25,0.614344,3100
1739,1989-11-16,13.25,13.25,13.125,13.25,0.614344,5900
1740,1989-11-17,13.25,13.25,13.125,13.125,0.608548,5100
1741,1989-11-20,13.25,13.25,13.125,13.125,0.608548,3900
1742,1989-11-21,13.125,13.125,13.0,13.0,0.6027520000000001,5800
1743,1989-11-22,13.0,13.375,13.0,13.25,0.614344,3400
1744,1989-11-24,13.25,13.25,13.25,13.25,0.614344,0
1745,1989-11-27,13.25,13.25,13.25,13.25,0.614344,300
1746,1989-11-28,13.25,13.375,13.25,13.25,0.614344,3200
1747,1989-11-29,13.25,13.25,13.25,13.25,0.614344,3000
1748,1989-11-30,13.25,13.375,13.125,13.125,0.608548,7200
1749,1989-12-01,13.25,13.25,13.0,13.125,0.608548,6600
1750,1989-12-04,13.125,13.25,13.125,13.125,0.608548,8500
1751,1989-12-05,13.125,13.25,13.125,13.125,0.608548,1500
1752,1989-12-06,13.125,13.25,13.0,13.0,0.6027520000000001,2100
1753,1989-12-07,13.0,13.25,13.0,13.0,0.6027520000000001,9200
1754,1989-12-08,13.0,13.125,13.0,13.0,0.6027520000000001,18000
1755,1989-12-11,13.0,13.0,12.875,12.875,0.601118,4200
1756,1989-12-12,12.875,12.875,12.75,12.75,0.595282,7400
1757,1989-12-13,12.875,12.875,12.5,12.5,0.5836100000000001,10300
1758,1989-12-14,12.75,12.75,12.5,12.625,0.589446,8200
1759,1989-12-15,12.875,12.875,12.75,12.75,0.595282,5700
1760,1989-12-18,12.75,12.875,12.5,12.5,0.5836100000000001,12100
1761,1989-12-19,12.5,12.625,12.375,12.375,0.577774,6400
1762,1989-12-20,12.375,12.5,12.25,12.375,0.577774,20300
1763,1989-12-21,12.25,12.5,12.25,12.375,0.577774,10200
1764,1989-12-22,12.25,12.5,12.25,12.25,0.5719380000000001,6500
1765,1989-12-26,12.375,12.375,12.25,12.25,0.5719380000000001,1100
1766,1989-12-27,12.25,12.625,12.25,12.625,0.589446,9600
1767,1989-12-28,12.5,12.625,12.5,12.625,0.589446,6200
1768,1989-12-29,12.5,13.125,12.5,13.125,0.612791,19600
1769,1990-01-02,12.875,12.875,12.75,12.75,0.595282,3400
1770,1990-01-03,12.625,12.625,12.5,12.625,0.589446,9800
1771,1990-01-04,12.5,12.625,12.5,12.5,0.5836100000000001,1800
1772,1990-01-05,12.5,12.75,12.5,12.625,0.589446,3800
1773,1990-01-08,12.625,12.75,12.5,12.5,0.5836100000000001,7300
1774,1990-01-09,12.375,12.375,12.375,12.375,0.5816359999999999,1200
1775,1990-01-10,12.5,12.5,12.25,12.25,0.575761,17200
1776,1990-01-11,12.375,12.375,12.25,12.25,0.575761,6600
1777,1990-01-12,12.25,12.375,12.25,12.25,0.575761,3700
1778,1990-01-15,12.5,12.5,12.25,12.375,0.5816359999999999,2800
1779,1990-01-16,12.25,12.5,12.25,12.5,0.587511,28600
1780,1990-01-17,12.625,12.625,12.375,12.375,0.5816359999999999,2200
1781,1990-01-18,12.5,12.5,12.25,12.375,0.5816359999999999,4300
1782,1990-01-19,12.375,12.5,12.25,12.375,0.5816359999999999,2100
1783,1990-01-22,12.375,12.5,12.375,12.375,0.5816359999999999,1700
1784,1990-01-23,12.375,12.375,12.25,12.25,0.575761,5900
1785,1990-01-24,12.5,12.5,12.25,12.375,0.5816359999999999,1100
1786,1990-01-25,12.375,12.375,12.25,12.25,0.575761,2400
1787,1990-01-26,12.25,12.375,12.25,12.375,0.5816359999999999,4100
1788,1990-01-29,12.25,12.375,12.25,12.25,0.575761,1200
1789,1990-01-30,12.25,12.375,12.25,12.375,0.5816359999999999,1000
1790,1990-01-31,12.25,12.5,12.25,12.5,0.587511,6200
1791,1990-02-01,12.5,12.5,12.25,12.5,0.587511,2900
1792,1990-02-02,12.375,12.625,12.375,12.375,0.5816359999999999,2200
1793,1990-02-05,12.5,12.75,12.5,12.75,0.5992609999999999,1000
1794,1990-02-06,12.875,13.0,12.875,13.0,0.611012,5600
1795,1990-02-07,12.875,13.25,12.875,13.25,0.622762,2800
1796,1990-02-08,13.0,13.375,13.0,13.375,0.628636,13400
1797,1990-02-09,13.125,13.25,12.875,12.875,0.611953,12400
1798,1990-02-12,13.0,13.0,12.75,12.75,0.606012,2300
1799,1990-02-13,12.875,12.875,12.75,12.75,0.606012,1200
1800,1990-02-14,12.75,13.0,12.625,13.0,0.617895,3500
1801,1990-02-15,12.875,12.875,12.75,12.75,0.606012,400
1802,1990-02-16,12.875,12.875,12.75,12.75,0.606012,1000
1803,1990-02-20,12.625,12.625,12.5,12.5,0.594129,1300
1804,1990-02-21,12.625,12.625,12.375,12.375,0.588188,2200
1805,1990-02-22,12.375,12.375,12.25,12.25,0.5822470000000001,5000
1806,1990-02-23,12.375,12.375,12.25,12.25,0.5822470000000001,4600
1807,1990-02-26,12.25,12.25,12.125,12.25,0.5822470000000001,3200
1808,1990-02-27,12.125,12.125,12.125,12.125,0.576306,1400
1809,1990-02-28,12.125,12.125,12.0,12.0,0.570364,3400
1810,1990-03-01,12.25,12.25,12.25,12.25,0.5822470000000001,1200
1811,1990-03-02,12.25,12.5,12.25,12.5,0.594129,1800
1812,1990-03-05,12.625,12.875,12.625,12.75,0.606012,3000
1813,1990-03-06,12.75,12.75,12.5,12.5,0.594129,5300
1814,1990-03-07,12.625,12.625,12.5,12.5,0.594129,3600
1815,1990-03-08,12.5,12.625,12.5,12.625,0.600071,1100
1816,1990-03-09,12.5,12.5,12.25,12.375,0.593074,4300
1817,1990-03-12,12.375,12.5,12.125,12.125,0.5810930000000001,14600
1818,1990-03-13,12.25,12.25,12.125,12.125,0.5810930000000001,1900
1819,1990-03-14,12.0,12.125,12.0,12.0,0.575102,4300
1820,1990-03-15,12.0,12.125,11.875,12.0,0.575102,13700
1821,1990-03-16,12.0,12.0,11.875,12.0,0.575102,9800
1822,1990-03-19,11.75,11.75,11.75,11.75,0.563121,6700
1823,1990-03-20,11.75,12.0,11.75,12.0,0.575102,3900
1824,1990-03-21,11.875,12.125,11.875,12.0,0.575102,5800
1825,1990-03-22,11.875,12.0,11.875,12.0,0.575102,1700
1826,1990-03-23,11.875,12.0,11.875,11.875,0.5691109999999999,1500
1827,1990-03-26,11.875,11.875,11.875,11.875,0.5691109999999999,2000
1828,1990-03-27,11.875,11.875,11.875,11.875,0.5691109999999999,200
1829,1990-03-28,12.0,12.0,11.75,11.75,0.563121,1200
1830,1990-03-29,11.75,11.875,11.75,11.875,0.5691109999999999,6700
1831,1990-03-30,11.875,12.0,11.875,12.0,0.575102,800
1832,1990-04-02,11.875,12.0,11.875,11.875,0.5691109999999999,2600
1833,1990-04-03,11.75,11.875,11.75,11.75,0.563121,4600
1834,1990-04-04,11.875,11.875,11.75,11.75,0.563121,4700
1835,1990-04-05,11.75,11.875,11.75,11.875,0.5691109999999999,6200
1836,1990-04-06,11.875,11.875,11.75,11.75,0.563121,4600
1837,1990-04-09,11.625,11.75,11.625,11.75,0.5709930000000001,900
1838,1990-04-10,11.75,11.75,11.625,11.75,0.5709930000000001,2300
1839,1990-04-11,11.75,11.875,11.625,11.75,0.5709930000000001,4900
1840,1990-04-12,11.75,11.875,11.75,11.875,0.577067,1200
1841,1990-04-16,11.75,11.75,11.75,11.75,0.5709930000000001,2300
1842,1990-04-17,11.625,11.625,11.625,11.625,0.564919,1400
1843,1990-04-18,11.625,11.625,11.625,11.625,0.564919,1400
1844,1990-04-19,11.625,11.625,11.5,11.625,0.564919,9100
1845,1990-04-20,11.75,11.75,11.5,11.625,0.564919,4200
1846,1990-04-23,11.5,11.5,11.375,11.375,0.55277,1200
1847,1990-04-24,11.375,11.375,11.25,11.25,0.546696,5600
1848,1990-04-25,11.25,11.375,11.25,11.25,0.546696,1400
1849,1990-04-26,11.125,11.25,10.875,11.0,0.534546,12700
1850,1990-04-27,11.0,11.125,10.875,11.0,0.534546,8500
1851,1990-04-30,11.125,11.5,11.0,11.25,0.546696,6500
1852,1990-05-01,11.5,11.5,11.375,11.375,0.55277,800
1853,1990-05-02,11.375,11.375,11.25,11.25,0.546696,4800
1854,1990-05-03,11.25,11.25,11.125,11.125,0.540621,1400
1855,1990-05-04,11.25,11.375,11.25,11.375,0.55277,1000
1856,1990-05-07,11.25,11.5,11.25,11.5,0.558844,3900
1857,1990-05-08,11.375,11.75,11.375,11.75,0.5709930000000001,5100
1858,1990-05-09,11.625,11.625,11.5,11.5,0.565194,1000
1859,1990-05-10,11.5,11.75,11.5,11.75,0.577481,4800
1860,1990-05-11,11.625,11.625,11.625,11.625,0.571337,100
1861,1990-05-14,11.5,11.75,11.5,11.625,0.571337,1500
1862,1990-05-15,11.5,11.625,11.5,11.5,0.565194,3200
1863,1990-05-16,11.5,11.75,11.5,11.625,0.571337,1300
1864,1990-05-17,11.625,11.75,11.5,11.5,0.565194,4800
1865,1990-05-18,11.5,11.5,11.5,11.5,0.565194,500
1866,1990-05-21,11.5,11.5,11.5,11.5,0.565194,10300
1867,1990-05-22,11.5,11.75,11.5,11.625,0.571337,6100
1868,1990-05-23,11.625,11.75,11.625,11.625,0.571337,500
1869,1990-05-24,11.625,11.875,11.625,11.625,0.571337,3800
1870,1990-05-25,11.5,11.5,11.375,11.375,0.5590510000000001,1300
1871,1990-05-29,11.25,11.625,11.25,11.625,0.571337,6900
1872,1990-05-30,11.75,11.75,11.375,11.375,0.5590510000000001,2000
1873,1990-05-31,11.375,11.625,11.375,11.5,0.565194,2700
1874,1990-06-01,11.5,11.5,11.5,11.5,0.565194,600
1875,1990-06-04,11.625,11.625,11.375,11.375,0.5590510000000001,3400
1876,1990-06-05,11.375,11.5,11.375,11.5,0.565194,1000
1877,1990-06-06,11.375,11.375,11.25,11.375,0.5590510000000001,15500
1878,1990-06-07,11.5,11.5,11.375,11.375,0.5590510000000001,3500
1879,1990-06-08,11.25,11.5,11.25,11.375,0.5590510000000001,3100
1880,1990-06-11,11.125,11.25,11.125,11.25,0.5594979999999999,2200
1881,1990-06-12,11.375,11.375,11.25,11.25,0.5594979999999999,900
1882,1990-06-13,11.25,11.25,11.0,11.25,0.5594979999999999,5000
1883,1990-06-14,11.25,11.5,11.25,11.5,0.5719310000000001,500
1884,1990-06-15,11.375,11.5,11.375,11.375,0.565714,1400
1885,1990-06-18,11.5,11.75,11.375,11.75,0.5843649999999999,5200
1886,1990-06-19,11.625,11.625,11.375,11.375,0.565714,8200
1887,1990-06-20,11.5,11.5,11.25,11.375,0.565714,1400
1888,1990-06-21,11.5,11.5,11.25,11.25,0.5594979999999999,3100
1889,1990-06-22,11.375,11.375,11.125,11.375,0.565714,3400
1890,1990-06-25,11.5,11.5,11.375,11.375,0.565714,1200
1891,1990-06-26,11.25,11.25,11.25,11.25,0.5594979999999999,2800
1892,1990-06-27,11.25,11.375,11.25,11.25,0.5594979999999999,2000
1893,1990-06-28,11.25,11.25,11.25,11.25,0.5594979999999999,600
1894,1990-06-29,11.375,11.375,11.25,11.25,0.5594979999999999,2900
1895,1990-07-02,11.25,11.375,11.25,11.375,0.565714,900
1896,1990-07-03,11.25,11.25,11.125,11.25,0.5594979999999999,2000
1897,1990-07-05,11.125,11.375,11.125,11.375,0.565714,1700
1898,1990-07-06,11.25,11.375,11.25,11.375,0.565714,900
1899,1990-07-09,11.25,11.25,11.0,11.25,0.5594979999999999,13500
1900,1990-07-10,11.0,11.0,10.875,11.0,0.551872,3400
1901,1990-07-11,11.0,11.0,10.875,10.875,0.545601,8400
1902,1990-07-12,11.0,11.25,11.0,11.0,0.551872,5900
1903,1990-07-13,11.25,11.375,11.125,11.25,0.564415,4700
1904,1990-07-16,11.125,11.375,11.125,11.25,0.564415,1400
1905,1990-07-17,11.375,11.375,11.125,11.25,0.564415,4900
1906,1990-07-18,11.25,11.25,11.125,11.125,0.5581430000000001,5100
1907,1990-07-19,11.125,11.125,11.0,11.0,0.551872,7100
1908,1990-07-20,11.0,11.125,11.0,11.125,0.5581430000000001,3000
1909,1990-07-23,11.0,11.125,11.0,11.0,0.551872,7900
1910,1990-07-24,11.125,11.25,11.0,11.25,0.564415,4500
1911,1990-07-25,11.125,11.125,11.0,11.0,0.551872,1000
1912,1990-07-26,10.875,11.125,10.875,11.125,0.5581430000000001,5700
1913,1990-07-27,11.0,11.125,11.0,11.0,0.551872,8000
1914,1990-07-30,11.125,11.25,11.0,11.125,0.5581430000000001,6300
1915,1990-07-31,11.125,11.125,11.0,11.125,0.5581430000000001,3100
1916,1990-08-01,11.125,11.125,11.0,11.125,0.5581430000000001,4200
1917,1990-08-02,11.375,11.75,11.375,11.5,0.5769569999999999,74300
1918,1990-08-03,11.5,11.75,11.5,11.75,0.5895,32500
1919,1990-08-06,11.75,12.0,11.75,12.0,0.602042,18300
1920,1990-08-07,12.0,12.125,11.875,12.125,0.608313,8300
1921,1990-08-08,12.0,12.125,12.0,12.125,0.608313,14400
1922,1990-08-09,11.75,12.0,11.75,12.0,0.607403,3600
1923,1990-08-10,12.0,12.0,11.625,11.875,0.601076,8400
1924,1990-08-13,11.875,11.875,11.625,11.875,0.601076,2500
1925,1990-08-14,11.875,11.875,11.625,11.875,0.601076,4300
1926,1990-08-15,11.875,11.875,11.625,11.625,0.588421,2300
1927,1990-08-16,11.875,11.875,11.625,11.875,0.601076,1900
1928,1990-08-17,11.875,11.875,11.625,11.875,0.601076,3800
1929,1990-08-20,11.625,13.0,11.625,13.0,0.6580189999999999,52900
1930,1990-08-21,13.0,13.0,12.75,12.875,0.651692,14200
1931,1990-08-22,12.875,13.5,12.875,13.5,0.683327,39600
1932,1990-08-23,13.5,13.625,12.875,13.125,0.664346,38600
1933,1990-08-24,13.125,13.375,13.0,13.375,0.677,19200
1934,1990-08-27,13.125,13.625,13.125,13.25,0.670673,19700
1935,1990-08-28,13.0,13.375,13.0,13.25,0.670673,7200
1936,1990-08-29,13.125,13.25,13.0,13.0,0.6580189999999999,14600
1937,1990-08-30,12.875,13.0,12.875,13.0,0.6580189999999999,18900
1938,1990-08-31,13.0,13.0,12.875,12.875,0.651692,3100
1939,1990-09-04,12.75,13.0,12.75,13.0,0.6580189999999999,4800
1940,1990-09-05,12.75,13.125,12.75,13.125,0.664346,16400
1941,1990-09-06,13.25,13.375,13.125,13.125,0.664346,9400
1942,1990-09-07,13.125,13.375,13.125,13.375,0.677,9200
1943,1990-09-10,13.375,13.375,13.125,13.25,0.670673,3400
1944,1990-09-11,13.125,13.25,13.125,13.25,0.676391,2500
1945,1990-09-12,13.25,13.25,13.125,13.25,0.676391,2700
1946,1990-09-13,13.25,13.25,13.0,13.0,0.663629,3300
1947,1990-09-14,13.0,13.0,12.875,12.875,0.6572479999999999,10800
1948,1990-09-17,12.875,13.0,12.875,12.875,0.6572479999999999,2100
1949,1990-09-18,12.875,13.25,12.875,13.25,0.676391,4500
1950,1990-09-19,13.25,13.25,13.0,13.25,0.676391,2800
1951,1990-09-20,13.25,13.25,13.125,13.25,0.676391,3700
1952,1990-09-21,13.25,13.25,13.125,13.125,0.67001,1700
1953,1990-09-24,13.125,13.25,13.0,13.125,0.67001,24800
1954,1990-09-25,13.125,13.25,13.125,13.25,0.676391,13900
1955,1990-09-26,13.25,13.25,13.0,13.125,0.67001,11900
1956,1990-09-27,13.125,13.125,13.125,13.125,0.67001,1800
1957,1990-09-28,13.25,13.25,13.125,13.25,0.676391,2700
1958,1990-10-01,13.25,13.25,13.0,13.0,0.663629,5800
1959,1990-10-02,13.0,13.0,12.875,12.875,0.6572479999999999,1600
1960,1990-10-03,13.0,13.125,13.0,13.125,0.67001,1500
1961,1990-10-04,13.125,13.25,13.125,13.125,0.67001,1200
1962,1990-10-05,13.0,13.125,13.0,13.125,0.67001,3000
1963,1990-10-08,13.125,13.125,13.0,13.0,0.663629,2400
1964,1990-10-09,12.875,13.0,12.875,13.0,0.669708,900
1965,1990-10-10,13.0,13.125,12.875,13.125,0.676147,6800
1966,1990-10-11,13.125,13.125,13.0,13.0,0.669708,4600
1967,1990-10-12,13.0,13.0,12.75,12.75,0.656828,9400
1968,1990-10-15,12.875,12.875,12.625,12.75,0.656828,3200
1969,1990-10-16,12.625,12.625,12.625,12.625,0.650388,400
1970,1990-10-17,12.5,12.5,12.25,12.25,0.631071,3200
1971,1990-10-18,12.125,12.375,12.125,12.375,0.63751,5000
1972,1990-10-19,12.375,12.375,12.125,12.125,0.624631,3800
1973,1990-10-22,12.125,12.125,12.125,12.125,0.624631,0
1974,1990-10-23,12.0,12.0,11.75,11.75,0.605313,6500
1975,1990-10-24,11.875,11.875,11.875,11.875,0.6117520000000001,300
1976,1990-10-25,11.875,11.875,11.875,11.875,0.6117520000000001,700
1977,1990-10-26,11.875,12.0,11.75,11.75,0.605313,1900
1978,1990-10-29,11.75,11.75,11.75,11.75,0.605313,0
1979,1990-10-30,11.875,11.875,10.875,11.125,0.573116,40400
1980,1990-10-31,11.25,11.5,11.25,11.5,0.592434,4800
1981,1990-11-01,11.5,11.75,11.5,11.75,0.605313,10600
1982,1990-11-02,12.0,12.375,12.0,12.125,0.624631,21300
1983,1990-11-05,12.0,12.25,11.75,11.75,0.605313,3200
1984,1990-11-06,11.875,12.375,11.875,12.375,0.63751,10300
1985,1990-11-07,12.25,12.25,12.0,12.25,0.631071,3300
1986,1990-11-08,11.75,11.875,11.625,11.875,0.620259,8600
1987,1990-11-09,11.75,11.875,11.75,11.875,0.620259,2400
1988,1990-11-12,11.625,11.75,11.5,11.5,0.600671,4600
1989,1990-11-13,11.375,11.375,11.375,11.375,0.5941420000000001,900
1990,1990-11-14,11.625,11.75,11.5,11.625,0.607201,8700
1991,1990-11-15,11.625,11.875,11.625,11.625,0.607201,3500
1992,1990-11-16,11.5,11.75,11.5,11.75,0.61373,1900
1993,1990-11-19,11.625,12.125,11.625,12.125,0.633317,7000
1994,1990-11-20,12.0,12.0,11.875,12.0,0.626788,1900
1995,1990-11-21,11.75,11.75,11.75,11.75,0.61373,1400
1996,1990-11-23,11.75,11.875,11.625,11.75,0.61373,1100
1997,1990-11-26,11.625,11.75,11.5,11.75,0.61373,2400
1998,1990-11-27,11.625,11.75,11.625,11.625,0.607201,1200
1999,1990-11-28,11.625,11.75,11.625,11.75,0.61373,1900
2000,1990-11-29,11.75,11.75,11.75,11.75,0.61373,1800
2001,1990-11-30,11.75,11.75,11.625,11.625,0.607201,1500
2002,1990-12-03,11.625,11.75,11.625,11.75,0.61373,1900
2003,1990-12-04,11.75,11.875,11.75,11.75,0.61373,4500
2004,1990-12-05,11.75,11.875,11.75,11.75,0.61373,2900
2005,1990-12-06,11.625,11.625,11.375,11.375,0.5941420000000001,11300
2006,1990-12-07,11.5,11.5,11.375,11.5,0.600671,8200
2007,1990-12-10,11.75,11.75,11.5,11.5,0.600671,3300
2008,1990-12-11,11.25,11.25,11.25,11.25,0.596167,1600
2009,1990-12-12,11.25,11.25,11.0,11.0,0.582919,8800
2010,1990-12-13,11.0,11.0,10.875,10.875,0.576295,3200
2011,1990-12-14,10.875,11.0,10.75,10.875,0.576295,15700
2012,1990-12-17,10.875,10.875,10.625,10.75,0.569671,5400
2013,1990-12-18,11.0,11.375,11.0,11.375,0.602791,6000
2014,1990-12-19,11.25,11.875,11.25,11.75,0.622664,25200
2015,1990-12-20,11.5,11.625,11.5,11.5,0.6094149999999999,1200
2016,1990-12-21,11.25,11.25,10.75,11.0,0.582919,27000
2017,1990-12-24,11.25,11.25,11.0,11.0,0.582919,7200
2018,1990-12-26,11.0,11.25,11.0,11.125,0.589543,2100
2019,1990-12-27,11.25,11.25,11.0,11.125,0.589543,4300
2020,1990-12-28,11.0,11.0,10.875,11.0,0.582919,4700
2021,1990-12-31,11.125,11.25,11.0,11.125,0.589543,3300
2022,1991-01-02,11.25,11.25,11.125,11.125,0.589543,1500
2023,1991-01-03,11.125,11.25,11.125,11.25,0.596167,2100
2024,1991-01-04,11.25,11.25,11.125,11.25,0.596167,2400
2025,1991-01-07,11.25,11.25,11.125,11.25,0.596167,2500
2026,1991-01-08,11.125,11.25,11.125,11.25,0.596167,1800
2027,1991-01-09,11.0,11.125,11.0,11.0,0.590956,4300
2028,1991-01-10,11.125,11.375,11.125,11.375,0.611102,2800
2029,1991-01-11,11.25,11.375,11.25,11.375,0.611102,2500
2030,1991-01-14,11.25,11.375,11.25,11.375,0.611102,1400
2031,1991-01-15,11.5,11.875,11.5,11.875,0.6379640000000001,3100
2032,1991-01-16,11.875,12.0,11.75,11.75,0.6312479999999999,5200
2033,1991-01-17,11.625,11.625,11.0,11.125,0.597672,12100
2034,1991-01-18,11.0,11.25,11.0,11.0,0.590956,4000
2035,1991-01-21,11.0,11.0,11.0,11.0,0.590956,2300
2036,1991-01-22,11.25,11.25,11.25,11.25,0.604387,7300
2037,1991-01-23,11.5,11.5,11.375,11.375,0.611102,1100
2038,1991-01-24,11.5,11.5,11.375,11.5,0.617818,1500
2039,1991-01-25,11.375,11.375,11.125,11.125,0.597672,5300
2040,1991-01-28,11.25,11.375,11.125,11.25,0.604387,2700
2041,1991-01-29,11.125,11.375,11.125,11.25,0.604387,5700
2042,1991-01-30,11.375,11.375,11.25,11.25,0.604387,2300
2043,1991-01-31,11.125,11.375,11.125,11.25,0.604387,4200
2044,1991-02-01,11.375,11.375,11.375,11.375,0.611102,2100
2045,1991-02-04,11.375,11.375,11.25,11.25,0.604387,5000
2046,1991-02-05,11.25,11.625,11.25,11.625,0.624533,3000
2047,1991-02-06,11.5,12.0,11.5,12.0,0.644679,4900
2048,1991-02-07,11.875,11.875,11.75,11.75,0.6312479999999999,16000
2049,1991-02-08,11.5,11.875,11.5,11.875,0.6379640000000001,5900
2050,1991-02-11,11.75,11.875,11.75,11.875,0.647838,8400
2051,1991-02-12,11.625,11.75,11.625,11.625,0.634199,2400
2052,1991-02-13,11.75,11.75,11.5,11.5,0.62738,6900
2053,1991-02-14,11.5,11.75,11.5,11.75,0.641019,9800
2054,1991-02-15,11.75,11.75,11.625,11.75,0.641019,6600
2055,1991-02-19,11.75,12.125,11.625,12.125,0.6614770000000001,16400
2056,1991-02-20,12.0,12.0,11.875,11.875,0.647838,3800
2057,1991-02-21,12.0,12.0,11.875,11.875,0.647838,3400
2058,1991-02-22,11.75,11.75,11.5,11.5,0.62738,5800
2059,1991-02-25,11.625,11.875,11.625,11.75,0.641019,2500
2060,1991-02-26,11.75,11.875,11.625,11.875,0.647838,6500
2061,1991-02-27,11.625,11.875,11.625,11.625,0.634199,11300
2062,1991-02-28,11.625,11.75,11.625,11.625,0.634199,2300
2063,1991-03-01,11.75,11.875,11.75,11.75,0.641019,2500
2064,1991-03-04,11.875,12.125,11.875,12.0,0.654658,5600
2065,1991-03-05,11.75,12.0,11.75,12.0,0.654658,13300
2066,1991-03-06,12.0,12.0,11.875,11.875,0.647838,5500
2067,1991-03-07,12.125,12.125,12.125,12.125,0.6614770000000001,1900
2068,1991-03-08,12.25,12.25,11.875,12.0,0.654658,19000
2069,1991-03-11,12.0,12.0,11.625,11.625,0.641469,4800
2070,1991-03-12,11.625,11.875,11.625,11.625,0.641469,3200
2071,1991-03-13,11.5,11.5,11.0,11.25,0.620777,36700
2072,1991-03-14,11.25,11.375,11.125,11.375,0.627675,4700
2073,1991-03-15,11.25,11.375,11.25,11.25,0.620777,5300
2074,1991-03-18,11.25,11.625,11.25,11.625,0.641469,4100
2075,1991-03-19,11.625,11.625,11.625,11.625,0.641469,4300
2076,1991-03-20,11.5,11.75,11.5,11.75,0.648367,3800
2077,1991-03-21,11.75,11.75,11.375,11.375,0.627675,4900
2078,1991-03-22,11.5,11.75,11.375,11.75,0.648367,4200
2079,1991-03-25,11.625,11.875,11.625,11.875,0.655265,5700
2080,1991-03-26,11.75,11.875,11.625,11.875,0.655265,4800
2081,1991-03-27,11.875,11.875,11.5,11.625,0.641469,2800
2082,1991-03-28,11.75,11.75,11.375,11.375,0.627675,5700
2083,1991-04-01,11.625,11.875,11.5,11.75,0.648367,9700
2084,1991-04-02,11.875,12.0,11.75,12.0,0.662162,4600
2085,1991-04-03,11.75,12.0,11.75,11.875,0.655265,10300
2086,1991-04-04,12.0,12.0,11.875,11.875,0.655265,11400
2087,1991-04-05,11.875,12.0,11.875,11.875,0.655265,3300
2088,1991-04-08,11.875,12.0,11.875,11.875,0.655265,8700
2089,1991-04-09,11.875,12.0,11.875,12.0,0.66989,6300
2090,1991-04-10,11.875,11.875,11.875,11.875,0.662913,4300
2091,1991-04-11,11.875,12.0,11.875,12.0,0.66989,4000
2092,1991-04-12,12.0,12.0,11.875,11.875,0.662913,3600
2093,1991-04-15,12.0,12.125,11.75,12.125,0.676868,6800
2094,1991-04-16,12.125,12.125,12.0,12.0,0.66989,5700
2095,1991-04-17,12.0,12.0,11.875,12.0,0.66989,3100
2096,1991-04-18,11.875,12.0,11.875,11.875,0.662913,2800
2097,1991-04-19,11.875,12.0,11.875,11.875,0.662913,2700
2098,1991-04-22,11.875,12.125,11.875,12.125,0.676868,6700
2099,1991-04-23,12.125,12.125,12.0,12.0,0.66989,2400
2100,1991-04-24,11.875,12.125,11.75,11.875,0.662913,8600
2101,1991-04-25,12.0,12.0,11.875,11.875,0.662913,2500
2102,1991-04-26,11.875,12.0,11.875,12.0,0.66989,1600
2103,1991-04-29,11.875,12.125,11.875,12.125,0.676868,4400
2104,1991-04-30,12.0,12.25,12.0,12.0,0.66989,6200
2105,1991-05-01,12.125,12.25,12.125,12.25,0.683846,4200
2106,1991-05-02,12.125,12.25,12.125,12.125,0.676868,4300
2107,1991-05-03,12.125,12.25,12.125,12.25,0.683846,1800
2108,1991-05-06,12.375,12.375,12.25,12.25,0.683846,9000
2109,1991-05-07,12.25,12.25,12.125,12.125,0.676868,2500
2110,1991-05-08,12.25,12.375,12.125,12.375,0.690824,2200
2111,1991-05-09,12.125,12.375,12.125,12.25,0.69088,3700
2112,1991-05-10,12.125,12.125,12.125,12.125,0.683832,1000
2113,1991-05-13,12.125,12.25,12.0,12.125,0.683832,6700
2114,1991-05-14,12.125,12.375,12.125,12.375,0.69793,6500
2115,1991-05-15,12.25,12.5,12.25,12.5,0.7049810000000001,5400
2116,1991-05-16,12.375,12.625,12.375,12.5,0.7049810000000001,2100
2117,1991-05-17,12.5,12.625,12.5,12.625,0.71203,4400
2118,1991-05-20,12.5,12.625,12.5,12.5,0.7049810000000001,2600
2119,1991-05-21,12.5,12.75,12.5,12.75,0.7190810000000001,3800
2120,1991-05-22,12.625,12.75,12.5,12.5,0.7049810000000001,1000
2121,1991-05-23,12.5,12.625,12.375,12.5,0.7049810000000001,9900
2122,1991-05-24,12.5,12.5,12.5,12.5,0.7049810000000001,700
2123,1991-05-28,12.5,12.75,12.5,12.75,0.7190810000000001,2200
2124,1991-05-29,12.625,12.75,12.625,12.625,0.71203,3200
2125,1991-05-30,12.625,12.75,12.625,12.625,0.71203,2500
2126,1991-05-31,12.625,12.625,12.625,12.625,0.71203,500
2127,1991-06-03,12.875,12.875,12.75,12.75,0.7190810000000001,4100
2128,1991-06-04,12.75,12.875,12.75,12.75,0.7190810000000001,4700
2129,1991-06-05,12.75,12.875,12.75,12.875,0.72613,2000
2130,1991-06-06,12.875,13.0,12.75,13.0,0.73318,2900
2131,1991-06-07,13.0,13.0,12.75,12.75,0.7190810000000001,2300
2132,1991-06-10,12.875,13.0,12.625,12.625,0.71203,12900
2133,1991-06-11,12.25,12.5,12.25,12.5,0.7127720000000001,4200
2134,1991-06-12,12.375,12.5,12.25,12.375,0.7056439999999999,3000
2135,1991-06-13,12.375,12.375,12.25,12.375,0.7056439999999999,1800
2136,1991-06-14,12.375,12.375,12.25,12.25,0.698516,1300
2137,1991-06-17,12.25,12.375,12.25,12.25,0.698516,4100
2138,1991-06-18,12.25,12.375,12.25,12.25,0.698516,3700
2139,1991-06-19,12.375,12.375,12.25,12.25,0.698516,3600
2140,1991-06-20,12.375,12.625,12.375,12.625,0.719899,6600
2141,1991-06-21,12.5,12.875,12.5,12.75,0.727028,3300
2142,1991-06-24,12.75,12.75,12.625,12.625,0.719899,1200
2143,1991-06-25,12.625,12.625,12.375,12.5,0.7127720000000001,7300
2144,1991-06-26,12.375,12.375,12.25,12.25,0.698516,5700
2145,1991-06-27,12.375,12.5,12.25,12.5,0.7127720000000001,2100
2146,1991-06-28,12.375,12.375,12.25,12.25,0.698516,5500
2147,1991-07-01,12.25,12.5,12.25,12.375,0.7056439999999999,6600
2148,1991-07-02,12.5,12.5,12.5,12.5,0.7127720000000001,200
2149,1991-07-03,12.5,12.625,12.375,12.375,0.7056439999999999,5700
2150,1991-07-05,12.375,12.375,12.375,12.375,0.7056439999999999,1200
2151,1991-07-08,12.375,12.5,12.25,12.5,0.7127720000000001,3200
2152,1991-07-09,12.125,12.125,12.125,12.125,0.698937,9600
2153,1991-07-10,12.125,12.25,12.0,12.125,0.698937,6300
2154,1991-07-11,12.25,12.25,12.125,12.125,0.698937,600
2155,1991-07-12,12.125,12.25,12.125,12.125,0.698937,4400
2156,1991-07-15,12.25,12.25,12.0,12.0,0.691731,10800
2157,1991-07-16,12.25,12.375,12.125,12.25,0.706142,6300
2158,1991-07-17,12.25,12.375,12.0,12.125,0.698937,14300
2159,1991-07-18,12.25,12.25,12.0,12.0,0.691731,16400
2160,1991-07-19,12.0,12.125,12.0,12.125,0.698937,2100
2161,1991-07-22,12.25,12.375,11.875,12.0,0.691731,10300
2162,1991-07-23,12.0,12.0,11.875,11.875,0.684526,11700
2163,1991-07-24,11.875,12.0,11.75,11.875,0.684526,10500
2164,1991-07-25,12.0,12.0,11.75,12.0,0.691731,5200
2165,1991-07-26,12.0,12.0,12.0,12.0,0.691731,1900
2166,1991-07-29,12.0,12.0,11.875,12.0,0.691731,5100
2167,1991-07-30,12.0,12.0,11.875,12.0,0.691731,1700
2168,1991-07-31,12.0,12.125,12.0,12.0,0.691731,7900
2169,1991-08-01,12.25,12.25,12.0,12.0,0.691731,21300
2170,1991-08-02,12.25,12.25,12.125,12.25,0.706142,2800
2171,1991-08-05,12.0,12.0,11.75,12.0,0.691731,9700
2172,1991-08-06,11.75,12.0,11.75,12.0,0.691731,12700
2173,1991-08-07,12.125,12.125,12.125,12.125,0.698937,1200
2174,1991-08-08,12.25,12.375,12.25,12.375,0.713348,2800
2175,1991-08-09,12.25,12.375,12.25,12.25,0.714281,10000
2176,1991-08-12,12.125,12.125,12.0,12.125,0.706992,5700
2177,1991-08-13,11.875,12.25,11.875,12.25,0.714281,6600
2178,1991-08-14,12.25,12.25,12.0,12.25,0.714281,6900
2179,1991-08-15,12.25,12.25,12.0,12.125,0.706992,5100
2180,1991-08-16,12.0,12.125,11.75,12.125,0.706992,11500
2181,1991-08-19,11.875,11.875,11.75,11.875,0.692416,14000
2182,1991-08-20,11.875,12.125,11.75,12.125,0.706992,8700
2183,1991-08-21,12.0,12.25,12.0,12.25,0.714281,1900
2184,1991-08-22,12.125,12.125,11.75,12.0,0.699704,15400
2185,1991-08-23,12.0,12.0,11.75,12.0,0.699704,24000
2186,1991-08-26,11.875,12.0,11.875,12.0,0.699704,11100
2187,1991-08-27,11.75,12.0,11.75,12.0,0.699704,13500
2188,1991-08-28,11.875,12.0,11.875,12.0,0.699704,2800
2189,1991-08-29,12.0,12.0,11.875,11.875,0.692416,2300
2190,1991-08-30,12.0,12.0,11.875,12.0,0.699704,11900
2191,1991-09-03,12.125,12.125,12.0,12.125,0.706992,1800
2192,1991-09-04,12.125,12.125,12.125,12.125,0.706992,3500
2193,1991-09-05,12.25,12.25,12.125,12.25,0.714281,4200
2194,1991-09-06,12.125,12.25,12.125,12.125,0.706992,6500
2195,1991-09-09,12.25,12.25,11.875,12.0,0.699704,16800
2196,1991-09-10,11.875,12.0,11.875,12.0,0.706176,17600
2197,1991-09-11,12.0,12.0,11.875,12.0,0.706176,6500
2198,1991-09-12,12.0,12.0,11.875,12.0,0.706176,7900
2199,1991-09-13,12.0,12.125,12.0,12.125,0.713533,1500
2200,1991-09-16,12.125,12.25,12.125,12.25,0.720889,7400
2201,1991-09-17,12.25,12.25,12.125,12.125,0.713533,4500
2202,1991-09-18,12.125,12.25,12.125,12.25,0.720889,7100
2203,1991-09-19,12.25,12.25,12.125,12.25,0.720889,11000
2204,1991-09-20,12.25,12.25,12.25,12.25,0.720889,9900
2205,1991-09-23,12.25,12.375,12.25,12.375,0.728245,7200
2206,1991-09-24,12.375,12.375,12.25,12.375,0.728245,4300
2207,1991-09-25,12.375,12.375,12.25,12.25,0.720889,2100
2208,1991-09-26,12.375,12.375,12.25,12.25,0.720889,7300
2209,1991-09-27,12.125,12.25,12.125,12.25,0.720889,8700
2210,1991-09-30,12.25,12.375,12.125,12.375,0.728245,9500
2211,1991-10-01,12.375,12.375,12.25,12.375,0.728245,7500
2212,1991-10-02,12.25,12.375,12.125,12.125,0.713533,13100
2213,1991-10-03,12.25,12.25,12.125,12.125,0.713533,2600
2214,1991-10-04,12.125,12.25,12.125,12.25,0.720889,5900
2215,1991-10-07,12.25,12.25,12.125,12.25,0.720889,9600
2216,1991-10-08,12.25,12.25,12.125,12.125,0.719288,26200
2217,1991-10-09,12.125,12.375,12.125,12.375,0.734118,9700
2218,1991-10-10,12.5,12.5,12.25,12.375,0.734118,4100
2219,1991-10-11,12.25,12.375,12.25,12.25,0.7267020000000001,3000
2220,1991-10-14,12.25,12.625,12.25,12.625,0.748949,10200
2221,1991-10-15,12.625,12.75,12.5,12.75,0.756365,2900
2222,1991-10-16,12.75,12.75,12.625,12.625,0.748949,5900
2223,1991-10-17,12.625,12.75,12.625,12.625,0.748949,1400
2224,1991-10-18,12.625,13.0,12.625,13.0,0.771195,8400
2225,1991-10-21,12.875,12.875,12.625,12.875,0.76378,14600
2226,1991-10-22,12.75,12.875,12.75,12.75,0.756365,10800
2227,1991-10-23,12.75,12.875,12.75,12.875,0.76378,3300
2228,1991-10-24,12.75,12.875,12.75,12.875,0.76378,2100
2229,1991-10-25,12.75,12.875,12.75,12.875,0.76378,2000
2230,1991-10-28,12.875,13.0,12.75,12.875,0.76378,8100
2231,1991-10-29,13.0,13.0,13.0,13.0,0.771195,13500
2232,1991-10-30,12.875,13.0,12.875,13.0,0.771195,4000
2233,1991-10-31,13.125,13.125,12.875,13.0,0.771195,22300
2234,1991-11-01,12.875,13.0,12.875,12.875,0.76378,16000
2235,1991-11-04,12.875,12.875,12.875,12.875,0.76378,20500
2236,1991-11-05,12.875,12.875,12.75,12.75,0.756365,4900
2237,1991-11-06,12.875,12.875,12.75,12.875,0.76378,8400
2238,1991-11-07,12.875,13.125,12.875,13.125,0.77861,15500
2239,1991-11-08,13.125,13.125,13.0,13.125,0.785251,1900
2240,1991-11-11,13.125,13.125,13.0,13.0,0.777772,6400
2241,1991-11-12,13.125,13.125,13.0,13.125,0.785251,41900
2242,1991-11-13,13.125,13.125,13.0,13.0,0.777772,9200
2243,1991-11-14,13.0,13.125,13.0,13.0,0.777772,3400
2244,1991-11-15,13.125,13.125,12.875,12.875,0.7702939999999999,15900
2245,1991-11-18,12.875,13.125,12.75,13.125,0.785251,12400
2246,1991-11-19,13.0,13.125,13.0,13.125,0.785251,6500
2247,1991-11-20,13.125,13.125,13.0,13.125,0.785251,1600
2248,1991-11-21,13.0,13.125,13.0,13.125,0.785251,6700
2249,1991-11-22,13.0,13.125,13.0,13.125,0.785251,10200
2250,1991-11-25,13.0,13.125,12.875,13.0,0.777772,22000
2251,1991-11-26,13.0,13.0,13.0,13.0,0.777772,5000
2252,1991-11-27,12.875,13.0,12.875,13.0,0.777772,12400
2253,1991-11-29,13.0,13.0,12.625,12.625,0.755336,2800
2254,1991-12-02,12.75,13.0,12.75,12.75,0.7628159999999999,9500
2255,1991-12-03,12.875,13.0,12.75,13.0,0.777772,6800
2256,1991-12-04,12.875,13.125,12.875,13.0,0.777772,6500
2257,1991-12-05,13.125,13.125,13.0,13.125,0.785251,14800
2258,1991-12-06,13.0,13.0,12.875,13.0,0.777772,12800
2259,1991-12-09,13.0,13.0,12.875,12.875,0.7702939999999999,4500
2260,1991-12-10,12.875,13.0,12.75,13.0,0.782697,9500
2261,1991-12-11,12.75,12.875,12.75,12.875,0.775171,6500
2262,1991-12-12,12.875,12.875,12.75,12.75,0.767646,2100
2263,1991-12-13,12.875,12.875,12.75,12.875,0.775171,3700
2264,1991-12-16,12.875,12.875,12.5,12.75,0.767646,17400
2265,1991-12-17,12.625,12.625,12.0,12.0,0.722489,18700
2266,1991-12-18,12.0,12.375,12.0,12.375,0.745067,10100
2267,1991-12-19,12.25,12.25,12.25,12.25,0.737541,2200
2268,1991-12-20,12.375,12.375,12.125,12.125,0.730015,7900
2269,1991-12-23,12.25,12.25,12.0,12.0,0.722489,13300
2270,1991-12-24,12.125,12.25,12.125,12.25,0.737541,5300
2271,1991-12-26,12.25,12.25,12.0,12.0,0.722489,4300
2272,1991-12-27,12.0,12.125,12.0,12.125,0.730015,6100
2273,1991-12-30,12.125,12.25,12.125,12.125,0.730015,10900
2274,1991-12-31,12.25,12.25,12.125,12.25,0.737541,7200
2275,1992-01-02,12.125,12.375,12.125,12.375,0.745067,8800
2276,1992-01-03,12.375,12.625,12.375,12.625,0.7601180000000001,7900
2277,1992-01-06,12.625,12.625,12.375,12.375,0.745067,3400
2278,1992-01-07,12.5,12.75,12.375,12.625,0.7601180000000001,10600
2279,1992-01-08,12.625,13.0,12.625,12.75,0.767646,13800
2280,1992-01-09,12.625,12.875,12.625,12.875,0.7821020000000001,8400
2281,1992-01-10,12.75,12.75,12.5,12.625,0.7669159999999999,3400
2282,1992-01-13,12.625,12.625,12.5,12.5,0.759323,1300
2283,1992-01-14,12.625,12.75,12.5,12.625,0.7669159999999999,6200
2284,1992-01-15,12.625,12.625,12.5,12.625,0.7669159999999999,12400
2285,1992-01-16,12.625,12.625,12.625,12.625,0.7669159999999999,6400
2286,1992-01-17,12.625,12.625,12.5,12.625,0.7669159999999999,9900
2287,1992-01-20,12.625,12.625,12.5,12.5,0.759323,4700
2288,1992-01-21,12.5,12.625,12.5,12.5,0.759323,3600
2289,1992-01-22,12.5,12.625,12.5,12.625,0.7669159999999999,8800
2290,1992-01-23,12.625,12.625,12.5,12.625,0.7669159999999999,7700
2291,1992-01-24,12.75,12.75,12.625,12.75,0.774509,16000
2292,1992-01-27,12.625,12.625,12.5,12.625,0.7669159999999999,2300
2293,1992-01-28,12.625,12.625,12.5,12.5,0.759323,6500
2294,1992-01-29,12.5,12.625,12.375,12.375,0.751729,5400
2295,1992-01-30,12.5,12.5,12.375,12.5,0.759323,6600
2296,1992-01-31,12.5,12.625,12.5,12.5,0.759323,4100
2297,1992-02-03,12.5,12.625,12.375,12.5,0.759323,4800
2298,1992-02-04,12.5,12.625,12.5,12.625,0.7669159999999999,3600
2299,1992-02-05,12.625,12.625,12.5,12.625,0.7669159999999999,2900
2300,1992-02-06,12.625,12.625,12.5,12.625,0.7669159999999999,7500
2301,1992-02-07,12.625,12.625,12.5,12.625,0.7669159999999999,8800
2302,1992-02-10,12.5,12.625,12.5,12.5,0.759323,8000
2303,1992-02-11,12.5,12.75,12.5,12.5,0.766683,20200
2304,1992-02-12,12.5,12.625,12.5,12.625,0.77435,1200
2305,1992-02-13,12.625,12.75,12.5,12.75,0.7820159999999999,3000
2306,1992-02-14,12.75,12.75,12.5,12.625,0.77435,8000
2307,1992-02-18,12.625,12.75,12.625,12.75,0.7820159999999999,5700
2308,1992-02-19,12.625,12.75,12.5,12.5,0.766683,3900
2309,1992-02-20,12.625,12.75,12.5,12.625,0.77435,2400
2310,1992-02-21,12.75,12.75,12.625,12.625,0.77435,3000
2311,1992-02-24,12.75,12.875,12.625,12.75,0.7820159999999999,8000
2312,1992-02-25,12.75,12.875,12.75,12.875,0.789684,2400
2313,1992-02-26,12.875,12.875,12.75,12.75,0.7820159999999999,3400
2314,1992-02-27,12.875,13.0,12.75,13.0,0.79735,8000
2315,1992-02-28,12.875,13.0,12.875,12.875,0.789684,2700
2316,1992-03-02,13.0,13.0,12.875,12.875,0.789684,8300
2317,1992-03-03,12.875,13.0,12.75,12.75,0.7820159999999999,7200
2318,1992-03-04,12.75,12.875,12.75,12.75,0.7820159999999999,7800
2319,1992-03-05,12.625,12.875,12.625,12.875,0.789684,2900
2320,1992-03-06,12.75,13.0,12.75,12.875,0.789684,3100
2321,1992-03-09,13.0,13.0,12.875,13.0,0.79735,4900
2322,1992-03-10,13.0,13.0,12.75,12.875,0.796917,4900
2323,1992-03-11,12.875,13.0,12.875,12.875,0.796917,7700
2324,1992-03-12,12.875,13.0,12.875,12.875,0.796917,3700
2325,1992-03-13,13.0,13.0,12.875,12.875,0.796917,2300
2326,1992-03-16,12.75,12.875,12.75,12.875,0.796917,900
2327,1992-03-17,12.75,12.875,12.75,12.75,0.78918,900
2328,1992-03-18,12.75,12.875,12.75,12.875,0.796917,2100
2329,1992-03-19,12.875,12.875,12.75,12.875,0.796917,1300
2330,1992-03-20,12.875,12.875,12.875,12.875,0.796917,1100
2331,1992-03-23,13.0,13.0,12.75,12.75,0.78918,5100
2332,1992-03-24,12.875,12.875,12.75,12.875,0.796917,3400
2333,1992-03-25,12.75,12.875,12.75,12.75,0.78918,8000
2334,1992-03-26,12.875,12.875,12.75,12.875,0.796917,4400
2335,1992-03-27,12.875,12.875,12.625,12.625,0.781443,10900
2336,1992-03-30,12.625,12.75,12.625,12.625,0.781443,9700
2337,1992-03-31,12.625,12.625,12.5,12.625,0.781443,8900
2338,1992-04-01,12.625,12.625,12.5,12.5,0.773706,4700
2339,1992-04-02,12.5,12.5,12.375,12.375,0.765968,7000
2340,1992-04-03,12.375,12.75,12.375,12.75,0.78918,6800
2341,1992-04-06,12.75,12.875,12.625,12.875,0.796917,6600
2342,1992-04-07,12.875,13.0,12.875,13.0,0.804654,7000
2343,1992-04-08,12.875,12.875,12.75,12.875,0.796917,9000
2344,1992-04-09,12.625,12.875,12.625,12.875,0.804856,2700
2345,1992-04-10,12.875,12.875,12.75,12.75,0.797042,1500
2346,1992-04-13,12.875,12.875,12.75,12.875,0.804856,3900
2347,1992-04-14,12.875,12.875,12.75,12.75,0.797042,5900
2348,1992-04-15,12.875,13.0,12.875,12.875,0.804856,10900
2349,1992-04-16,12.75,13.0,12.75,12.875,0.804856,2100
2350,1992-04-20,12.75,12.875,12.75,12.75,0.797042,7500
2351,1992-04-21,12.875,13.0,12.75,12.75,0.797042,4000
2352,1992-04-22,13.0,13.0,13.0,13.0,0.81267,2800
2353,1992-04-23,12.875,12.875,12.75,12.875,0.804856,5500
2354,1992-04-24,12.875,13.0,12.75,12.875,0.804856,17000
2355,1992-04-27,13.0,13.25,13.0,13.125,0.820484,11200
2356,1992-04-28,13.25,13.25,13.125,13.125,0.820484,7900
2357,1992-04-29,13.25,13.25,13.125,13.125,0.820484,7900
2358,1992-04-30,13.125,13.25,13.125,13.125,0.820484,8400
2359,1992-05-01,13.25,13.25,13.0,13.0,0.81267,3500
2360,1992-05-04,13.125,13.125,13.0,13.125,0.820484,1600
2361,1992-05-05,13.125,13.125,12.875,13.125,0.820484,4700
2362,1992-05-06,13.0,13.125,13.0,13.0,0.81267,4300
2363,1992-05-07,13.0,13.125,13.0,13.125,0.820484,3000
2364,1992-05-08,13.125,13.25,13.125,13.25,0.828299,4500
2365,1992-05-11,13.125,13.25,13.125,13.25,0.8330139999999999,3100
2366,1992-05-12,13.25,13.25,13.125,13.25,0.8330139999999999,7400
2367,1992-05-13,13.25,13.25,13.125,13.25,0.8330139999999999,12300
2368,1992-05-14,13.25,13.25,13.25,13.25,0.8330139999999999,4200
2369,1992-05-15,13.25,13.25,12.875,12.875,0.809438,15200
2370,1992-05-18,12.875,13.0,12.75,13.0,0.817296,5100
2371,1992-05-19,13.0,13.125,13.0,13.125,0.825155,3500
2372,1992-05-20,13.125,13.25,13.0,13.25,0.8330139999999999,3800
2373,1992-05-21,13.25,13.25,13.125,13.125,0.825155,9800
2374,1992-05-22,13.25,13.25,13.125,13.125,0.825155,3100
2375,1992-05-26,13.125,13.125,13.125,13.125,0.825155,6100
2376,1992-05-27,13.25,13.25,13.125,13.25,0.8330139999999999,15100
2377,1992-05-28,13.25,13.25,13.125,13.125,0.825155,16700
2378,1992-05-29,13.125,13.125,13.125,13.125,0.825155,4400
2379,1992-06-01,13.25,13.375,13.25,13.375,0.840872,7900
2380,1992-06-02,13.5,13.5,13.125,13.125,0.825155,2200
2381,1992-06-03,13.125,13.25,13.125,13.125,0.825155,3200
2382,1992-06-04,13.25,13.25,13.25,13.25,0.8330139999999999,8500
2383,1992-06-05,13.125,13.25,13.125,13.25,0.8330139999999999,3600
2384,1992-06-08,13.25,13.5,13.25,13.5,0.8487309999999999,6900
2385,1992-06-09,13.375,13.375,13.375,13.375,0.84778,1300
2386,1992-06-10,13.375,13.375,13.25,13.375,0.84778,1700
2387,1992-06-11,13.5,13.5,13.375,13.375,0.84778,6900
2388,1992-06-12,13.25,13.25,13.125,13.125,0.8319340000000001,3700
2389,1992-06-15,13.125,13.375,13.125,13.25,0.8398559999999999,19900
2390,1992-06-16,13.375,13.375,13.125,13.125,0.8319340000000001,18200
2391,1992-06-17,13.25,13.25,13.125,13.125,0.8319340000000001,6600
2392,1992-06-18,13.125,13.25,13.125,13.125,0.8319340000000001,5700
2393,1992-06-19,13.125,13.25,13.125,13.125,0.8319340000000001,11900
2394,1992-06-22,13.125,13.125,13.125,13.125,0.8319340000000001,200
2395,1992-06-23,13.0,13.25,13.0,13.125,0.8319340000000001,11700
2396,1992-06-24,13.125,13.25,13.125,13.25,0.8398559999999999,4100
2397,1992-06-25,13.25,13.375,13.25,13.25,0.8398559999999999,600
2398,1992-06-26,13.25,13.25,13.125,13.125,0.8319340000000001,8600
2399,1992-06-29,13.125,13.25,13.125,13.25,0.8398559999999999,3700
2400,1992-06-30,13.25,13.25,13.25,13.25,0.8398559999999999,1900
2401,1992-07-01,13.125,13.125,13.0,13.125,0.8319340000000001,5000
2402,1992-07-02,13.125,13.25,13.125,13.25,0.8398559999999999,4900
2403,1992-07-06,13.25,13.25,13.25,13.25,0.8398559999999999,2000
2404,1992-07-07,13.25,13.375,13.125,13.375,0.84778,18400
2405,1992-07-08,13.375,13.375,13.375,13.375,0.84778,3300
2406,1992-07-09,13.125,13.25,13.125,13.25,0.8469479999999999,2200
2407,1992-07-10,13.125,13.375,13.125,13.375,0.8549389999999999,1900
2408,1992-07-13,13.25,13.375,13.25,13.375,0.8549389999999999,9500
2409,1992-07-14,13.375,13.375,13.125,13.375,0.8549389999999999,9300
2410,1992-07-15,13.375,13.375,13.25,13.375,0.8549389999999999,1400
2411,1992-07-16,13.25,13.375,13.25,13.25,0.8469479999999999,3100
2412,1992-07-17,13.25,13.375,13.125,13.125,0.838959,4400
2413,1992-07-20,13.125,13.125,13.0,13.0,0.830968,12400
2414,1992-07-21,13.125,13.125,13.0,13.125,0.838959,8900
2415,1992-07-22,13.125,13.25,13.125,13.25,0.8469479999999999,7200
2416,1992-07-23,13.125,13.375,13.125,13.25,0.8469479999999999,13700
2417,1992-07-24,13.125,13.25,13.125,13.25,0.8469479999999999,1800
2418,1992-07-27,13.25,13.375,13.25,13.375,0.8549389999999999,4700
2419,1992-07-28,13.375,13.5,13.25,13.25,0.8469479999999999,4400
2420,1992-07-29,13.375,13.5,13.25,13.25,0.8469479999999999,11900
2421,1992-07-30,13.375,13.375,13.25,13.375,0.8549389999999999,10100
2422,1992-07-31,13.375,13.5,13.25,13.5,0.8629290000000001,5400
2423,1992-08-03,13.375,13.5,13.25,13.375,0.8549389999999999,5400
2424,1992-08-04,13.5,13.625,13.5,13.5,0.8629290000000001,4800
2425,1992-08-05,13.375,13.5,13.375,13.375,0.8549389999999999,4300
2426,1992-08-06,13.375,13.625,13.375,13.625,0.870919,4800
2427,1992-08-07,13.5,13.625,13.5,13.5,0.8629290000000001,2700
2428,1992-08-10,13.625,14.0,13.625,14.0,0.8948889999999999,9800
2429,1992-08-11,14.0,14.0,13.625,13.625,0.8775,5200
2430,1992-08-12,13.75,13.875,13.625,13.875,0.893602,15800
2431,1992-08-13,13.75,13.75,13.625,13.625,0.8775,4900
2432,1992-08-14,13.75,14.0,13.75,14.0,0.901652,6100
2433,1992-08-17,14.0,14.0,13.875,14.0,0.901652,2200
2434,1992-08-18,13.875,13.875,13.5,13.5,0.86945,22900
2435,1992-08-19,13.625,13.625,13.5,13.5,0.86945,1900
2436,1992-08-20,13.625,13.75,13.625,13.75,0.885551,8900
2437,1992-08-21,13.75,13.75,13.625,13.625,0.8775,9100
2438,1992-08-24,13.625,13.625,13.5,13.5,0.86945,6600
2439,1992-08-25,13.5,13.5,13.5,13.5,0.86945,6100
2440,1992-08-26,13.625,13.625,13.5,13.625,0.8775,2100
2441,1992-08-27,13.5,13.5,13.5,13.5,0.86945,700
2442,1992-08-28,13.5,13.625,13.5,13.5,0.86945,5000
2443,1992-08-31,13.625,13.625,13.5,13.5,0.86945,2100
2444,1992-09-01,13.5,13.625,13.5,13.5,0.86945,3600
2445,1992-09-02,13.5,13.625,13.5,13.625,0.8775,4300
2446,1992-09-03,13.75,13.75,13.625,13.625,0.8775,11700
2447,1992-09-04,13.75,13.75,13.75,13.75,0.885551,8800
2448,1992-09-08,13.75,13.75,13.5,13.625,0.8775,8900
2449,1992-09-09,13.625,13.625,13.5,13.5,0.876592,3200
2450,1992-09-10,13.5,13.5,13.5,13.5,0.876592,1000
2451,1992-09-11,13.5,13.5,13.375,13.5,0.876592,6200
2452,1992-09-14,13.625,13.625,13.5,13.625,0.8847079999999999,5200
2453,1992-09-15,13.5,13.75,13.5,13.75,0.892825,1800
2454,1992-09-16,13.625,13.75,13.625,13.75,0.892825,3400
2455,1992-09-17,13.75,13.75,13.625,13.75,0.892825,2500
2456,1992-09-18,13.75,13.875,13.75,13.875,0.900941,3100
2457,1992-09-21,13.75,13.875,13.75,13.75,0.892825,3600
2458,1992-09-22,13.75,13.875,13.75,13.75,0.892825,1200
2459,1992-09-23,13.75,13.875,13.75,13.875,0.900941,10200
2460,1992-09-24,13.875,13.875,13.5,13.5,0.876592,12800
2461,1992-09-25,13.5,13.5,13.5,13.5,0.876592,0
2462,1992-09-28,13.5,13.75,13.5,13.75,0.892825,8200
2463,1992-09-29,13.625,13.625,13.5,13.5,0.876592,42900
2464,1992-09-30,13.5,13.625,13.5,13.5,0.876592,8500
2465,1992-10-01,13.5,13.5,13.5,13.5,0.876592,6900
2466,1992-10-02,13.5,13.5,13.375,13.375,0.868475,9600
2467,1992-10-05,13.5,13.5,13.375,13.5,0.876592,10300
2468,1992-10-06,13.5,13.5,13.5,13.5,0.876592,7100
2469,1992-10-07,13.5,13.5,13.375,13.375,0.868475,10200
2470,1992-10-08,13.375,13.625,13.375,13.625,0.89292,7000
2471,1992-10-09,13.625,13.625,13.5,13.5,0.884727,6700
2472,1992-10-12,13.5,13.625,13.5,13.625,0.89292,2100
2473,1992-10-13,13.625,13.625,13.5,13.5,0.884727,4600
2474,1992-10-14,13.625,13.625,13.5,13.5,0.884727,6500
2475,1992-10-15,13.625,13.625,13.625,13.625,0.89292,13000
2476,1992-10-16,13.625,13.75,13.5,13.625,0.89292,2500
2477,1992-10-19,13.625,13.625,13.5,13.5,0.884727,10800
2478,1992-10-20,13.625,13.625,13.5,13.625,0.89292,3200
2479,1992-10-21,13.5,13.75,13.5,13.75,0.9011110000000001,6000
2480,1992-10-22,13.75,13.75,13.625,13.625,0.89292,3800
2481,1992-10-23,13.625,13.75,13.625,13.75,0.9011110000000001,8700
2482,1992-10-26,13.625,13.75,13.625,13.75,0.9011110000000001,4000
2483,1992-10-27,13.625,13.75,13.625,13.75,0.9011110000000001,800
2484,1992-10-28,13.75,13.75,13.625,13.75,0.9011110000000001,1800
2485,1992-10-29,13.75,13.875,13.75,13.875,0.9093030000000001,11400
2486,1992-10-30,13.875,14.0,13.875,14.0,0.9174950000000001,13900
2487,1992-11-02,14.0,14.125,14.0,14.125,0.925687,4800
2488,1992-11-03,14.125,14.25,13.875,13.875,0.9093030000000001,12800
2489,1992-11-04,14.0,14.0,13.875,13.875,0.9093030000000001,3000
2490,1992-11-05,13.875,14.0,13.875,13.875,0.9093030000000001,2100
2491,1992-11-06,14.0,14.375,14.0,14.375,0.9420709999999999,11300
2492,1992-11-09,14.625,15.125,14.625,14.75,0.9666469999999999,10800
2493,1992-11-10,14.625,14.625,14.125,14.125,0.9337270000000001,9800
2494,1992-11-11,14.0,14.0,13.875,13.875,0.917201,3400
2495,1992-11-12,13.75,13.875,13.75,13.875,0.917201,2900
2496,1992-11-13,13.875,14.0,13.875,13.875,0.917201,3800
2497,1992-11-16,13.875,14.0,13.875,14.0,0.925464,1800
2498,1992-11-17,13.875,14.0,13.875,14.0,0.925464,3200
2499,1992-11-18,14.0,14.0,13.875,13.875,0.917201,2600
2500,1992-11-19,13.875,14.0,13.625,14.0,0.925464,24500
2501,1992-11-20,14.0,14.375,14.0,14.25,0.94199,6400
2502,1992-11-23,14.125,14.125,14.125,14.125,0.9337270000000001,500
2503,1992-11-24,14.125,14.25,14.0,14.125,0.9337270000000001,1800
2504,1992-11-25,14.0,14.125,13.875,13.875,0.917201,5900
2505,1992-11-27,13.875,13.875,13.875,13.875,0.917201,800
2506,1992-11-30,13.875,14.0,13.875,13.875,0.917201,2000
2507,1992-12-01,14.0,14.0,13.875,13.875,0.917201,2900
2508,1992-12-02,14.0,14.0,13.875,13.875,0.917201,1300
2509,1992-12-03,14.0,14.0,13.875,14.0,0.925464,1000
2510,1992-12-04,14.0,14.0,13.75,13.875,0.917201,9600
2511,1992-12-07,13.875,13.875,13.75,13.875,0.917201,5000
2512,1992-12-08,13.875,13.875,13.625,13.875,0.917201,4000
2513,1992-12-09,13.875,13.875,13.5,13.625,0.9050450000000001,5600
2514,1992-12-10,13.5,13.75,13.5,13.625,0.9050450000000001,600
2515,1992-12-11,13.625,13.75,13.5,13.625,0.9050450000000001,3300
2516,1992-12-14,13.5,13.625,13.25,13.25,0.880135,17800
2517,1992-12-15,13.25,13.5,13.25,13.375,0.888439,11100
2518,1992-12-16,13.5,13.5,13.25,13.25,0.880135,3600
2519,1992-12-17,13.375,13.375,13.25,13.25,0.880135,5200
2520,1992-12-18,13.375,13.375,13.125,13.25,0.880135,3000
2521,1992-12-21,13.375,13.375,13.125,13.125,0.871833,10800
2522,1992-12-22,13.25,13.25,13.25,13.25,0.880135,2000
2523,1992-12-23,13.25,13.375,13.25,13.25,0.880135,7000
2524,1992-12-24,13.25,13.25,13.25,13.25,0.880135,2400
2525,1992-12-28,13.25,13.25,13.125,13.25,0.880135,1400
2526,1992-12-29,13.375,13.375,13.25,13.375,0.888439,3700
2527,1992-12-30,13.375,13.375,13.25,13.375,0.888439,2300
2528,1992-12-31,13.25,13.375,13.25,13.25,0.880135,8800
2529,1993-01-04,13.25,13.375,13.25,13.25,0.880135,7200
2530,1993-01-05,13.25,13.375,13.25,13.25,0.880135,2200
2531,1993-01-06,13.375,13.625,13.375,13.625,0.9050450000000001,6100
2532,1993-01-07,13.5,13.625,13.5,13.5,0.896741,7300
2533,1993-01-08,13.625,13.75,13.5,13.5,0.896741,4100
2534,1993-01-11,13.25,13.25,13.125,13.25,0.887299,7600
2535,1993-01-12,13.25,13.25,13.125,13.125,0.8789290000000001,2300
2536,1993-01-13,13.25,13.25,13.125,13.125,0.8789290000000001,2800
2537,1993-01-14,13.25,13.25,13.125,13.25,0.887299,2300
2538,1993-01-15,13.25,13.25,13.125,13.25,0.887299,3200
2539,1993-01-18,13.125,13.125,13.0,13.125,0.8789290000000001,5600
2540,1993-01-19,13.0,13.125,13.0,13.0,0.8705579999999999,1800
2541,1993-01-20,13.0,13.125,13.0,13.0,0.8705579999999999,3300
2542,1993-01-21,13.125,13.125,12.875,13.0,0.8705579999999999,10900
2543,1993-01-22,13.0,13.0,12.875,12.875,0.862188,4300
2544,1993-01-25,13.0,13.125,13.0,13.125,0.8789290000000001,1800
2545,1993-01-26,13.125,13.25,13.0,13.25,0.887299,2000
2546,1993-01-27,13.25,13.25,13.25,13.25,0.887299,2300
2547,1993-01-28,13.25,13.25,13.125,13.25,0.887299,5400
2548,1993-01-29,13.25,13.25,13.125,13.25,0.887299,4000
2549,1993-02-01,13.25,13.25,13.0,13.0,0.8705579999999999,7700
2550,1993-02-02,13.125,13.125,13.0,13.125,0.8789290000000001,3700
2551,1993-02-03,13.125,13.25,13.125,13.125,0.8789290000000001,2700
2552,1993-02-04,13.125,13.25,13.125,13.125,0.8789290000000001,900
2553,1993-02-05,13.125,13.25,13.125,13.25,0.887299,5600
2554,1993-02-08,13.25,13.25,13.125,13.25,0.887299,5200
2555,1993-02-09,13.0,13.25,13.0,13.25,0.894659,29200
2556,1993-02-10,13.25,13.25,13.125,13.25,0.894659,3500
2557,1993-02-11,13.25,13.25,13.25,13.25,0.894659,900
2558,1993-02-12,13.125,13.25,13.125,13.25,0.894659,15700
2559,1993-02-16,13.25,13.25,13.125,13.125,0.8862190000000001,9000
2560,1993-02-17,13.125,13.25,13.125,13.25,0.894659,2400
2561,1993-02-18,13.125,13.25,13.0,13.125,0.8862190000000001,9200
2562,1993-02-19,13.25,13.25,13.125,13.25,0.894659,4900
2563,1993-02-22,13.25,13.25,13.125,13.25,0.894659,3400
2564,1993-02-23,13.25,13.25,13.125,13.125,0.8862190000000001,15200
2565,1993-02-24,13.25,13.25,13.0,13.0,0.8777780000000001,17200
2566,1993-02-25,13.0,13.125,13.0,13.125,0.8862190000000001,17200
2567,1993-02-26,13.0,13.25,13.0,13.25,0.894659,6200
2568,1993-03-01,13.25,13.25,13.125,13.25,0.894659,2700
2569,1993-03-02,13.125,13.25,13.125,13.125,0.8862190000000001,11000
2570,1993-03-03,13.125,13.25,13.125,13.125,0.8862190000000001,1000
2571,1993-03-04,13.125,13.25,13.125,13.25,0.894659,4700
2572,1993-03-05,13.25,13.25,13.25,13.25,0.894659,1600
2573,1993-03-08,13.125,13.25,13.125,13.25,0.894659,9900
2574,1993-03-09,13.125,13.25,13.125,13.125,0.8926860000000001,4700
2575,1993-03-10,13.25,13.25,13.125,13.125,0.8926860000000001,3500
2576,1993-03-11,13.25,13.25,13.25,13.25,0.9011889999999999,1400
2577,1993-03-12,13.25,13.25,13.125,13.125,0.8926860000000001,2000
2578,1993-03-15,13.125,13.25,13.125,13.25,0.9011889999999999,2300
2579,1993-03-16,13.25,13.375,13.25,13.375,0.909691,9700
2580,1993-03-17,13.375,13.375,13.25,13.375,0.909691,3300
2581,1993-03-18,13.25,13.5,13.25,13.375,0.909691,4300
2582,1993-03-19,13.625,13.875,13.625,13.875,0.9436979999999999,5700
2583,1993-03-22,13.875,13.875,13.75,13.875,0.9436979999999999,3400
2584,1993-03-23,13.75,13.875,13.75,13.75,0.9351959999999999,800
2585,1993-03-24,13.875,13.875,13.75,13.75,0.9351959999999999,3400
2586,1993-03-25,13.875,13.875,13.375,13.625,0.926694,20900
2587,1993-03-26,13.375,13.625,13.25,13.375,0.909691,22000
2588,1993-03-29,13.375,13.375,13.25,13.25,0.9011889999999999,700
2589,1993-03-30,13.375,13.625,13.375,13.625,0.926694,6200
2590,1993-03-31,13.625,13.75,13.625,13.625,0.926694,2600
2591,1993-04-01,13.625,13.75,13.625,13.75,0.9351959999999999,1800
2592,1993-04-02,13.75,13.875,13.75,13.875,0.9436979999999999,2900
2593,1993-04-05,13.875,13.875,13.75,13.75,0.9351959999999999,4700
2594,1993-04-06,13.875,13.875,13.625,13.75,0.9351959999999999,4700
2595,1993-04-07,13.625,13.875,13.625,13.875,0.9436979999999999,9800
2596,1993-04-08,13.625,13.875,13.5,13.875,0.955752,6700
2597,1993-04-12,13.75,13.875,13.75,13.875,0.955752,9600
2598,1993-04-13,13.875,13.875,13.75,13.875,0.955752,4800
2599,1993-04-14,13.875,13.875,13.75,13.875,0.955752,6300
2600,1993-04-15,13.875,14.0,13.875,14.0,0.964362,4100
2601,1993-04-16,13.875,14.375,13.875,14.25,0.981584,9900
2602,1993-04-19,14.375,14.5,14.25,14.375,0.990194,5700
2603,1993-04-20,14.375,14.375,14.125,14.25,0.981584,5600
2604,1993-04-21,14.125,14.125,14.0,14.125,0.972973,8500
2605,1993-04-22,14.125,14.125,14.0,14.125,0.972973,4100
2606,1993-04-23,14.0,14.375,14.0,14.25,0.981584,8400
2607,1993-04-26,14.25,14.375,14.25,14.25,0.981584,3300
2608,1993-04-27,14.375,14.375,14.125,14.25,0.981584,7500
2609,1993-04-28,14.125,14.25,14.125,14.125,0.972973,2000
2610,1993-04-29,14.125,14.125,14.125,14.125,0.972973,1500
2611,1993-04-30,14.125,14.25,14.125,14.125,0.972973,2800
2612,1993-05-03,14.25,14.25,14.125,14.125,0.972973,3300
2613,1993-05-04,14.25,14.25,14.125,14.25,0.981584,13900
2614,1993-05-05,14.25,14.25,14.25,14.25,0.981584,2300
2615,1993-05-06,14.25,14.375,14.125,14.25,0.981584,30200
2616,1993-05-07,14.25,14.375,14.25,14.25,0.981584,9300
2617,1993-05-10,14.25,14.375,14.25,14.375,0.990194,4700
2618,1993-05-11,14.25,14.25,14.25,14.25,0.9892219999999999,1300
2619,1993-05-12,14.25,14.25,14.0,14.125,0.9805440000000001,3800
2620,1993-05-13,14.125,14.125,14.0,14.125,0.9805440000000001,3500
2621,1993-05-14,14.125,14.125,14.125,14.125,0.9805440000000001,3900
2622,1993-05-17,14.125,14.125,14.0,14.0,0.971866,1700
2623,1993-05-18,14.0,14.125,13.875,14.0,0.971866,5000
2624,1993-05-19,14.125,14.125,14.0,14.0,0.971866,1900
2625,1993-05-20,13.875,14.0,13.875,14.0,0.971866,3200
2626,1993-05-21,14.0,14.125,14.0,14.125,0.9805440000000001,1500
2627,1993-05-24,14.0,14.0,14.0,14.0,0.971866,2300
2628,1993-05-25,14.0,14.25,14.0,14.0,0.971866,8500
2629,1993-05-26,14.0,14.0,13.875,14.0,0.971866,6200
2630,1993-05-27,14.0,14.0,13.875,13.875,0.96319,4100
2631,1993-05-28,14.0,14.0,14.0,14.0,0.971866,900
2632,1993-06-01,13.875,14.0,13.625,13.625,0.945835,21200
2633,1993-06-02,13.75,13.875,13.75,13.875,0.96319,22800
2634,1993-06-03,13.75,13.875,13.75,13.875,0.96319,2700
2635,1993-06-04,13.875,13.875,13.75,13.75,0.954513,9800
2636,1993-06-07,13.875,13.875,13.75,13.875,0.96319,4800
2637,1993-06-08,13.875,13.875,13.75,13.75,0.954513,5100
2638,1993-06-09,13.75,13.75,13.625,13.75,0.9605899999999999,6700
2639,1993-06-10,13.75,13.75,13.5,13.5,0.943125,17400
2640,1993-06-11,13.5,13.5,13.0,13.0,0.9081940000000001,23500
2641,1993-06-14,13.125,13.25,13.125,13.25,0.92566,8500
2642,1993-06-15,13.125,13.25,13.125,13.125,0.916927,12200
2643,1993-06-16,13.25,13.625,13.25,13.625,0.951858,5000
2644,1993-06-17,13.625,13.875,13.625,13.875,0.9693229999999999,5700
2645,1993-06-18,13.75,13.75,13.375,13.375,0.934392,11700
2646,1993-06-21,13.5,13.625,13.5,13.5,0.943125,4200
2647,1993-06-22,13.375,13.375,13.0,13.125,0.916927,25200
2648,1993-06-23,13.125,13.125,13.0,13.125,0.916927,32000
2649,1993-06-24,13.125,13.25,13.0,13.0,0.9081940000000001,26200
2650,1993-06-25,13.0,13.125,13.0,13.0,0.9081940000000001,6500
2651,1993-06-28,13.125,13.125,13.125,13.125,0.916927,6900
2652,1993-06-29,13.0,13.0,13.0,13.0,0.9081940000000001,1200
2653,1993-06-30,13.125,13.125,13.0,13.125,0.916927,8700
2654,1993-07-01,13.125,13.125,13.0,13.125,0.916927,3300
2655,1993-07-02,13.125,13.125,13.125,13.125,0.916927,18900
2656,1993-07-06,13.125,13.25,13.0,13.25,0.92566,12400
2657,1993-07-07,13.25,13.25,13.125,13.25,0.92566,4300
2658,1993-07-08,13.25,13.25,13.125,13.125,0.916927,5100
2659,1993-07-09,13.0,13.25,13.0,13.25,0.9361450000000001,6500
2660,1993-07-12,13.25,13.25,13.125,13.25,0.9361450000000001,4300
2661,1993-07-13,13.25,13.25,13.25,13.25,0.9361450000000001,9000
2662,1993-07-14,13.25,13.25,13.0,13.125,0.927312,14700
2663,1993-07-15,13.25,13.25,13.125,13.25,0.9361450000000001,2500
2664,1993-07-16,13.25,13.25,13.125,13.25,0.9361450000000001,2300
2665,1993-07-19,13.25,13.25,13.125,13.25,0.9361450000000001,6400
2666,1993-07-20,13.25,13.25,13.125,13.25,0.9361450000000001,7100
2667,1993-07-21,13.25,13.25,13.125,13.25,0.9361450000000001,7100
2668,1993-07-22,13.25,13.25,13.125,13.25,0.9361450000000001,5500
2669,1993-07-23,13.25,13.25,13.125,13.25,0.9361450000000001,4700
2670,1993-07-26,13.125,13.25,13.125,13.125,0.927312,4600
2671,1993-07-27,13.25,13.25,13.25,13.25,0.9361450000000001,1100
2672,1993-07-28,13.25,13.25,13.125,13.125,0.927312,8100
2673,1993-07-29,13.25,13.5,13.25,13.5,0.953808,9200
2674,1993-07-30,13.5,13.5,13.5,13.5,0.953808,2400
2675,1993-08-02,13.5,13.5,13.375,13.375,0.9449770000000001,4500
2676,1993-08-03,13.5,13.5,13.5,13.5,0.953808,4800
2677,1993-08-04,13.5,13.5,13.375,13.5,0.953808,12800
2678,1993-08-05,13.375,13.5,13.375,13.5,0.953808,4400
2679,1993-08-06,13.625,13.875,13.625,13.75,0.9714709999999999,2500
2680,1993-08-09,13.875,14.25,13.875,14.125,0.997965,7900
2681,1993-08-10,14.0,14.0,14.0,14.0,0.9996790000000001,1400
2682,1993-08-11,13.875,14.0,13.875,14.0,0.9996790000000001,6600
2683,1993-08-12,14.0,14.0,13.875,13.875,0.9907540000000001,5100
2684,1993-08-13,13.875,14.0,13.75,13.875,0.9907540000000001,8200
2685,1993-08-16,13.75,14.0,13.75,14.0,0.9996790000000001,6400
2686,1993-08-17,13.875,14.125,13.875,14.125,1.008605,6100
2687,1993-08-18,14.125,14.125,14.0,14.0,0.9996790000000001,5900
2688,1993-08-19,14.125,14.25,14.125,14.25,1.0175299999999998,6000
2689,1993-08-20,14.25,14.375,14.25,14.25,1.0175299999999998,7600
2690,1993-08-23,14.25,14.375,14.125,14.25,1.0175299999999998,5300
2691,1993-08-24,14.25,14.25,14.125,14.25,1.0175299999999998,4500
2692,1993-08-25,14.375,14.5,14.375,14.375,1.026455,11500
2693,1993-08-26,14.375,14.375,14.25,14.375,1.026455,3500
2694,1993-08-27,14.5,14.5,14.25,14.5,1.035383,6600
2695,1993-08-30,14.375,14.625,14.25,14.625,1.0443069999999999,10200
2696,1993-08-31,14.625,14.875,14.625,14.75,1.053233,10400
2697,1993-09-01,14.875,14.875,14.75,14.875,1.062159,5900
2698,1993-09-02,14.75,14.875,14.625,14.75,1.053233,19500
2699,1993-09-03,14.75,14.75,14.625,14.75,1.053233,10800
2700,1993-09-07,14.75,14.875,14.625,14.75,1.053233,10600
2701,1993-09-08,14.875,14.875,14.75,14.75,1.053233,10800
2702,1993-09-09,14.625,14.625,14.5,14.5,1.045661,6200
2703,1993-09-10,14.75,14.875,14.5,14.75,1.06369,7700
2704,1993-09-13,14.875,14.875,14.75,14.875,1.072704,10100
2705,1993-09-14,14.875,14.875,14.75,14.875,1.072704,7800
2706,1993-09-15,14.75,15.0,14.75,15.0,1.081719,14200
2707,1993-09-16,15.0,15.25,15.0,15.0,1.081719,15300
2708,1993-09-17,15.0,15.0,14.75,14.875,1.072704,13100
2709,1993-09-20,14.875,14.875,14.625,14.875,1.072704,4500
2710,1993-09-21,15.0,15.0,14.875,15.0,1.081719,7200
2711,1993-09-22,15.0,15.125,14.875,14.875,1.072704,17500
2712,1993-09-23,15.0,15.125,14.75,15.125,1.090733,8700
2713,1993-09-24,15.0,15.0,14.875,14.875,1.072704,7200
2714,1993-09-27,15.0,15.0,14.875,15.0,1.081719,2000
2715,1993-09-28,14.875,15.0,14.875,14.875,1.072704,8600
2716,1993-09-29,14.875,15.0,14.875,14.875,1.072704,6200
2717,1993-09-30,15.0,15.125,14.875,14.875,1.072704,25600
2718,1993-10-01,15.0,15.125,15.0,15.125,1.090733,4400
2719,1993-10-04,15.0,15.25,15.0,15.125,1.090733,23700
2720,1993-10-05,15.125,15.125,15.0,15.125,1.090733,19400
2721,1993-10-06,15.125,15.125,15.125,15.125,1.090733,5800
2722,1993-10-07,15.25,15.25,15.125,15.125,1.090733,26800
2723,1993-10-08,15.25,15.25,15.25,15.25,1.117705,4600
2724,1993-10-11,15.125,15.25,15.125,15.125,1.108543,12900
2725,1993-10-12,15.375,15.375,15.125,15.25,1.117705,16600
2726,1993-10-13,15.25,15.25,15.125,15.25,1.117705,7900
2727,1993-10-14,15.375,15.375,15.25,15.25,1.117705,2900
2728,1993-10-15,15.25,15.375,15.25,15.375,1.126866,2000
2729,1993-10-18,15.25,15.375,15.25,15.375,1.126866,4200
2730,1993-10-19,15.375,15.375,15.25,15.25,1.117705,6000
2731,1993-10-20,15.375,15.375,15.375,15.375,1.126866,1800
2732,1993-10-21,15.25,15.375,15.25,15.25,1.117705,1400
2733,1993-10-22,15.375,15.375,15.25,15.375,1.126866,15100
2734,1993-10-25,15.5,15.5,15.375,15.375,1.126866,4300
2735,1993-10-26,15.25,15.625,15.25,15.625,1.145189,10200
2736,1993-10-27,15.5,16.375,15.5,16.375,1.200159,19900
2737,1993-10-28,16.125,16.375,15.875,16.375,1.200159,11300
2738,1993-10-29,16.375,16.375,15.875,15.875,1.163513,11000
2739,1993-11-01,15.75,15.875,15.75,15.875,1.163513,4200
2740,1993-11-02,15.875,16.0,15.625,15.75,1.1543510000000001,11900
2741,1993-11-03,15.625,16.0,15.375,15.875,1.163513,12600
2742,1993-11-04,16.0,16.0,15.625,15.625,1.145189,2900
2743,1993-11-05,15.5,15.875,15.5,15.75,1.1543510000000001,9000
2744,1993-11-08,15.875,16.0,15.625,15.875,1.1719959999999998,6100
2745,1993-11-09,16.0,16.0,15.875,15.875,1.1719959999999998,2600
2746,1993-11-10,16.0,16.0,15.5,15.875,1.1719959999999998,7700
2747,1993-11-11,15.875,15.875,15.75,15.875,1.1719959999999998,3600
2748,1993-11-12,15.75,16.0,15.75,15.875,1.1719959999999998,6200
2749,1993-11-15,16.0,16.0,15.75,15.75,1.162767,4100
2750,1993-11-16,15.75,15.875,15.625,15.75,1.162767,2000
2751,1993-11-17,15.875,16.0,15.75,15.75,1.162767,3700
2752,1993-11-18,15.75,15.875,15.75,15.875,1.1719959999999998,1900
2753,1993-11-19,15.75,15.875,15.75,15.875,1.1719959999999998,3100
2754,1993-11-22,15.75,15.875,15.625,15.625,1.153538,4100
2755,1993-11-23,15.625,15.875,15.625,15.75,1.162767,5000
2756,1993-11-24,15.625,15.75,15.625,15.625,1.153538,1500
2757,1993-11-26,15.625,15.75,15.5,15.75,1.162767,3200
2758,1993-11-29,15.75,15.75,15.375,15.375,1.135081,7200
2759,1993-11-30,15.5,15.5,15.0,15.125,1.116625,19700
2760,1993-12-01,15.125,15.125,14.875,15.125,1.116625,24700
2761,1993-12-02,15.125,15.125,15.0,15.0,1.107397,5500
2762,1993-12-03,15.0,15.125,14.875,15.0,1.107397,13100
2763,1993-12-06,15.0,15.0,14.875,14.875,1.098168,16100
2764,1993-12-07,15.0,15.0,14.375,14.625,1.079712,46800
2765,1993-12-08,14.375,14.375,14.0,14.125,1.042799,26300
2766,1993-12-09,13.875,13.875,13.75,13.875,1.03025,10000
2767,1993-12-10,13.75,14.25,13.75,14.125,1.048813,12200
2768,1993-12-13,14.25,14.375,14.125,14.125,1.048813,9900
2769,1993-12-14,14.25,14.25,14.0,14.25,1.058095,5500
2770,1993-12-15,14.25,14.25,14.125,14.125,1.048813,2400
2771,1993-12-16,14.25,14.375,14.125,14.25,1.058095,7500
2772,1993-12-17,14.375,14.375,14.0,14.125,1.048813,15200
2773,1993-12-20,14.125,14.125,14.0,14.0,1.039531,7300
2774,1993-12-21,14.0,14.125,14.0,14.0,1.039531,4700
2775,1993-12-22,14.125,14.375,14.0,14.375,1.067375,6400
2776,1993-12-23,14.375,14.5,14.375,14.375,1.067375,3600
2777,1993-12-27,14.25,14.375,14.25,14.25,1.058095,3400
2778,1993-12-28,14.5,14.5,14.25,14.375,1.067375,2100
2779,1993-12-29,14.5,14.5,14.0,14.125,1.048813,16800
2780,1993-12-30,14.125,14.25,14.0,14.125,1.048813,19100
2781,1993-12-31,14.0,14.25,14.0,14.25,1.058095,7200
2782,1994-01-03,14.125,14.25,14.0,14.125,1.048813,16100
2783,1994-01-04,14.25,14.25,14.0,14.25,1.058095,9700
2784,1994-01-05,14.0,14.25,14.0,14.25,1.058095,9600
2785,1994-01-06,14.375,14.375,14.25,14.25,1.058095,4700
2786,1994-01-07,14.375,14.375,14.25,14.25,1.058095,7800
2787,1994-01-10,14.375,14.5,14.375,14.5,1.076658,17800
2788,1994-01-11,14.375,14.375,14.25,14.375,1.075012,2200
2789,1994-01-12,14.375,14.375,14.125,14.125,1.056316,7200
2790,1994-01-13,14.25,14.25,14.125,14.25,1.0656649999999999,4700
2791,1994-01-14,14.375,14.5,14.25,14.25,1.0656649999999999,8000
2792,1994-01-17,14.375,14.5,14.375,14.5,1.0843610000000001,8100
2793,1994-01-18,14.5,14.5,14.375,14.5,1.0843610000000001,1600
2794,1994-01-19,14.625,14.75,14.625,14.625,1.093708,7500
2795,1994-01-20,14.625,14.75,14.5,14.5,1.0843610000000001,3000
2796,1994-01-21,14.625,14.625,14.5,14.625,1.093708,17000
2797,1994-01-24,14.5,14.625,14.25,14.5,1.0843610000000001,12900
2798,1994-01-25,14.375,14.5,14.25,14.25,1.0656649999999999,178300
2799,1994-01-26,14.125,14.375,14.125,14.375,1.075012,9100
2800,1994-01-27,14.375,14.375,14.25,14.375,1.075012,6300
2801,1994-01-28,14.25,14.375,14.25,14.375,1.075012,6100
2802,1994-01-31,14.25,14.375,14.25,14.375,1.075012,2200
2803,1994-02-01,14.5,14.5,14.25,14.375,1.075012,7600
2804,1994-02-02,14.25,14.375,14.0,14.125,1.056316,29600
2805,1994-02-03,14.25,14.375,14.25,14.375,1.075012,7500
2806,1994-02-04,14.375,14.5,14.25,14.5,1.0843610000000001,12800
2807,1994-02-07,14.5,14.75,14.5,14.625,1.093708,6900
2808,1994-02-08,14.75,14.75,14.625,14.75,1.103056,6800
2809,1994-02-09,14.75,14.75,14.5,14.5,1.090274,6200
2810,1994-02-10,14.5,14.625,14.375,14.375,1.080875,11200
2811,1994-02-11,14.25,14.375,14.25,14.375,1.080875,5600
2812,1994-02-14,14.125,14.25,14.0,14.125,1.062076,11200
2813,1994-02-15,14.125,14.25,14.125,14.25,1.071476,2600
2814,1994-02-16,14.125,14.125,14.0,14.125,1.062076,9200
2815,1994-02-17,14.125,14.5,14.125,14.25,1.071476,9900
2816,1994-02-18,14.375,14.5,14.25,14.375,1.080875,1800
2817,1994-02-22,14.25,14.375,14.0,14.25,1.071476,1700
2818,1994-02-23,14.125,14.25,14.0,14.125,1.062076,11500
2819,1994-02-24,14.125,14.25,14.125,14.125,1.062076,7600
2820,1994-02-25,14.0,14.125,14.0,14.125,1.062076,5700
2821,1994-02-28,14.125,14.125,14.125,14.125,1.062076,1900
2822,1994-03-01,14.125,14.25,14.0,14.25,1.071476,7300
2823,1994-03-02,14.125,14.25,14.0,14.0,1.052678,16800
2824,1994-03-03,14.0,14.0,13.875,14.0,1.052678,10600
2825,1994-03-04,14.0,14.0,13.875,14.0,1.052678,7900
2826,1994-03-07,14.125,14.125,14.0,14.125,1.062076,7800
2827,1994-03-08,14.125,14.125,14.0,14.125,1.062076,19700
2828,1994-03-09,13.875,14.0,13.875,14.0,1.059806,5100
2829,1994-03-10,14.0,14.0,13.875,14.0,1.059806,1700
2830,1994-03-11,14.125,14.125,14.0,14.0,1.059806,4100
2831,1994-03-14,14.125,14.125,14.0,14.0,1.059806,7200
2832,1994-03-15,14.0,14.0,13.875,14.0,1.059806,9200
2833,1994-03-16,14.0,14.125,14.0,14.125,1.069269,3000
2834,1994-03-17,14.0,14.125,14.0,14.0,1.059806,12700
2835,1994-03-18,14.125,14.125,14.0,14.0,1.059806,2000
2836,1994-03-21,14.125,14.25,14.0,14.25,1.0787309999999999,12700
2837,1994-03-22,14.0,14.125,14.0,14.0,1.059806,3200
2838,1994-03-23,14.0,14.0,13.875,14.0,1.059806,11600
2839,1994-03-24,14.0,14.0,13.875,13.875,1.050343,2200
2840,1994-03-25,13.875,14.0,13.875,13.875,1.050343,2500
2841,1994-03-28,13.875,14.0,13.875,13.875,1.050343,9300
2842,1994-03-29,14.0,14.0,13.875,13.875,1.050343,2500
2843,1994-03-30,14.0,14.0,13.75,13.75,1.04088,8000
2844,1994-03-31,13.75,13.875,13.375,13.5,1.0219559999999999,55000
2845,1994-04-04,13.375,13.5,13.25,13.375,1.012493,15400
2846,1994-04-05,13.25,13.5,13.25,13.5,1.0219559999999999,12600
2847,1994-04-06,13.5,13.75,13.375,13.625,1.031419,23800
2848,1994-04-07,13.5,13.875,13.375,13.875,1.050343,24800
2849,1994-04-08,13.875,13.875,13.5,13.625,1.031419,16600
2850,1994-04-11,13.5,13.625,13.125,13.5,1.030426,8500
2851,1994-04-12,13.625,13.625,13.25,13.5,1.030426,13900
2852,1994-04-13,13.5,13.625,13.375,13.625,1.039968,8200
2853,1994-04-14,13.625,13.625,13.5,13.5,1.030426,8200
2854,1994-04-15,13.5,13.625,13.5,13.625,1.039968,10700
2855,1994-04-18,13.5,13.5,13.5,13.5,1.030426,2600
2856,1994-04-19,13.5,13.625,13.5,13.625,1.039968,6200
2857,1994-04-20,13.625,13.625,13.375,13.375,1.020885,27100
2858,1994-04-21,13.375,13.5,13.375,13.5,1.030426,4400
2859,1994-04-22,13.625,13.625,13.375,13.5,1.030426,20400
2860,1994-04-25,13.5,13.625,13.375,13.5,1.030426,6900
2861,1994-04-26,13.625,13.625,13.5,13.625,1.039968,10500
2862,1994-04-28,13.5,13.625,13.5,13.625,1.039968,3500
2863,1994-04-29,13.5,13.625,13.5,13.625,1.039968,5500
2864,1994-05-02,13.625,13.75,13.5,13.75,1.049509,9700
2865,1994-05-03,13.75,13.75,13.75,13.75,1.049509,16700
2866,1994-05-04,13.75,13.75,13.625,13.75,1.049509,9600
2867,1994-05-05,13.75,13.75,13.75,13.75,1.049509,6000
2868,1994-05-06,13.75,13.75,13.5,13.5,1.030426,37400
2869,1994-05-09,13.625,13.75,13.125,13.25,1.0113450000000002,24600
2870,1994-05-10,13.125,13.5,13.125,13.375,1.02779,8400
2871,1994-05-11,13.375,13.5,13.375,13.375,1.02779,5200
2872,1994-05-12,13.5,13.5,13.375,13.5,1.0373940000000001,2800
2873,1994-05-13,13.625,13.625,13.5,13.5,1.0373940000000001,5800
2874,1994-05-16,13.375,13.625,13.375,13.625,1.047,3400
2875,1994-05-17,13.5,13.75,13.5,13.75,1.056605,1900
2876,1994-05-18,13.75,13.75,13.625,13.75,1.056605,3100
2877,1994-05-19,13.75,13.75,13.625,13.625,1.047,4900
2878,1994-05-20,13.5,13.75,13.5,13.625,1.047,3600
2879,1994-05-23,13.5,13.5,13.5,13.5,1.0373940000000001,9300
2880,1994-05-24,13.5,13.625,13.375,13.625,1.047,6900
2881,1994-05-25,13.625,13.625,13.5,13.5,1.0373940000000001,4200
2882,1994-05-26,13.5,13.75,13.5,13.625,1.047,3200
2883,1994-05-27,13.75,13.75,13.5,13.5,1.0373940000000001,4500
2884,1994-05-31,13.5,13.625,13.5,13.5,1.0373940000000001,7300
2885,1994-06-01,13.5,13.625,13.5,13.625,1.047,2700
2886,1994-06-02,13.625,13.75,13.5,13.625,1.047,22000
2887,1994-06-03,13.625,13.625,13.375,13.5,1.0373940000000001,14700
2888,1994-06-06,13.5,13.5,13.375,13.5,1.0373940000000001,7600
2889,1994-06-07,13.5,13.5,13.375,13.5,1.0373940000000001,4300
2890,1994-06-08,13.5,13.625,13.5,13.625,1.047,18900
2891,1994-06-09,13.625,13.75,13.5,13.75,1.056605,10400
2892,1994-06-10,13.625,13.75,13.625,13.75,1.065516,2800
2893,1994-06-13,13.75,13.75,13.625,13.625,1.055831,4300
2894,1994-06-14,13.625,13.75,13.625,13.75,1.065516,3300
2895,1994-06-15,13.75,13.75,13.5,13.625,1.055831,19800
2896,1994-06-16,13.625,13.75,13.625,13.625,1.055831,12400
2897,1994-06-17,13.75,13.75,13.625,13.75,1.065516,3200
2898,1994-06-20,13.75,13.75,13.5,13.5,1.046144,9200
2899,1994-06-21,13.5,13.5,13.5,13.5,1.046144,100
2900,1994-06-22,13.5,13.625,13.5,13.5,1.046144,1700
2901,1994-06-23,13.5,13.625,13.375,13.375,1.036458,19000
2902,1994-06-24,13.5,13.5,13.375,13.5,1.046144,7000
2903,1994-06-27,13.5,13.625,13.5,13.625,1.055831,1800
2904,1994-06-28,13.625,13.625,13.625,13.625,1.055831,900
2905,1994-06-29,13.625,13.625,13.5,13.625,1.055831,4300
2906,1994-06-30,13.625,13.625,13.375,13.5,1.046144,20600
2907,1994-07-01,13.625,13.625,13.625,13.625,1.055831,100
2908,1994-07-05,13.625,13.625,13.625,13.625,1.055831,6900
2909,1994-07-06,13.5,13.625,13.5,13.625,1.055831,13400
2910,1994-07-07,13.5,13.625,13.5,13.625,1.055831,13800
2911,1994-07-08,13.625,13.625,13.5,13.625,1.055831,5200
2912,1994-07-11,13.375,13.625,13.375,13.625,1.063558,18500
2913,1994-07-12,13.625,13.625,13.625,13.625,1.063558,2900
2914,1994-07-13,13.625,13.625,13.5,13.5,1.0538,9200
2915,1994-07-14,13.5,13.625,13.5,13.5,1.0538,3700
2916,1994-07-15,13.5,13.5,13.5,13.5,1.0538,24400
2917,1994-07-18,13.5,13.5,13.375,13.5,1.0538,9600
2918,1994-07-19,13.5,13.5,13.375,13.5,1.0538,5000
2919,1994-07-20,13.5,13.5,13.375,13.375,1.044044,6500
2920,1994-07-21,13.5,13.625,13.5,13.5,1.0538,17700
2921,1994-07-22,13.5,13.5,13.375,13.375,1.044044,34700
2922,1994-07-25,13.5,13.625,13.375,13.5,1.0538,5600
2923,1994-07-26,13.375,13.5,13.375,13.5,1.0538,12500
2924,1994-07-27,13.25,13.5,13.25,13.375,1.044044,1200
2925,1994-07-28,13.5,13.5,13.375,13.375,1.044044,2300
2926,1994-07-29,13.5,13.5,13.5,13.5,1.0538,2200
2927,1994-08-01,13.5,13.5,13.5,13.5,1.0538,3000
2928,1994-08-02,13.5,13.625,13.375,13.375,1.044044,43600
2929,1994-08-03,13.5,13.5,13.375,13.5,1.0538,7500
2930,1994-08-04,13.5,13.5,13.375,13.375,1.044044,5200
2931,1994-08-05,13.5,13.5,13.375,13.375,1.044044,6700
2932,1994-08-08,13.5,13.5,13.375,13.5,1.0538,27700
2933,1994-08-09,13.5,13.625,13.375,13.375,1.0516780000000001,35200
2934,1994-08-10,13.375,13.5,13.375,13.5,1.0615059999999998,20400
2935,1994-08-11,13.375,13.5,13.375,13.375,1.0516780000000001,3600
2936,1994-08-12,13.375,13.5,13.375,13.5,1.0615059999999998,1300
2937,1994-08-15,13.5,13.5,13.375,13.375,1.0516780000000001,10300
2938,1994-08-16,13.5,13.5,13.375,13.375,1.0516780000000001,2900
2939,1994-08-17,13.5,13.5,13.5,13.5,1.0615059999999998,1100
2940,1994-08-18,13.5,13.5,13.375,13.5,1.0615059999999998,4500
2941,1994-08-19,13.5,13.5,13.375,13.375,1.0516780000000001,3200
2942,1994-08-22,13.5,13.5,13.375,13.375,1.0516780000000001,3300
2943,1994-08-23,13.5,13.5,13.25,13.5,1.0615059999999998,3500
2944,1994-08-24,13.375,13.5,13.375,13.375,1.0516780000000001,4700
2945,1994-08-25,13.375,13.5,13.375,13.5,1.0615059999999998,4500
2946,1994-08-26,13.375,13.375,13.25,13.375,1.0516780000000001,15900
2947,1994-08-29,13.25,13.375,13.25,13.375,1.0516780000000001,2100
2948,1994-08-30,13.375,13.375,13.25,13.375,1.0516780000000001,9600
2949,1994-08-31,13.375,13.5,13.375,13.375,1.0516780000000001,5000
2950,1994-09-01,13.5,13.5,13.5,13.5,1.0615059999999998,600
2951,1994-09-02,13.375,13.5,13.375,13.5,1.0615059999999998,4700
2952,1994-09-06,13.5,13.5,13.375,13.5,1.0615059999999998,23300
2953,1994-09-07,13.375,13.5,13.375,13.375,1.0516780000000001,2400
2954,1994-09-08,13.5,13.5,13.375,13.5,1.0615059999999998,14600
2955,1994-09-09,13.375,13.5,13.375,13.5,1.069587,4300
2956,1994-09-12,13.5,13.5,13.375,13.375,1.059684,4300
2957,1994-09-13,13.5,13.5,13.375,13.5,1.069587,2800
2958,1994-09-14,13.5,13.5,13.25,13.375,1.059684,10300
2959,1994-09-15,13.5,13.5,13.375,13.5,1.069587,4100
2960,1994-09-16,13.375,13.375,13.25,13.375,1.059684,10300
2961,1994-09-19,13.375,13.375,13.25,13.25,1.0497809999999999,4400
2962,1994-09-20,13.375,13.375,13.25,13.375,1.059684,4000
2963,1994-09-21,13.375,13.375,13.25,13.25,1.0497809999999999,19600
2964,1994-09-22,13.25,13.25,13.25,13.25,1.0497809999999999,1400
2965,1994-09-23,13.375,13.375,13.25,13.375,1.059684,3500
2966,1994-09-26,13.375,13.5,13.375,13.5,1.069587,3400
2967,1994-09-27,13.375,13.375,13.375,13.375,1.059684,800
2968,1994-09-28,13.5,13.5,13.375,13.5,1.069587,7600
2969,1994-09-29,13.375,13.5,13.375,13.375,1.059684,1800
2970,1994-09-30,13.5,13.5,13.375,13.5,1.069587,1400
2971,1994-10-03,13.375,13.5,13.375,13.5,1.069587,6400
2972,1994-10-04,13.375,13.5,13.375,13.5,1.069587,14100
2973,1994-10-05,13.375,13.5,13.375,13.5,1.069587,2700
2974,1994-10-06,13.375,13.5,13.25,13.25,1.0497809999999999,5100
2975,1994-10-07,13.375,13.375,13.25,13.375,1.059684,8900
2976,1994-10-10,13.375,13.375,13.25,13.375,1.059684,7500
2977,1994-10-11,13.375,13.375,13.375,13.375,1.067667,3500
2978,1994-10-12,13.375,13.5,13.375,13.375,1.067667,2800
2979,1994-10-13,13.375,13.375,13.25,13.25,1.0576889999999999,8300
2980,1994-10-14,13.25,13.25,13.125,13.125,1.0477100000000001,15000
2981,1994-10-17,13.25,13.25,13.125,13.25,1.0576889999999999,2700
2982,1994-10-18,13.25,13.25,13.125,13.25,1.0576889999999999,8200
2983,1994-10-19,13.125,13.25,12.875,13.0,1.037733,23000
2984,1994-10-20,13.0,13.25,13.0,13.25,1.0576889999999999,5900
2985,1994-10-21,13.25,13.25,13.0,13.125,1.0477100000000001,7900
2986,1994-10-24,13.125,13.125,13.0,13.125,1.0477100000000001,2400
2987,1994-10-25,13.0,13.125,13.0,13.0,1.037733,6800
2988,1994-10-26,13.0,13.125,13.0,13.0,1.037733,9600
2989,1994-10-27,13.125,13.125,13.125,13.125,1.0477100000000001,2000
2990,1994-10-28,13.125,13.125,12.875,12.875,1.027754,7200
2991,1994-10-31,12.875,12.875,12.75,12.75,1.017776,3100
2992,1994-11-01,12.875,12.875,12.375,12.625,1.0077969999999998,12700
2993,1994-11-02,12.75,12.875,12.75,12.875,1.027754,10200
2994,1994-11-03,12.75,13.0,12.75,12.875,1.027754,5200
2995,1994-11-04,12.875,12.875,12.625,12.625,1.0077969999999998,8100
2996,1994-11-07,12.625,12.875,12.625,12.75,1.017776,9600
2997,1994-11-08,12.75,12.75,12.625,12.75,1.025822,500
2998,1994-11-09,12.75,12.75,12.5,12.5,1.005708,33800
2999,1994-11-10,12.625,12.625,12.375,12.5,1.005708,12100
3000,1994-11-11,12.625,12.625,12.5,12.5,1.005708,1800
3001,1994-11-14,12.5,12.625,12.5,12.5,1.005708,1600
3002,1994-11-15,12.5,12.5,12.5,12.5,1.005708,1100
3003,1994-11-16,12.5,12.5,12.375,12.375,0.99565,50700
3004,1994-11-17,12.25,12.5,12.0,12.125,0.9755360000000001,19200
3005,1994-11-18,12.0,12.0,11.625,11.75,0.945365,21700
3006,1994-11-21,11.875,11.875,11.75,11.75,0.945365,8300
3007,1994-11-22,11.625,11.75,11.5,11.5,0.925251,12800
3008,1994-11-23,11.5,12.0,11.25,12.0,0.9654790000000001,21500
3009,1994-11-25,12.0,12.125,11.875,12.0,0.9654790000000001,4100
3010,1994-11-28,12.25,12.5,12.25,12.375,0.99565,5500
3011,1994-11-29,12.25,12.375,12.125,12.125,0.9755360000000001,9600
3012,1994-11-30,12.25,12.25,11.875,12.0,0.9654790000000001,38100
3013,1994-12-01,11.875,11.875,11.5,11.75,0.945365,14500
3014,1994-12-02,11.625,11.625,11.625,11.625,0.935308,7200
3015,1994-12-05,11.75,11.75,11.375,11.375,0.915193,13600
3016,1994-12-06,11.5,11.5,11.25,11.375,0.915193,14000
3017,1994-12-07,11.375,11.375,11.125,11.25,0.905136,11400
3018,1994-12-08,11.25,11.25,11.125,11.125,0.8950790000000001,12900
3019,1994-12-09,11.125,11.375,11.125,11.125,0.9018879999999999,23600
3020,1994-12-12,11.25,11.25,11.0,11.25,0.9120219999999999,12200
3021,1994-12-13,11.25,11.25,11.125,11.125,0.9018879999999999,12100
3022,1994-12-14,11.0,11.125,10.875,11.0,0.891755,34700
3023,1994-12-15,10.875,11.125,10.875,11.0,0.891755,29000
3024,1994-12-16,11.125,11.125,11.0,11.125,0.9018879999999999,4300
3025,1994-12-19,11.0,11.0,10.875,10.875,0.8816219999999999,20900
3026,1994-12-20,10.875,11.0,10.875,10.875,0.8816219999999999,8000
3027,1994-12-21,10.875,10.875,10.25,10.25,0.8309540000000001,50300
3028,1994-12-22,10.375,10.5,10.25,10.25,0.8309540000000001,32900
3029,1994-12-23,10.5,10.5,10.125,10.125,0.8208209999999999,27100
3030,1994-12-27,10.125,10.25,9.75,9.75,0.79042,36800
3031,1994-12-28,9.875,10.25,9.875,10.25,0.8309540000000001,54300
3032,1994-12-29,10.0,10.0,9.875,10.0,0.8106869999999999,102300
3033,1994-12-30,10.0,10.125,9.875,10.0,0.8106869999999999,73000
3034,1995-01-03,10.0,10.0,9.75,9.875,0.800554,14000
3035,1995-01-04,10.0,10.0,9.75,9.75,0.79042,25500
3036,1995-01-05,9.75,10.0,9.75,10.0,0.8106869999999999,10100
3037,1995-01-06,10.0,10.5,10.0,10.25,0.8309540000000001,31700
3038,1995-01-09,10.25,10.25,10.0,10.125,0.8208209999999999,27100
3039,1995-01-10,10.125,10.25,10.0,10.125,0.829008,20300
3040,1995-01-11,10.125,10.25,10.125,10.125,0.829008,18100
3041,1995-01-12,10.125,10.25,10.125,10.125,0.829008,7300
3042,1995-01-13,10.125,10.125,9.875,9.875,0.808539,30200
3043,1995-01-16,9.875,10.0,9.875,10.0,0.818773,11100
3044,1995-01-17,10.0,10.125,10.0,10.0,0.818773,6500
3045,1995-01-18,10.125,10.25,10.125,10.125,0.829008,27700
3046,1995-01-19,10.125,10.125,9.875,10.0,0.818773,16900
3047,1995-01-20,9.875,10.125,9.875,10.0,0.818773,28000
3048,1995-01-23,10.0,10.125,10.0,10.125,0.829008,4800
3049,1995-01-24,10.0,10.0,10.0,10.0,0.818773,2100
3050,1995-01-25,10.0,10.0,10.0,10.0,0.818773,5600
3051,1995-01-26,9.875,10.125,9.875,10.0,0.818773,6800
3052,1995-01-27,10.0,10.0,9.625,9.75,0.798304,39100
3053,1995-01-30,9.875,9.875,9.75,9.875,0.808539,2000
3054,1995-01-31,9.875,9.875,9.875,9.875,0.808539,8200
3055,1995-02-01,9.875,9.875,9.75,9.75,0.798304,5800
3056,1995-02-02,9.875,10.0,9.875,10.0,0.818773,7800
3057,1995-02-03,10.0,10.125,10.0,10.125,0.829008,11100
3058,1995-02-06,10.125,10.125,10.0,10.125,0.829008,10400
3059,1995-02-07,10.0,10.125,9.875,9.875,0.808539,18300
3060,1995-02-08,10.0,10.125,9.875,10.0,0.818773,16100
3061,1995-02-09,10.0,10.0,9.875,10.0,0.827211,11100
3062,1995-02-10,9.875,10.0,9.875,10.0,0.827211,8100
3063,1995-02-13,10.0,10.375,10.0,10.375,0.858232,15900
3064,1995-02-14,10.375,10.375,9.875,9.875,0.816871,34900
3065,1995-02-15,10.0,10.125,10.0,10.125,0.837551,5500
3066,1995-02-16,10.125,10.125,9.875,10.0,0.827211,13400
3067,1995-02-17,10.0,10.125,9.875,10.0,0.827211,26600
3068,1995-02-21,10.125,10.125,9.875,9.875,0.816871,7700
3069,1995-02-22,9.875,10.0,9.875,9.875,0.816871,3500
3070,1995-02-23,10.0,10.0,9.875,10.0,0.827211,12200
3071,1995-02-24,10.0,10.125,9.875,10.0,0.827211,16900
3072,1995-02-27,10.0,10.0,9.875,10.0,0.827211,9100
3073,1995-02-28,10.125,10.125,10.0,10.125,0.837551,8000
3074,1995-03-01,10.125,10.25,10.0,10.0,0.827211,49000
3075,1995-03-02,10.125,10.125,10.0,10.125,0.837551,4500
3076,1995-03-03,10.125,10.125,10.0,10.125,0.837551,9900
3077,1995-03-06,10.125,10.125,10.0,10.125,0.837551,9100
3078,1995-03-07,10.125,10.125,10.0,10.0,0.827211,46500
3079,1995-03-08,10.125,10.125,10.0,10.125,0.837551,4200
3080,1995-03-09,10.0,10.125,10.0,10.0,0.8353790000000001,18300
3081,1995-03-10,10.0,10.125,10.0,10.0,0.8353790000000001,26000
3082,1995-03-13,10.0,10.125,9.875,10.0,0.8353790000000001,74600
3083,1995-03-14,10.0,10.0,9.875,10.0,0.8353790000000001,73700
3084,1995-03-15,10.0,10.0,9.875,10.0,0.8353790000000001,13000
3085,1995-03-16,9.875,10.0,9.875,10.0,0.8353790000000001,5700
3086,1995-03-17,10.0,10.125,10.0,10.125,0.8458209999999999,2100
3087,1995-03-20,10.125,10.125,10.125,10.125,0.8458209999999999,20100
3088,1995-03-21,10.125,10.25,10.125,10.25,0.8562639999999999,8100
3089,1995-03-22,10.125,10.25,10.125,10.25,0.8562639999999999,300
3090,1995-03-23,10.25,10.375,10.25,10.375,0.866707,7600
3091,1995-03-24,10.25,10.375,10.25,10.25,0.8562639999999999,4800
3092,1995-03-27,10.25,10.375,10.25,10.375,0.866707,1800
3093,1995-03-28,10.25,10.375,10.25,10.25,0.8562639999999999,15200
3094,1995-03-29,10.25,10.375,10.125,10.25,0.8562639999999999,9100
3095,1995-03-30,10.25,10.25,10.125,10.125,0.8458209999999999,14400
3096,1995-03-31,10.125,10.25,10.125,10.25,0.8562639999999999,3700
3097,1995-04-03,10.125,10.25,10.125,10.25,0.8562639999999999,7000
3098,1995-04-04,10.25,10.25,10.125,10.125,0.8458209999999999,12100
3099,1995-04-05,10.125,10.125,10.0,10.125,0.8458209999999999,8700
3100,1995-04-06,10.0,10.25,10.0,10.25,0.8562639999999999,13600
3101,1995-04-07,10.25,10.25,10.125,10.25,0.8562639999999999,26500
3102,1995-04-10,10.125,10.125,10.125,10.125,0.853986,2200
3103,1995-04-11,10.125,10.25,10.125,10.125,0.853986,13900
3104,1995-04-12,10.125,10.125,10.125,10.125,0.853986,9500
3105,1995-04-13,10.125,10.25,10.125,10.25,0.8645299999999999,7300
3106,1995-04-17,10.125,10.25,10.125,10.25,0.8645299999999999,10300
3107,1995-04-18,10.125,10.25,10.125,10.125,0.853986,9500
3108,1995-04-19,10.125,10.125,10.0,10.0,0.843443,31200
3109,1995-04-20,10.125,10.125,9.875,10.0,0.843443,29900
3110,1995-04-21,10.0,10.0,9.875,10.0,0.843443,20300
3111,1995-04-24,10.0,10.0,9.875,9.875,0.832901,37700
3112,1995-04-25,9.875,10.0,9.875,10.0,0.843443,13000
3113,1995-04-26,9.875,10.0,9.75,9.75,0.822357,26400
3114,1995-04-27,9.875,9.875,9.75,9.875,0.832901,44300
3115,1995-04-28,9.875,9.875,9.75,9.875,0.832901,22200
3116,1995-05-01,10.0,10.125,10.0,10.0,0.843443,39200
3117,1995-05-02,10.0,10.0,9.875,10.0,0.843443,5700
3118,1995-05-03,10.0,10.0,9.875,10.0,0.843443,14200
3119,1995-05-04,10.0,10.0,9.875,10.0,0.843443,24700
3120,1995-05-05,10.0,10.0,10.0,10.0,0.843443,6100
3121,1995-05-08,10.0,10.25,10.0,10.25,0.8645299999999999,12100
3122,1995-05-09,10.125,10.125,10.0,10.125,0.8620610000000001,6500
3123,1995-05-10,10.125,10.25,10.125,10.125,0.8620610000000001,7100
3124,1995-05-11,10.25,10.25,10.125,10.25,0.8727030000000001,7200
3125,1995-05-12,10.125,10.125,10.0,10.0,0.851418,20900
3126,1995-05-15,10.0,10.25,10.0,10.125,0.8620610000000001,8900
3127,1995-05-16,10.25,10.25,10.0,10.0,0.851418,16800
3128,1995-05-17,10.0,10.0,10.0,10.0,0.851418,4300
3129,1995-05-18,10.0,10.0,10.0,10.0,0.851418,9200
3130,1995-05-19,10.0,10.0,9.875,9.875,0.840776,10200
3131,1995-05-22,9.875,10.0,9.875,10.0,0.851418,3400
3132,1995-05-23,10.0,10.125,10.0,10.125,0.8620610000000001,12500
3133,1995-05-24,10.0,10.0,9.875,10.0,0.851418,17000
3134,1995-05-25,10.0,10.125,10.0,10.125,0.8620610000000001,105800
3135,1995-05-26,10.125,10.125,10.0,10.125,0.8620610000000001,9600
3136,1995-05-30,10.0,10.125,10.0,10.125,0.8620610000000001,10200
3137,1995-05-31,10.125,10.25,10.0,10.125,0.8620610000000001,20200
3138,1995-06-01,10.125,10.125,10.0,10.125,0.8620610000000001,22300
3139,1995-06-02,10.0,10.125,10.0,10.125,0.8620610000000001,7000
3140,1995-06-05,10.25,10.25,10.125,10.125,0.8620610000000001,16200
3141,1995-06-06,10.125,10.25,10.125,10.25,0.8727030000000001,20900
3142,1995-06-07,10.25,10.25,10.125,10.125,0.8620610000000001,19200
3143,1995-06-08,10.25,10.25,10.125,10.25,0.8727030000000001,3300
3144,1995-06-09,10.125,10.25,10.125,10.25,0.8727030000000001,12300
3145,1995-06-12,10.25,10.25,10.25,10.25,0.8727030000000001,5500
3146,1995-06-13,10.125,10.25,10.0,10.125,0.871499,19300
3147,1995-06-14,10.125,10.25,10.125,10.25,0.882257,6100
3148,1995-06-15,10.25,10.25,10.125,10.125,0.871499,9200
3149,1995-06-16,10.125,10.125,10.0,10.125,0.871499,8900
3150,1995-06-19,10.125,10.125,10.125,10.125,0.871499,6700
3151,1995-06-20,10.0,10.125,10.0,10.125,0.871499,4600
3152,1995-06-21,10.125,10.125,10.0,10.0,0.8607389999999999,8100
3153,1995-06-22,10.125,10.25,9.875,9.875,0.84998,49300
3154,1995-06-23,10.0,10.0,9.875,10.0,0.8607389999999999,10500
3155,1995-06-26,10.0,10.0,9.875,9.875,0.84998,4400
3156,1995-06-27,10.0,10.125,10.0,10.0,0.8607389999999999,15000
3157,1995-06-28,10.0,10.125,10.0,10.0,0.8607389999999999,2800
3158,1995-06-29,10.125,10.125,10.125,10.125,0.871499,4100
3159,1995-06-30,10.125,10.25,10.125,10.125,0.871499,3400
3160,1995-07-03,10.125,10.25,10.125,10.25,0.882257,3000
3161,1995-07-05,10.25,10.25,10.0,10.125,0.871499,19200
3162,1995-07-06,10.125,10.125,10.0,10.125,0.871499,3500
3163,1995-07-07,10.125,10.125,10.0,10.0,0.8607389999999999,6900
3164,1995-07-10,10.125,10.25,10.125,10.25,0.882257,7700
3165,1995-07-11,10.25,10.25,10.0,10.0,0.8607389999999999,16100
3166,1995-07-12,10.125,10.125,10.125,10.125,0.871499,4500
3167,1995-07-13,10.0,10.125,10.0,10.125,0.8782639999999999,8000
3168,1995-07-14,10.125,10.125,10.0,10.125,0.8782639999999999,2900
3169,1995-07-17,10.0,10.125,10.0,10.125,0.8782639999999999,11800
3170,1995-07-18,10.125,10.125,9.75,10.0,0.8674209999999999,46000
3171,1995-07-19,10.0,10.0,9.75,9.875,0.8565790000000001,29400
3172,1995-07-20,9.875,10.0,9.875,9.875,0.8565790000000001,9500
3173,1995-07-21,9.875,10.0,9.875,10.0,0.8674209999999999,8100
3174,1995-07-24,9.875,9.875,9.75,9.75,0.845736,24300
3175,1995-07-25,9.875,9.875,9.75,9.875,0.8565790000000001,15700
3176,1995-07-26,9.875,9.875,9.75,9.875,0.8565790000000001,5600
3177,1995-07-27,9.875,9.875,9.75,9.875,0.8565790000000001,7900
3178,1995-07-28,9.875,10.0,9.875,10.0,0.8674209999999999,2700
3179,1995-07-31,10.0,10.0,9.875,10.0,0.8674209999999999,17500
3180,1995-08-01,10.0,10.0,9.875,9.875,0.8565790000000001,8300
3181,1995-08-02,9.875,10.0,9.875,10.0,0.8674209999999999,12800
3182,1995-08-03,9.875,9.875,9.75,9.875,0.8565790000000001,82200
3183,1995-08-04,9.75,9.875,9.75,9.875,0.8565790000000001,8500
3184,1995-08-07,9.875,9.875,9.875,9.875,0.8565790000000001,7900
3185,1995-08-08,9.875,10.0,9.75,9.875,0.8565790000000001,5700
3186,1995-08-09,9.875,10.0,9.875,9.875,0.8565790000000001,6000
3187,1995-08-10,9.875,9.875,9.875,9.875,0.8565790000000001,5700
3188,1995-08-11,9.75,9.75,9.75,9.75,0.85134,1100
3189,1995-08-14,9.75,9.875,9.75,9.75,0.85134,4300
3190,1995-08-15,9.875,9.875,9.75,9.75,0.85134,14300
3191,1995-08-16,9.75,9.875,9.625,9.875,0.8622540000000001,11200
3192,1995-08-17,9.875,9.875,9.75,9.75,0.85134,13000
3193,1995-08-18,9.75,9.75,9.75,9.75,0.85134,9700
3194,1995-08-21,9.75,9.75,9.625,9.625,0.840425,32900
3195,1995-08-22,9.625,9.625,9.5,9.5,0.8295100000000001,9700
3196,1995-08-23,9.625,9.625,9.5,9.625,0.840425,21500
3197,1995-08-24,9.5,9.625,9.5,9.5,0.8295100000000001,10000
3198,1995-08-25,9.5,9.625,9.5,9.5,0.8295100000000001,12500
3199,1995-08-28,9.625,9.625,9.5,9.5,0.8295100000000001,35600
3200,1995-08-29,9.5,9.5,9.375,9.375,0.818596,22900
3201,1995-08-30,9.375,9.5,9.375,9.375,0.818596,25000
3202,1995-08-31,9.375,9.375,9.25,9.375,0.818596,21500
3203,1995-09-01,9.375,9.375,9.25,9.375,0.818596,14900
3204,1995-09-05,9.375,9.375,9.25,9.25,0.8076810000000001,16700
3205,1995-09-06,9.375,9.5,9.25,9.25,0.8076810000000001,48500
3206,1995-09-07,9.25,9.375,9.125,9.125,0.796766,66400
3207,1995-09-08,9.25,9.375,9.25,9.25,0.8076810000000001,35200
3208,1995-09-11,9.25,9.375,9.25,9.25,0.8076810000000001,26100
3209,1995-09-12,9.25,9.375,9.25,9.375,0.818596,13800
3210,1995-09-13,9.25,9.25,9.125,9.25,0.818595,10500
3211,1995-09-14,9.125,9.25,9.125,9.125,0.807533,31000
3212,1995-09-15,9.125,9.25,9.0,9.0,0.7964720000000001,37900
3213,1995-09-18,9.0,9.0,8.875,8.875,0.78541,24800
3214,1995-09-19,8.875,8.875,8.625,8.875,0.78541,80000
3215,1995-09-20,8.875,8.875,8.625,8.875,0.78541,41200
3216,1995-09-21,8.75,8.875,8.75,8.875,0.78541,36000
3217,1995-09-22,8.875,9.125,8.75,9.125,0.807533,47700
3218,1995-09-25,9.125,9.25,9.0,9.125,0.807533,29800
3219,1995-09-26,9.125,9.25,9.0,9.125,0.807533,52800
3220,1995-09-27,9.125,9.125,9.0,9.0,0.7964720000000001,9900
3221,1995-09-28,9.125,9.125,9.0,9.0,0.7964720000000001,10200
3222,1995-09-29,9.0,9.0,9.0,9.0,0.7964720000000001,12900
3223,1995-10-02,9.125,9.125,9.0,9.0,0.7964720000000001,18000
3224,1995-10-03,9.0,9.125,9.0,9.125,0.807533,5900
3225,1995-10-04,9.125,9.125,9.0,9.125,0.807533,10300
3226,1995-10-05,9.0,9.125,9.0,9.125,0.807533,16900
3227,1995-10-06,9.125,9.125,9.0,9.0,0.7964720000000001,13200
3228,1995-10-09,9.0,9.0,9.0,9.0,0.7964720000000001,20000
3229,1995-10-10,9.0,9.125,9.0,9.0,0.7964720000000001,7600
3230,1995-10-11,9.0,9.125,9.0,9.125,0.807533,15100
3231,1995-10-12,9.0,9.125,9.0,9.125,0.814225,7100
3232,1995-10-13,9.125,9.125,9.0,9.0,0.803072,6700
3233,1995-10-16,9.0,9.125,9.0,9.0,0.803072,7200
3234,1995-10-17,9.0,9.0,8.875,9.0,0.803072,15600
3235,1995-10-18,9.0,9.0,8.875,9.0,0.803072,15900
3236,1995-10-19,8.875,9.0,8.875,9.0,0.803072,20500
3237,1995-10-20,9.0,9.0,8.875,8.875,0.7919189999999999,8700
3238,1995-10-23,8.875,9.0,8.75,8.875,0.7919189999999999,13900
3239,1995-10-24,8.875,8.875,8.75,8.75,0.7807649999999999,25900
3240,1995-10-25,8.75,8.75,8.5,8.5,0.7584569999999999,52300
3241,1995-10-26,8.5,8.5,8.125,8.25,0.7361489999999999,53400
3242,1995-10-27,8.125,8.125,7.875,8.0,0.713842,70000
3243,1995-10-30,8.0,8.0,7.875,7.875,0.702689,30200
3244,1995-10-31,8.0,8.125,7.875,8.0,0.713842,44600
3245,1995-11-01,8.125,8.25,8.0,8.125,0.724996,45000
3246,1995-11-02,8.125,8.375,8.125,8.375,0.7473029999999999,19200
3247,1995-11-03,8.375,8.625,8.375,8.625,0.7696109999999999,33100
3248,1995-11-06,8.625,9.0,8.625,8.875,0.7919189999999999,40000
3249,1995-11-07,8.875,9.0,8.875,8.875,0.7919189999999999,14900
3250,1995-11-08,9.0,9.0,8.875,8.875,0.7919189999999999,9400
3251,1995-11-09,8.875,8.875,8.625,8.75,0.7807649999999999,25200
3252,1995-11-10,8.625,8.625,8.5,8.5,0.7584569999999999,24800
3253,1995-11-13,8.625,8.625,8.5,8.5,0.764121,14100
3254,1995-11-14,8.5,8.5,8.25,8.375,0.752884,8600
3255,1995-11-15,8.375,8.375,8.25,8.375,0.752884,11000
3256,1995-11-16,8.25,8.375,8.125,8.375,0.752884,13000
3257,1995-11-17,8.25,8.375,8.125,8.25,0.741646,12900
3258,1995-11-20,8.25,8.25,8.125,8.125,0.730409,25800
3259,1995-11-21,8.125,8.25,8.125,8.125,0.730409,8900
3260,1995-11-22,8.125,8.25,8.125,8.125,0.730409,18000
3261,1995-11-24,8.25,8.25,8.0,8.125,0.730409,85800
3262,1995-11-27,8.25,8.25,8.0,8.125,0.730409,84100
3263,1995-11-28,8.0,8.125,7.875,7.875,0.707936,60400
3264,1995-11-29,7.875,8.0,7.875,7.875,0.707936,21700
3265,1995-11-30,8.0,8.25,7.875,8.25,0.741646,66600
3266,1995-12-01,8.25,8.375,8.0,8.125,0.730409,51300
3267,1995-12-04,8.125,8.25,8.0,8.125,0.730409,13600
3268,1995-12-05,8.125,8.125,8.0,8.0,0.719172,26400
3269,1995-12-06,8.0,8.125,8.0,8.0,0.719172,29000
3270,1995-12-07,8.0,8.0,7.875,8.0,0.719172,30600
3271,1995-12-08,7.875,8.0,7.875,8.0,0.719172,28600
3272,1995-12-11,8.0,8.125,8.0,8.125,0.730409,28200
3273,1995-12-12,8.0,8.125,7.875,8.0,0.719172,18400
3274,1995-12-13,7.875,8.0,7.875,8.0,0.7252460000000001,22800
3275,1995-12-14,8.0,8.0,7.875,8.0,0.7252460000000001,17700
3276,1995-12-15,8.0,8.0,7.875,8.0,0.7252460000000001,30500
3277,1995-12-18,7.875,8.0,7.75,7.75,0.7025819999999999,32000
3278,1995-12-19,7.75,8.125,7.75,8.125,0.736578,52900
3279,1995-12-20,8.0,8.125,8.0,8.125,0.736578,44400
3280,1995-12-21,8.125,8.125,8.0,8.125,0.736578,44000
3281,1995-12-22,8.0,8.125,8.0,8.0,0.7252460000000001,45600
3282,1995-12-26,8.0,8.125,8.0,8.125,0.736578,52700
3283,1995-12-27,8.0,8.125,8.0,8.0,0.7252460000000001,41800
3284,1995-12-28,8.125,8.125,8.0,8.0,0.7252460000000001,34500
3285,1995-12-29,8.0,8.125,8.0,8.0,0.7252460000000001,51900
3286,1996-01-02,8.125,8.125,8.0,8.125,0.736578,20800
3287,1996-01-03,8.125,8.25,8.125,8.125,0.736578,27400
3288,1996-01-04,8.125,8.375,8.125,8.25,0.7479100000000001,18600
3289,1996-01-05,8.25,8.5,8.25,8.5,0.770574,17300
3290,1996-01-08,8.5,8.625,8.5,8.625,0.7819050000000001,22100
3291,1996-01-09,8.625,8.875,8.625,8.75,0.793238,22800
3292,1996-01-10,8.75,8.875,8.625,8.75,0.793238,28800
3293,1996-01-11,8.75,8.875,8.625,8.875,0.82804,19000
3294,1996-01-12,8.75,8.875,8.75,8.75,0.816377,21800
3295,1996-01-15,8.75,8.875,8.75,8.875,0.82804,6000
3296,1996-01-16,8.875,9.0,8.875,8.875,0.82804,24600
3297,1996-01-17,8.75,8.875,8.625,8.75,0.816377,48800
3298,1996-01-18,8.625,8.625,8.5,8.5,0.7930510000000001,9200
3299,1996-01-19,8.625,8.75,8.625,8.75,0.816377,4800
3300,1996-01-22,8.625,8.625,8.5,8.5,0.7930510000000001,9800
3301,1996-01-23,8.625,8.625,8.5,8.5,0.7930510000000001,35400
3302,1996-01-24,8.5,8.75,8.5,8.75,0.816377,9000
3303,1996-01-25,8.5,8.625,8.5,8.625,0.804713,24400
3304,1996-01-26,8.5,8.625,8.375,8.625,0.804713,9600
3305,1996-01-29,8.5,8.625,8.375,8.625,0.804713,6000
3306,1996-01-30,8.5,8.5,8.375,8.5,0.7930510000000001,31400
3307,1996-01-31,8.5,8.625,8.5,8.625,0.804713,12600
3308,1996-02-01,8.625,8.75,8.625,8.75,0.816377,4600
3309,1996-02-02,8.625,8.625,8.5,8.5,0.7930510000000001,13800
3310,1996-02-05,8.625,8.625,8.5,8.5,0.7930510000000001,7400
3311,1996-02-06,8.625,8.75,8.5,8.75,0.816377,35000
3312,1996-02-07,8.75,8.75,8.625,8.625,0.804713,20200
3313,1996-02-08,8.625,8.75,8.625,8.625,0.804713,5000
3314,1996-02-09,8.625,8.75,8.625,8.75,0.816377,8300
3315,1996-02-12,8.75,8.75,8.625,8.75,0.816377,10100
3316,1996-02-13,8.5,8.625,8.5,8.625,0.813828,11500
3317,1996-02-14,8.5,8.625,8.5,8.5,0.802034,19400
3318,1996-02-15,8.625,8.625,8.5,8.625,0.813828,5200
3319,1996-02-16,8.5,8.625,8.5,8.625,0.813828,12500
3320,1996-02-20,8.5,8.625,8.5,8.625,0.813828,12500
3321,1996-02-21,8.5,8.625,8.375,8.5,0.802034,13000
3322,1996-02-22,8.375,8.5,8.25,8.25,0.7784449999999999,40100
3323,1996-02-23,8.375,8.375,8.25,8.375,0.7902399999999999,3400
3324,1996-02-26,8.375,8.5,8.25,8.25,0.7784449999999999,14000
3325,1996-02-27,8.25,8.25,8.25,8.25,0.7784449999999999,6700
3326,1996-02-28,8.375,8.375,8.25,8.25,0.7784449999999999,3800
3327,1996-02-29,8.375,8.5,8.25,8.5,0.802034,17100
3328,1996-03-01,8.5,8.5,8.25,8.25,0.7784449999999999,22800
3329,1996-03-04,8.25,8.375,8.25,8.375,0.7902399999999999,13600
3330,1996-03-05,8.25,8.375,8.25,8.375,0.7902399999999999,10600
3331,1996-03-06,8.375,8.5,8.375,8.5,0.802034,9700
3332,1996-03-07,8.5,8.625,8.5,8.625,0.813828,18200
3333,1996-03-08,8.625,8.625,8.375,8.375,0.7902399999999999,30700
3334,1996-03-11,8.5,9.375,8.375,8.5,0.802034,18100
3335,1996-03-12,8.5,8.75,8.5,8.75,0.825624,25600
3336,1996-03-13,8.625,8.875,8.625,8.75,0.836231,22900
3337,1996-03-14,8.875,8.875,8.75,8.875,0.8481780000000001,9600
3338,1996-03-15,8.875,8.875,8.875,8.875,0.8481780000000001,10200
3339,1996-03-18,8.875,9.0,8.875,9.0,0.860124,4500
3340,1996-03-19,8.875,9.0,8.75,9.0,0.860124,41700
3341,1996-03-20,9.0,9.0,8.875,9.0,0.860124,10100
3342,1996-03-21,9.0,9.125,9.0,9.125,0.8720700000000001,26000
3343,1996-03-22,9.0,9.125,8.875,8.875,0.8481780000000001,12200
3344,1996-03-25,9.0,9.25,9.0,9.125,0.8720700000000001,16200
3345,1996-03-26,9.0,9.125,9.0,9.0,0.860124,21800
3346,1996-03-27,9.125,9.125,9.0,9.0,0.860124,5100
3347,1996-03-28,9.0,9.125,9.0,9.0,0.860124,17200
3348,1996-03-29,9.0,9.125,9.0,9.125,0.8720700000000001,18400
3349,1996-04-01,9.125,9.25,9.125,9.25,0.884016,10200
3350,1996-04-02,9.25,9.375,9.25,9.375,0.895963,19300
3351,1996-04-03,9.375,9.5,9.25,9.5,0.9079079999999999,9500
3352,1996-04-04,9.5,9.625,9.5,9.625,0.9198540000000001,14200
3353,1996-04-08,9.5,9.5,9.25,9.375,0.895963,19700
3354,1996-04-09,9.375,9.625,9.375,9.625,0.9198540000000001,25900
3355,1996-04-10,9.625,9.625,9.625,9.625,0.9198540000000001,9200
3356,1996-04-11,9.5,9.75,9.5,9.75,0.943367,13100
3357,1996-04-12,9.75,10.125,9.75,10.125,0.97965,28300
3358,1996-04-15,10.125,10.125,9.875,10.0,0.967556,30500
3359,1996-04-16,10.0,10.0,10.0,10.0,0.967556,16100
3360,1996-04-17,10.0,10.125,9.875,9.875,0.955461,11800
3361,1996-04-18,9.875,10.0,9.75,9.75,0.943367,21200
3362,1996-04-19,9.75,9.875,9.625,9.75,0.943367,10700
3363,1996-04-22,9.75,9.875,9.75,9.875,0.955461,13500
3364,1996-04-23,9.875,9.875,9.75,9.75,0.943367,18200
3365,1996-04-24,9.75,10.0,9.75,10.0,0.967556,38400
3366,1996-04-25,10.0,10.125,9.875,9.875,0.955461,68800
3367,1996-04-26,9.875,10.0,9.875,10.0,0.967556,9200
3368,1996-04-29,10.0,10.0,9.875,9.875,0.955461,21600
3369,1996-04-30,10.0,10.0,9.875,10.0,0.967556,39200
3370,1996-05-01,10.0,10.0,9.875,9.875,0.955461,20500
3371,1996-05-02,9.875,10.0,9.875,10.0,0.967556,11000
3372,1996-05-03,9.875,10.0,9.875,9.875,0.955461,6000
3373,1996-05-06,10.0,10.0,9.875,9.875,0.955461,26600
3374,1996-05-07,9.875,10.0,9.875,10.0,0.967556,4100
3375,1996-05-08,10.0,10.0,9.875,10.0,0.967556,9500
3376,1996-05-09,10.0,10.0,9.875,10.0,0.967556,12900
3377,1996-05-10,10.0,10.0,9.875,10.0,0.967556,16500
3378,1996-05-13,9.875,10.0,9.75,9.75,0.969743,12000
3379,1996-05-14,9.75,9.75,9.625,9.625,0.95731,11400
3380,1996-05-15,9.75,9.875,9.625,9.875,0.982176,8000
3381,1996-05-16,9.875,9.875,9.75,9.75,0.969743,6900
3382,1996-05-17,9.75,9.75,9.625,9.75,0.969743,3000
3383,1996-05-20,9.625,9.75,9.5,9.5,0.9448780000000001,20300
3384,1996-05-21,9.5,9.625,9.375,9.5,0.9448780000000001,15300
3385,1996-05-22,9.5,9.625,9.5,9.5,0.9448780000000001,10600
3386,1996-05-23,9.75,9.875,9.625,9.625,0.95731,11400
3387,1996-05-24,9.625,9.75,9.625,9.625,0.95731,4000
3388,1996-05-28,9.75,9.75,9.625,9.625,0.95731,3200
3389,1996-05-29,9.75,9.75,9.625,9.625,0.95731,5600
3390,1996-05-30,9.625,9.75,9.625,9.625,0.95731,13500
3391,1996-05-31,9.625,9.625,9.5,9.5,0.9448780000000001,5700
3392,1996-06-03,9.625,9.625,9.5,9.625,0.95731,7900
3393,1996-06-04,9.75,9.75,9.625,9.75,0.969743,5400
3394,1996-06-05,9.625,9.625,9.5,9.625,0.95731,3100
3395,1996-06-06,9.625,9.625,9.625,9.625,0.95731,1600
3396,1996-06-07,9.5,9.75,9.5,9.75,0.969743,6300
3397,1996-06-10,9.625,9.75,9.625,9.75,0.969743,5800
3398,1996-06-11,9.75,9.75,9.625,9.75,0.969743,9000
3399,1996-06-12,9.625,9.625,9.5,9.5,0.9448780000000001,21100
3400,1996-06-13,9.25,9.25,9.125,9.25,0.931783,21600
3401,1996-06-14,9.125,9.25,9.125,9.125,0.919192,12600
3402,1996-06-17,9.25,9.375,9.25,9.25,0.931783,7000
3403,1996-06-18,9.375,9.375,9.25,9.25,0.931783,5200
3404,1996-06-19,9.375,9.5,9.375,9.375,0.9443739999999999,9500
3405,1996-06-20,9.375,9.625,9.375,9.5,0.956966,13100
3406,1996-06-21,9.5,9.75,9.5,9.5,0.956966,22300
3407,1996-06-24,9.75,9.75,9.75,9.75,0.98215,20600
3408,1996-06-25,9.75,9.75,9.625,9.625,0.969557,4200
3409,1996-06-26,9.75,9.75,9.5,9.5,0.956966,8300
3410,1996-06-27,9.5,9.75,9.5,9.625,0.969557,14400
3411,1996-06-28,9.5,9.625,9.5,9.5,0.956966,7000
3412,1996-07-01,9.625,9.625,9.625,9.625,0.969557,6200
3413,1996-07-02,9.625,9.625,9.625,9.625,0.969557,3400
3414,1996-07-03,9.75,10.0,9.625,10.0,1.007332,54500
3415,1996-07-05,10.0,10.125,10.0,10.125,1.019924,32600
3416,1996-07-08,10.125,10.5,10.125,10.5,1.057699,34700
3417,1996-07-09,10.5,10.875,10.5,10.875,1.095474,41600
3418,1996-07-10,10.875,11.125,10.75,11.0,1.108066,46100
3419,1996-07-11,10.875,11.375,10.875,11.25,1.1506129999999999,52500
3420,1996-07-12,11.25,11.75,11.25,11.75,1.2017520000000002,25400
3421,1996-07-15,11.75,11.875,11.25,11.25,1.1506129999999999,45300
3422,1996-07-16,11.375,11.375,11.125,11.125,1.137829,10500
3423,1996-07-17,11.25,11.375,11.125,11.25,1.1506129999999999,19100
3424,1996-07-18,11.25,11.25,11.125,11.25,1.1506129999999999,5800
3425,1996-07-19,11.25,11.5,11.25,11.5,1.176183,20700
3426,1996-07-22,11.375,11.375,10.875,11.0,1.1250440000000002,40600
3427,1996-07-23,11.0,11.0,10.75,10.75,1.099474,15000
3428,1996-07-24,10.75,10.75,10.5,10.75,1.099474,12100
3429,1996-07-25,10.625,10.75,10.5,10.625,1.086691,27100
3430,1996-07-26,10.5,10.5,10.125,10.375,1.061121,36800
3431,1996-07-29,10.25,10.25,10.125,10.125,1.035552,17900
3432,1996-07-30,10.25,10.5,10.25,10.5,1.073906,10100
3433,1996-07-31,10.375,10.75,10.375,10.75,1.099474,8900
3434,1996-08-01,10.875,11.0,10.875,11.0,1.1250440000000002,3200
3435,1996-08-02,11.0,11.5,11.0,11.25,1.1506129999999999,21400
3436,1996-08-05,11.125,11.125,11.125,11.125,1.137829,4300
3437,1996-08-06,11.25,11.25,10.875,11.0,1.1250440000000002,44200
3438,1996-08-07,11.125,11.125,10.875,11.0,1.1250440000000002,10800
3439,1996-08-08,11.125,11.125,11.0,11.0,1.1250440000000002,10700
3440,1996-08-09,11.125,11.125,11.0,11.0,1.1250440000000002,2700
3441,1996-08-12,11.25,11.25,11.0,11.125,1.137829,11000
3442,1996-08-13,11.0,11.125,10.875,11.125,1.152435,11900
3443,1996-08-14,11.125,11.125,10.875,11.0,1.139485,11700
3444,1996-08-15,11.0,11.0,10.75,10.75,1.113588,11700
3445,1996-08-16,10.875,10.875,10.75,10.75,1.113588,9400
3446,1996-08-19,10.875,10.875,10.75,10.875,1.1265370000000001,12500
3447,1996-08-20,11.0,11.0,10.875,11.0,1.139485,6200
3448,1996-08-21,11.0,11.0,10.875,11.0,1.139485,11500
3449,1996-08-22,11.0,11.0,10.875,10.875,1.1265370000000001,7200
3450,1996-08-23,10.875,11.0,10.875,10.875,1.1265370000000001,6300
3451,1996-08-26,11.0,11.25,11.0,11.25,1.165384,6000
3452,1996-08-27,11.0,11.25,11.0,11.125,1.152435,11900
3453,1996-08-28,11.125,11.125,11.0,11.0,1.139485,7700
3454,1996-08-29,11.125,11.125,11.0,11.0,1.139485,7200
3455,1996-08-30,11.125,11.125,11.0,11.0,1.139485,13900
3456,1996-09-03,11.125,11.125,11.0,11.125,1.152435,6000
3457,1996-09-04,11.0,11.125,11.0,11.125,1.152435,8600
3458,1996-09-05,11.125,11.125,11.0,11.0,1.139485,8300
3459,1996-09-06,11.125,11.25,11.125,11.25,1.165384,10400
3460,1996-09-09,11.25,11.375,11.25,11.25,1.165384,16800
3461,1996-09-10,11.25,11.375,11.25,11.25,1.165384,13900
3462,1996-09-11,11.25,11.25,11.0,11.0,1.139485,7800
3463,1996-09-12,11.0,11.0,10.75,10.75,1.125353,8300
3464,1996-09-13,10.875,11.0,10.875,11.0,1.151524,19100
3465,1996-09-16,11.0,11.125,10.875,10.875,1.138439,3900
3466,1996-09-17,11.0,11.125,10.875,11.0,1.151524,12600
3467,1996-09-18,11.0,11.0,10.875,11.0,1.151524,8800
3468,1996-09-19,11.0,11.0,10.875,11.0,1.151524,6100
3469,1996-09-20,11.125,11.125,11.0,11.0,1.151524,3700
3470,1996-09-23,11.0,11.125,10.875,10.875,1.138439,10000
3471,1996-09-24,10.875,11.0,10.875,10.875,1.138439,13700
3472,1996-09-25,11.0,11.0,11.0,11.0,1.151524,13100
3473,1996-09-26,11.0,11.0,10.75,11.0,1.151524,28300
3474,1996-09-27,11.0,11.0,10.875,11.0,1.151524,1800
3475,1996-09-30,10.875,11.0,10.875,10.875,1.138439,7500
3476,1996-10-01,11.0,11.125,11.0,11.125,1.164611,3400
3477,1996-10-02,11.125,11.125,11.0,11.0,1.151524,5900
3478,1996-10-03,11.0,11.125,11.0,11.0,1.151524,5100
3479,1996-10-04,11.125,11.125,11.0,11.125,1.164611,4300
3480,1996-10-07,11.125,11.25,11.125,11.25,1.1776959999999999,14200
3481,1996-10-08,11.125,11.5,11.125,11.5,1.2038659999999999,23000
3482,1996-10-09,11.5,11.5,11.25,11.5,1.2038659999999999,13100
3483,1996-10-10,11.25,11.25,11.125,11.125,1.178029,5800
3484,1996-10-11,11.25,11.375,11.25,11.375,1.204502,3600
3485,1996-10-14,11.25,11.375,11.25,11.375,1.204502,7600
3486,1996-10-15,11.375,11.5,11.375,11.5,1.217738,4600
3487,1996-10-16,11.375,11.625,11.375,11.625,1.230974,17000
3488,1996-10-17,11.5,11.625,11.5,11.625,1.230974,10100
3489,1996-10-18,11.625,11.75,11.5,11.75,1.244211,9400
3490,1996-10-21,11.75,11.875,11.375,11.375,1.204502,16900
3491,1996-10-22,11.5,11.875,11.5,11.625,1.230974,11300
3492,1996-10-23,11.75,11.75,11.625,11.75,1.244211,7400
3493,1996-10-24,11.75,11.75,11.5,11.75,1.244211,11200
3494,1996-10-25,11.75,11.75,11.625,11.75,1.244211,4400
3495,1996-10-28,11.75,11.875,11.75,11.75,1.244211,6800
3496,1996-10-29,11.75,11.875,11.625,11.75,1.244211,8000
3497,1996-10-30,11.75,11.75,11.75,11.75,1.244211,8400
3498,1996-10-31,11.75,12.0,11.75,11.875,1.257448,29200
3499,1996-11-01,12.0,12.0,11.875,12.0,1.2706819999999999,28400
3500,1996-11-04,12.0,12.125,11.875,12.0,1.2706819999999999,19200
3501,1996-11-05,11.875,12.125,11.875,12.125,1.283919,13200
3502,1996-11-06,12.125,12.25,12.0,12.125,1.283919,13800
3503,1996-11-07,12.125,12.125,11.875,11.875,1.257448,19200
3504,1996-11-08,11.875,12.0,11.875,11.875,1.257448,9200
3505,1996-11-11,11.875,12.0,11.875,11.875,1.257448,14100
3506,1996-11-12,11.75,11.875,11.75,11.75,1.244211,23600
3507,1996-11-13,11.875,11.875,11.75,11.75,1.2555370000000001,8400
3508,1996-11-14,11.75,11.75,11.625,11.625,1.2421799999999998,1600
3509,1996-11-15,11.75,11.875,11.75,11.75,1.2555370000000001,13400
3510,1996-11-18,11.875,11.875,11.75,11.75,1.2555370000000001,6500
3511,1996-11-19,11.75,11.875,11.75,11.75,1.2555370000000001,12800
3512,1996-11-20,11.75,11.875,11.75,11.75,1.2555370000000001,14400
3513,1996-11-21,11.75,12.0,11.75,12.0,1.28225,9800
3514,1996-11-22,12.0,12.25,12.0,12.25,1.308965,19700
3515,1996-11-25,12.375,12.875,12.375,12.875,1.3757489999999999,26200
3516,1996-11-26,12.75,13.0,12.625,12.625,1.349034,33200
3517,1996-11-27,12.75,12.75,12.375,12.5,1.3356780000000001,5200
3518,1996-11-29,12.375,12.5,12.0,12.125,1.295607,10600
3519,1996-12-02,12.125,12.375,12.125,12.125,1.295607,17800
3520,1996-12-03,12.125,12.375,12.125,12.375,1.322322,5800
3521,1996-12-04,12.25,12.5,12.25,12.375,1.322322,5200
3522,1996-12-05,12.375,12.5,12.375,12.375,1.322322,7700
3523,1996-12-06,12.375,12.375,11.875,12.125,1.295607,46600
3524,1996-12-09,12.0,12.125,11.875,12.0,1.28225,13700
3525,1996-12-10,12.0,12.125,11.875,12.0,1.28225,14200
3526,1996-12-11,12.0,12.0,11.875,11.875,1.268894,11500
3527,1996-12-12,11.875,11.875,11.75,11.75,1.264267,13500
3528,1996-12-13,11.75,11.875,11.625,11.625,1.250818,8800
3529,1996-12-16,11.75,11.75,11.625,11.75,1.264267,8100
3530,1996-12-17,11.75,11.75,11.625,11.625,1.250818,5200
3531,1996-12-18,11.625,11.75,11.625,11.75,1.264267,13900
3532,1996-12-19,11.75,12.0,11.75,12.0,1.291167,15700
3533,1996-12-20,12.0,12.5,11.875,12.25,1.318066,23500
3534,1996-12-23,12.25,12.25,12.0,12.125,1.304617,16400
3535,1996-12-24,12.125,12.125,12.0,12.125,1.304617,5300
3536,1996-12-26,12.25,12.5,12.25,12.5,1.3449659999999999,17400
3537,1996-12-27,12.5,12.5,12.25,12.375,1.331517,6700
3538,1996-12-30,12.25,12.25,12.125,12.125,1.304617,5500
3539,1996-12-31,12.25,12.25,12.0,12.125,1.304617,9600
3540,1997-01-02,12.125,12.125,11.75,11.75,1.264267,25800
3541,1997-01-03,11.875,11.875,11.75,11.75,1.264267,21600
3542,1997-01-06,11.875,12.0,11.875,12.0,1.291167,16500
3543,1997-01-07,12.0,12.125,12.0,12.125,1.304617,5200
3544,1997-01-08,12.25,12.375,12.125,12.375,1.331517,15500
3545,1997-01-09,12.25,12.625,12.25,12.375,1.331517,13300
3546,1997-01-10,12.5,12.5,12.375,12.375,1.331517,16500
3547,1997-01-13,12.25,12.625,12.25,12.625,1.372388,5800
3548,1997-01-14,12.5,12.75,12.5,12.75,1.385977,23500
3549,1997-01-15,12.75,12.875,12.625,12.625,1.372388,7100
3550,1997-01-16,12.5,12.75,12.5,12.75,1.385977,10900
3551,1997-01-17,12.625,12.75,12.625,12.75,1.385977,3000
3552,1997-01-20,12.625,12.75,12.5,12.625,1.372388,15100
3553,1997-01-21,12.5,12.75,12.5,12.625,1.372388,3300
3554,1997-01-22,12.625,12.75,12.625,12.75,1.385977,6200
3555,1997-01-23,12.75,12.828125,12.625,12.625,1.372388,11200
3556,1997-01-24,12.625,12.75,12.625,12.75,1.385977,12500
3557,1997-01-27,12.75,12.875,12.625,12.75,1.385977,11600
3558,1997-01-28,12.75,12.75,12.625,12.625,1.372388,8500
3559,1997-01-29,12.75,12.75,12.625,12.625,1.372388,8900
3560,1997-01-30,12.75,12.75,12.625,12.625,1.372388,2600
3561,1997-01-31,12.625,12.75,12.625,12.625,1.372388,6600
3562,1997-02-03,12.75,12.75,12.625,12.75,1.385977,6100
3563,1997-02-04,12.75,12.75,12.5,12.5,1.3588,19000
3564,1997-02-05,12.5,12.75,12.5,12.625,1.372388,11500
3565,1997-02-06,12.75,13.0,12.625,13.0,1.413153,30800
3566,1997-02-07,13.125,13.375,13.0,13.375,1.453917,38300
3567,1997-02-10,13.375,13.375,13.0,13.0,1.413153,17600
3568,1997-02-11,13.0,13.125,13.0,13.125,1.42674,17000
3569,1997-02-12,13.0,13.25,13.0,13.25,1.4403290000000002,6000
3570,1997-02-13,13.0,13.125,13.0,13.0,1.4548780000000001,16500
3571,1997-02-14,13.0,13.125,12.875,13.0,1.4548780000000001,29100
3572,1997-02-18,13.125,13.125,13.0,13.0,1.4548780000000001,14800
3573,1997-02-19,13.0,13.125,13.0,13.0,1.4548780000000001,15500
3574,1997-02-20,13.0,13.0,12.75,12.75,1.426898,26400
3575,1997-02-21,12.625,12.75,12.5,12.625,1.41291,23800
3576,1997-02-24,12.625,12.625,12.3125,12.5,1.3989209999999999,35300
3577,1997-02-25,12.375,12.5,12.375,12.5,1.3989209999999999,10400
3578,1997-02-26,12.375,12.625,12.375,12.5,1.3989209999999999,12400
3579,1997-02-27,12.5,12.625,12.375,12.5,1.3989209999999999,13400
3580,1997-02-28,12.5,12.625,12.5,12.5,1.3989209999999999,17600
3581,1997-03-03,12.625,12.625,12.5,12.625,1.41291,15500
3582,1997-03-04,12.625,12.625,12.5,12.5,1.3989209999999999,7300
3583,1997-03-05,12.5,12.75,12.5,12.75,1.426898,8900
3584,1997-03-06,12.75,12.875,12.75,12.875,1.440887,15700
3585,1997-03-07,12.75,12.875,12.75,12.75,1.426898,21900
3586,1997-03-10,12.875,13.0,12.75,13.0,1.4548780000000001,11300
3587,1997-03-11,13.0,13.0,12.875,12.875,1.440887,7000
3588,1997-03-12,13.0,13.0,12.75,12.875,1.440887,24300
3589,1997-03-13,12.5,12.625,12.5,12.625,1.430914,16000
3590,1997-03-14,12.625,12.625,12.5,12.5,1.416748,9900
3591,1997-03-17,12.625,12.75,12.5,12.625,1.430914,8900
3592,1997-03-18,12.75,13.0,12.75,13.0,1.473417,17300
3593,1997-03-19,12.875,13.0,12.875,12.875,1.459249,9500
3594,1997-03-20,12.875,13.0,12.75,12.75,1.445081,4500
3595,1997-03-21,12.75,13.0,12.75,12.875,1.459249,4900
3596,1997-03-24,12.875,12.875,12.75,12.875,1.459249,13000
3597,1997-03-25,12.875,12.875,12.75,12.75,1.445081,5000
3598,1997-03-26,12.875,13.0,12.75,12.75,1.445081,18500
3599,1997-03-27,12.875,12.875,12.625,12.75,1.445081,22800
3600,1997-03-31,12.625,12.75,12.5,12.625,1.430914,8200
3601,1997-04-01,12.625,12.75,12.5,12.625,1.430914,18500
3602,1997-04-02,12.5,12.75,12.5,12.75,1.445081,14000
3603,1997-04-03,12.75,12.75,12.5,12.625,1.430914,19200
3604,1997-04-04,12.75,12.75,12.5,12.75,1.445081,16000
3605,1997-04-07,12.625,12.75,12.5,12.75,1.445081,18200
3606,1997-04-08,12.75,12.875,12.625,12.625,1.430914,18800
3607,1997-04-09,12.75,13.0,12.75,12.75,1.445081,13000
3608,1997-04-10,12.75,12.75,12.625,12.75,1.445081,5000
3609,1997-04-11,12.625,12.625,12.5,12.5,1.432931,3600
3610,1997-04-14,12.5,12.625,12.5,12.5,1.432931,17400
3611,1997-04-15,12.625,12.625,12.5,12.625,1.4472610000000001,18000
3612,1997-04-16,12.5,12.625,12.5,12.625,1.4472610000000001,4500
3613,1997-04-17,12.5,12.625,12.375,12.625,1.4472610000000001,7700
3614,1997-04-18,12.625,12.625,12.375,12.5,1.432931,7000
3615,1997-04-21,12.375,12.625,12.375,12.625,1.4472610000000001,15700
3616,1997-04-22,12.625,12.625,12.5,12.625,1.4472610000000001,8000
3617,1997-04-23,12.5,12.625,12.5,12.5,1.432931,16000
3618,1997-04-24,12.625,12.625,12.5,12.5,1.432931,13000
3619,1997-04-25,12.625,12.625,12.375,12.625,1.4472610000000001,4100
3620,1997-04-28,12.625,12.75,12.625,12.75,1.46159,13400
3621,1997-04-29,12.75,12.75,12.625,12.75,1.46159,10200
3622,1997-04-30,12.625,12.75,12.625,12.625,1.4472610000000001,36700
3623,1997-05-01,12.625,12.625,12.5,12.5,1.432931,24800
3624,1997-05-02,12.625,12.75,12.5,12.625,1.4472610000000001,23400
3625,1997-05-05,12.625,12.875,12.625,12.875,1.475919,11900
3626,1997-05-06,12.875,13.125,12.875,13.125,1.504577,17300
3627,1997-05-07,13.125,13.25,13.125,13.25,1.518905,15000
3628,1997-05-08,13.125,13.375,13.125,13.25,1.518905,16900
3629,1997-05-09,13.375,13.375,13.25,13.375,1.533236,6800
3630,1997-05-12,13.25,13.5,13.25,13.5,1.5475649999999999,14000
3631,1997-05-13,13.375,13.375,13.125,13.25,1.540704,13400
3632,1997-05-14,13.125,13.375,13.125,13.375,1.55524,14300
3633,1997-05-15,13.375,13.5,13.25,13.5,1.569775,16000
3634,1997-05-16,13.375,13.375,13.25,13.375,1.55524,11300
3635,1997-05-19,13.125,13.375,13.125,13.375,1.55524,13900
3636,1997-05-20,13.5,13.5,13.25,13.25,1.540704,25800
3637,1997-05-21,13.25,13.5,13.0,13.5,1.569775,13000
3638,1997-05-22,13.375,13.75,13.375,13.75,1.598843,21300
3639,1997-05-23,13.75,13.875,13.625,13.875,1.613378,18400
3640,1997-05-27,13.75,13.875,13.625,13.75,1.598843,1800
3641,1997-05-28,13.75,13.75,13.5,13.75,1.598843,3800
3642,1997-05-29,13.625,13.75,13.5,13.75,1.598843,7800
3643,1997-05-30,13.75,13.75,13.625,13.75,1.598843,5400
3644,1997-06-02,13.75,13.75,13.75,13.75,1.598843,4200
3645,1997-06-03,13.75,13.875,13.75,13.875,1.613378,12600
3646,1997-06-04,13.875,13.875,13.75,13.875,1.613378,21400
3647,1997-06-05,13.875,14.0,13.875,14.0,1.6279139999999999,27100
3648,1997-06-06,13.875,14.0,13.875,14.0,1.6279139999999999,19800
3649,1997-06-09,13.875,13.875,13.375,13.75,1.598843,36900
3650,1997-06-10,13.75,13.875,13.5,13.625,1.584309,14200
3651,1997-06-11,13.625,13.625,13.625,13.625,1.584309,7300
3652,1997-06-12,13.625,13.75,13.5,13.625,1.59886,13300
3653,1997-06-13,13.625,13.875,13.625,13.625,1.59886,7800
3654,1997-06-16,13.75,14.0,13.75,14.0,1.6428650000000002,31200
3655,1997-06-17,13.875,13.875,13.5,13.5,1.584191,24100
3656,1997-06-18,13.5,13.75,13.5,13.75,1.613528,17100
3657,1997-06-19,13.75,13.75,13.625,13.625,1.59886,2200
3658,1997-06-20,13.75,14.0,13.75,13.875,1.628197,12000
3659,1997-06-23,13.75,13.875,13.75,13.875,1.628197,9400
3660,1997-06-24,13.875,14.0,13.8125,14.0,1.6428650000000002,17500
3661,1997-06-25,14.0,14.0,13.875,13.9375,1.6355309999999998,13900
3662,1997-06-26,14.0,14.375,14.0,14.25,1.6722029999999999,16900
3663,1997-06-27,14.3125,14.625,14.125,14.625,1.7162080000000002,11700
3664,1997-06-30,14.625,14.625,14.375,14.5,1.701538,20100
3665,1997-07-01,14.5,14.5,14.5,14.5,1.701538,4400
3666,1997-07-02,14.5,14.5,14.125,14.125,1.657534,9700
3667,1997-07-03,14.25,14.25,14.0,14.1875,1.664868,12100
3668,1997-07-07,14.0625,14.375,14.0625,14.3125,1.6795369999999998,24000
3669,1997-07-08,14.1875,14.625,14.1875,14.625,1.7162080000000002,26900
3670,1997-07-09,14.625,14.875,14.375,14.375,1.686871,17300
3671,1997-07-10,14.25,14.375,14.25,14.375,1.686871,21200
3672,1997-07-11,14.25,14.625,14.25,14.5,1.718877,15300
3673,1997-07-14,14.4375,14.6875,14.4375,14.625,1.733696,6900
3674,1997-07-15,14.5625,14.9375,14.5,14.875,1.7633299999999998,16500
3675,1997-07-16,14.75,14.875,14.6875,14.875,1.7633299999999998,20100
3676,1997-07-17,14.875,14.875,14.6875,14.8125,1.7559240000000003,9600
3677,1997-07-18,14.75,14.8125,14.5,14.6875,1.741106,8100
3678,1997-07-21,14.5,14.6875,14.1875,14.3125,1.69665,15200
3679,1997-07-22,14.375,14.5625,14.1875,14.375,1.70406,9200
3680,1997-07-23,14.25,14.5,14.25,14.5,1.718877,7000
3681,1997-07-24,14.5,14.625,14.375,14.5,1.718877,16400
3682,1997-07-25,14.5,14.5,14.125,14.1875,1.681832,5800
3683,1997-07-28,14.1875,14.25,14.0625,14.0625,1.667014,7200
3684,1997-07-29,14.0,14.1875,14.0,14.125,1.674423,14700
3685,1997-07-30,14.25,14.4375,14.1875,14.375,1.70406,11400
3686,1997-07-31,14.4375,15.1875,14.4375,15.1875,1.8003759999999998,19100
3687,1997-08-01,15.125,15.125,14.875,15.0,1.7781490000000002,10200
3688,1997-08-04,14.875,15.0625,14.6875,14.875,1.7633299999999998,19000
3689,1997-08-05,14.9375,15.0,14.75,14.8125,1.7559240000000003,11200
3690,1997-08-06,14.875,15.25,14.3125,15.0625,1.785557,19000
3691,1997-08-07,15.0625,15.4375,15.0625,15.4375,1.8300130000000001,9400
3692,1997-08-08,15.375,15.375,15.25,15.3125,1.815194,6100
3693,1997-08-11,15.625,15.75,15.0,15.1875,1.8003759999999998,31300
3694,1997-08-12,15.25,15.4375,15.125,15.375,1.822603,13400
3695,1997-08-13,15.25,15.4375,15.25,15.4375,1.848285,6300
3696,1997-08-14,15.6875,15.75,15.375,15.5,1.855768,27000
3697,1997-08-15,15.4375,15.4375,15.0625,15.25,1.825836,9400
3698,1997-08-18,15.25,15.375,15.125,15.1875,1.818352,6500
3699,1997-08-19,15.3125,15.5,15.25,15.4375,1.848285,4800
3700,1997-08-20,15.25,15.4375,14.9375,15.125,1.8108689999999998,23600
3701,1997-08-21,15.0625,15.0625,14.8125,14.875,1.7809380000000001,18400
3702,1997-08-22,14.875,14.875,14.5,14.5,1.7360400000000002,26200
3703,1997-08-25,14.875,14.875,14.5625,14.875,1.7809380000000001,14400
3704,1997-08-26,14.875,15.0,14.5625,15.0,1.7959040000000002,12000
3705,1997-08-27,14.9375,15.0,14.9375,15.0,1.7959040000000002,10000
3706,1997-08-28,15.0,15.4375,15.0,15.4375,1.848285,29300
3707,1997-08-29,15.4375,15.5,15.25,15.25,1.825836,6400
3708,1997-09-02,15.375,15.4375,15.3125,15.4375,1.848285,15600
3709,1997-09-03,15.3125,15.5,15.25,15.5,1.855768,19100
3710,1997-09-04,15.5,15.5625,15.375,15.5625,1.86325,17000
3711,1997-09-05,15.5625,15.875,15.5,15.875,1.900665,8200
3712,1997-09-08,15.875,15.9375,15.5625,15.5625,1.86325,11000
3713,1997-09-09,15.5,15.5,15.25,15.3125,1.833318,17500
3714,1997-09-10,15.4375,15.5625,15.25,15.5625,1.86325,7500
3715,1997-09-11,15.5,15.5,15.375,15.4375,1.8620450000000002,4100
3716,1997-09-12,15.5,15.8125,15.3125,15.5625,1.8771209999999998,8400
3717,1997-09-15,15.3125,15.8125,15.3125,15.5625,1.8771209999999998,12900
3718,1997-09-16,15.4375,15.625,15.4375,15.625,1.884659,3200
3719,1997-09-17,15.625,15.625,15.25,15.5,1.869584,19500
3720,1997-09-18,15.5,15.5625,15.4375,15.5,1.869584,9700
3721,1997-09-19,15.4375,15.6875,15.4375,15.625,1.884659,3400
3722,1997-09-22,15.5625,16.1875,15.5625,16.1875,1.9525099999999997,8500
3723,1997-09-23,15.9375,16.0625,15.875,16.0,1.929893,6000
3724,1997-09-24,16.0,16.1875,15.75,15.75,1.899737,11800
3725,1997-09-25,15.625,15.875,15.375,15.8125,1.9072770000000001,14000
3726,1997-09-26,15.875,16.0,15.75,16.0,1.929893,2300
3727,1997-09-29,16.0,16.4375,15.875,16.4375,1.982663,8800
3728,1997-09-30,16.6875,16.6875,16.1875,16.4375,1.982663,11600
3729,1997-10-01,16.3125,16.375,15.8125,16.375,1.975123,12600
3730,1997-10-02,16.375,16.375,15.9375,16.0625,1.9374310000000001,5700
3731,1997-10-03,15.9375,16.625,15.9375,16.625,2.0052790000000003,25500
3732,1997-10-06,16.5,16.75,16.4375,16.625,2.0052790000000003,10200
3733,1997-10-07,16.375,16.625,16.375,16.375,1.975123,7000
3734,1997-10-08,16.5,16.75,16.125,16.75,2.020357,27200
3735,1997-10-09,16.625,17.0,16.625,17.0,2.05051,12400
3736,1997-10-10,16.625,17.0,16.5625,16.8125,2.042068,15900
3737,1997-10-13,16.6875,17.0,16.6875,16.875,2.049661,4000
3738,1997-10-14,16.4375,16.75,16.4375,16.75,2.034479,14800
3739,1997-10-15,16.625,16.875,16.625,16.75,2.034479,7400
3740,1997-10-16,16.5625,16.6875,16.25,16.25,1.9737470000000001,17800
3741,1997-10-17,16.125,16.125,15.875,15.875,1.9281970000000002,10600
3742,1997-10-20,15.875,16.25,15.875,16.25,1.9737470000000001,6800
3743,1997-10-21,16.0625,16.0625,15.875,16.0625,1.9509729999999998,6900
3744,1997-10-22,16.0,16.8125,16.0,16.625,2.019295,10400
3745,1997-10-23,16.75,16.75,16.375,16.75,2.034479,8500
3746,1997-10-24,16.75,16.75,15.875,16.5,2.0041130000000003,12000
3747,1997-10-27,16.25,16.5,16.0,16.0,1.943382,4900
3748,1997-10-28,15.0625,16.0,15.0625,15.6875,1.905425,61800
3749,1997-10-29,15.8125,16.0,15.6875,15.75,1.913016,11200
3750,1997-10-30,15.8125,15.875,15.5,15.8125,1.920609,20600
3751,1997-10-31,15.75,17.0,15.75,16.5,2.0041130000000003,24500
3752,1997-11-03,16.5625,16.8125,16.375,16.625,2.019295,7600
3753,1997-11-04,16.4375,16.4375,16.125,16.3125,1.981338,1600
3754,1997-11-05,16.375,16.8125,16.25,16.75,2.034479,2500
3755,1997-11-06,16.5,16.625,16.375,16.5625,2.011703,11200
3756,1997-11-07,16.5,16.625,16.3125,16.5,2.0041130000000003,3300
3757,1997-11-10,16.5,16.75,16.4375,16.625,2.019295,16400
3758,1997-11-11,16.5,16.8125,16.5,16.625,2.019295,5900
3759,1997-11-12,16.625,16.75,16.375,16.625,2.019295,23800
3760,1997-11-13,16.5,16.5,16.25,16.4375,2.008845,1800
3761,1997-11-14,16.5,16.5,16.3125,16.3125,1.993568,1400
3762,1997-11-17,16.25,16.375,16.0,16.25,1.9859310000000001,15800
3763,1997-11-18,16.0625,16.1875,16.0,16.0,1.9553779999999998,10500
3764,1997-11-19,15.9375,16.125,15.6875,15.8125,1.932464,6000
3765,1997-11-20,15.875,15.875,15.5,15.625,1.90955,10300
3766,1997-11-21,15.625,15.8125,15.625,15.75,1.924826,2600
3767,1997-11-24,15.875,15.875,15.5,15.625,1.90955,18600
3768,1997-11-25,15.75,15.75,15.375,15.375,1.8789959999999999,5500
3769,1997-11-26,15.5,15.625,15.25,15.5,1.8942729999999999,4300
3770,1997-11-28,15.5,15.5,15.5,15.5,1.8942729999999999,500
3771,1997-12-01,15.625,15.625,14.375,14.6875,1.794976,37400
3772,1997-12-02,14.5625,14.875,14.5,14.625,1.787338,18100
3773,1997-12-03,14.625,14.9375,14.5625,14.75,1.802615,8800
3774,1997-12-04,14.6875,14.875,14.5625,14.75,1.802615,14100
3775,1997-12-05,14.6875,14.75,14.5,14.5,1.7720619999999998,13900
3776,1997-12-08,14.5,14.5,13.8125,13.8125,1.688041,35100
3777,1997-12-09,13.6875,13.8125,12.875,12.9375,1.581105,53900
3778,1997-12-10,12.5,13.625,12.3125,13.625,1.665127,60300
3779,1997-12-11,13.375,13.5625,13.25,13.5,1.659472,19100
3780,1997-12-12,13.375,13.9375,13.0,13.875,1.70557,32900
3781,1997-12-15,13.75,14.0,13.5,13.9375,1.713253,17600
3782,1997-12-16,13.6875,13.9375,13.5625,13.6875,1.6825189999999999,21400
3783,1997-12-17,13.75,13.9375,13.5,13.9375,1.713253,12200
3784,1997-12-18,13.75,14.0,13.75,13.875,1.70557,5000
3785,1997-12-19,13.75,13.9375,13.75,13.75,1.690202,7200
3786,1997-12-22,13.8125,13.8125,12.9375,13.0,1.59801,32300
3787,1997-12-23,12.9375,13.0,12.5,12.625,1.551915,44500
3788,1997-12-24,12.75,12.75,12.6875,12.75,1.567279,3100
3789,1997-12-26,12.75,13.125,12.75,13.0625,1.605693,5700
3790,1997-12-29,13.1875,13.75,13.0,13.6875,1.6825189999999999,15700
3791,1997-12-30,13.75,14.0,13.25,13.375,1.644107,16000
3792,1997-12-31,13.375,13.6875,13.375,13.6875,1.6825189999999999,15200
3793,1998-01-02,13.5,13.5,13.125,13.1875,1.62106,14700
3794,1998-01-05,13.3125,13.6875,13.25,13.6875,1.6825189999999999,11800
3795,1998-01-06,13.6875,13.75,13.1875,13.5,1.659472,118500
3796,1998-01-07,13.625,13.625,13.25,13.4375,1.65179,37100
3797,1998-01-08,13.375,13.375,13.1875,13.25,1.628742,28800
3798,1998-01-09,13.25,13.25,13.0,13.125,1.613376,30500
3799,1998-01-12,13.0,13.0625,12.875,13.0,1.59801,49000
3800,1998-01-13,12.875,13.125,12.8125,13.0,1.6225969999999998,20600
3801,1998-01-14,12.875,13.25,12.875,13.1875,1.6460009999999998,35500
3802,1998-01-15,13.1875,13.25,13.125,13.125,1.638201,15700
3803,1998-01-16,13.0625,13.25,13.0625,13.125,1.638201,5000
3804,1998-01-20,13.125,13.25,13.125,13.125,1.638201,20300
3805,1998-01-21,13.125,13.25,13.125,13.25,1.653803,10700
3806,1998-01-22,13.1875,13.25,13.1875,13.25,1.653803,31200
3807,1998-01-23,13.25,13.875,13.125,13.5,1.685009,27700
3808,1998-01-26,13.5,13.5,13.3125,13.3125,1.661603,10700
3809,1998-01-27,13.4375,13.8125,13.1875,13.5625,1.692808,18100
3810,1998-01-28,13.6875,14.0,13.6875,13.9375,1.739613,12200
3811,1998-01-29,13.8125,14.5,13.8125,14.375,1.7942200000000001,13200
3812,1998-01-30,14.5625,14.5625,14.0,14.125,1.7630150000000002,30000
3813,1998-02-02,14.0,14.0,13.8125,14.0,1.7474150000000002,16500
3814,1998-02-03,14.0,14.25,13.875,14.1875,1.770818,24400
3815,1998-02-04,14.1875,14.25,14.125,14.125,1.7630150000000002,9000
3816,1998-02-05,14.1875,14.375,14.1875,14.375,1.7942200000000001,22000
3817,1998-02-06,14.0625,14.5625,14.0625,14.5,1.809822,30900
3818,1998-02-09,14.625,14.6875,14.5,14.6875,1.833225,13500
3819,1998-02-10,14.8125,15.4375,14.8125,15.1875,1.895632,22700
3820,1998-02-11,15.1875,15.375,14.9375,14.9375,1.864428,22800
3821,1998-02-12,14.8125,15.0,14.5,15.0,1.8957080000000002,22100
3822,1998-02-13,15.0,15.0,14.6875,14.8125,1.872011,8100
3823,1998-02-17,14.6875,14.6875,14.25,14.25,1.800923,9700
3824,1998-02-18,14.125,14.375,14.0625,14.25,1.800923,14700
3825,1998-02-19,14.375,14.6875,14.375,14.625,1.8483150000000002,8200
3826,1998-02-20,14.75,14.9375,14.6875,14.875,1.879909,6100
3827,1998-02-23,14.75,14.8125,14.3125,14.3125,1.8088220000000002,12600
3828,1998-02-24,14.4375,14.6875,14.0,14.625,1.8483150000000002,16100
3829,1998-02-25,14.625,14.625,14.3125,14.3125,1.8088220000000002,5000
3830,1998-02-26,14.4375,14.6875,14.4375,14.625,1.8483150000000002,14000
3831,1998-02-27,14.5,14.625,14.375,14.375,1.8167200000000001,34600
3832,1998-03-02,14.625,15.0,14.375,14.375,1.8167200000000001,38500
3833,1998-03-03,14.4375,14.875,14.375,14.75,1.8641130000000001,15300
3834,1998-03-04,14.9375,14.9375,14.625,14.625,1.8483150000000002,6100
3835,1998-03-05,14.8125,15.0,14.8125,14.9375,1.8878099999999998,15700
3836,1998-03-06,14.8125,14.9375,14.8125,14.8125,1.872011,6300
3837,1998-03-09,14.9375,15.0,14.75,14.875,1.879909,19500
3838,1998-03-10,14.8125,14.8125,14.5,14.5,1.832518,23200
3839,1998-03-11,14.5625,15.0,14.5625,14.75,1.8641130000000001,45800
3840,1998-03-12,14.4375,14.5,14.1875,14.375,1.834379,15300
3841,1998-03-13,14.3125,14.875,14.3125,14.5,1.8503310000000002,17900
3842,1998-03-16,14.4375,14.8125,14.3125,14.375,1.834379,20000
3843,1998-03-17,14.375,14.375,14.0,14.125,1.8024779999999998,30700
3844,1998-03-18,14.25,14.25,13.875,14.125,1.8024779999999998,21800
3845,1998-03-19,13.875,14.125,13.8125,14.125,1.8024779999999998,17600
3846,1998-03-20,14.0,14.25,13.875,14.25,1.818429,16600
3847,1998-03-23,14.5,15.1875,14.5,14.6875,1.8742590000000001,32700
3848,1998-03-24,14.75,14.8125,14.5625,14.5625,1.8583060000000002,11000
3849,1998-03-25,14.625,14.75,14.625,14.75,1.882234,8300
3850,1998-03-26,14.75,15.125,14.75,14.9375,1.9061599999999999,23100
3851,1998-03-27,15.0625,15.0625,14.875,15.0,1.914136,14600
3852,1998-03-30,14.9375,14.9375,14.8125,14.8125,1.890209,4000
3853,1998-03-31,14.9375,14.9375,14.5,14.75,1.882234,31000
3854,1998-04-01,14.875,15.0,14.5625,14.875,1.8981830000000002,20900
3855,1998-04-02,14.875,15.0,14.75,15.0,1.914136,15300
3856,1998-04-03,14.9375,14.9375,14.75,14.875,1.8981830000000002,22700
3857,1998-04-06,15.0,15.1875,15.0,15.0625,1.9221119999999998,25100
3858,1998-04-07,15.1875,15.25,15.125,15.125,1.930086,13000
3859,1998-04-08,15.3125,15.5,15.1875,15.25,1.9460380000000002,21800
3860,1998-04-09,15.1875,15.4375,15.1875,15.4375,1.969964,8200
3861,1998-04-13,15.25,15.3125,15.0,15.125,1.953112,14600
3862,1998-04-14,15.25,15.25,15.0,15.1875,1.961182,14800
3863,1998-04-15,15.25,15.375,15.0625,15.25,1.969254,20900
3864,1998-04-16,15.3125,15.625,15.125,15.625,2.01768,16900
3865,1998-04-17,15.4375,15.75,15.0625,15.5625,2.009608,13200
3866,1998-04-20,15.625,16.5,15.625,16.1875,2.0903150000000004,30300
3867,1998-04-21,16.3125,16.5,15.875,16.25,2.098386,38800
3868,1998-04-22,16.0625,16.1875,15.5,16.1875,2.0903150000000004,18300
3869,1998-04-23,16.0625,16.1875,15.6875,16.0,2.066103,11200
3870,1998-04-24,16.0625,16.125,15.8125,15.8125,2.041892,2700
3871,1998-04-27,15.75,16.3125,15.6875,16.1875,2.0903150000000004,22800
3872,1998-04-28,16.3125,16.375,16.125,16.375,2.114527,6700
3873,1998-04-29,16.375,16.5625,16.25,16.25,2.098386,9600
3874,1998-04-30,16.4375,16.5,15.9375,16.0,2.066103,22100
3875,1998-05-01,16.25,16.375,16.0625,16.375,2.114527,9400
3876,1998-05-04,16.4375,16.5625,16.25,16.5625,2.1387400000000003,6100
3877,1998-05-05,16.5,16.6875,16.5,16.5625,2.1387400000000003,33000
3878,1998-05-06,16.4375,16.6875,16.375,16.4375,2.1225970000000003,13600
3879,1998-05-07,16.5,16.625,16.0,16.0,2.066103,10000
3880,1998-05-08,16.0,16.375,16.0,16.375,2.114527,35500
3881,1998-05-11,16.625,16.875,16.3125,16.3125,2.106455,25800
3882,1998-05-12,16.5,16.75,16.5,16.5,2.130671,18100
3883,1998-05-13,16.4375,16.4375,15.8125,16.0,2.081493,14100
3884,1998-05-14,16.1875,16.375,16.125,16.1875,2.105886,10800
3885,1998-05-15,16.375,16.4375,16.25,16.4375,2.1384090000000002,6200
3886,1998-05-18,16.1875,16.1875,15.875,16.0,2.081493,21100
3887,1998-05-19,16.0,16.125,15.875,16.0,2.081493,16100
3888,1998-05-20,16.0,16.0,15.5,15.625,2.03271,21900
3889,1998-05-21,15.5,15.5,15.25,15.25,1.9839240000000002,8900
3890,1998-05-22,15.25,15.25,14.4375,15.25,1.9839240000000002,42900
3891,1998-05-26,15.25,15.25,14.8125,15.0,1.9514,7000
3892,1998-05-27,15.0,15.0,14.25,14.6875,1.9107470000000002,40700
3893,1998-05-28,14.6875,14.75,14.375,14.75,1.9188759999999998,16800
3894,1998-05-29,14.875,14.875,14.1875,14.1875,1.8456990000000002,20900
3895,1998-06-01,14.3125,14.5625,14.1875,14.5625,1.8944849999999998,21900
3896,1998-06-02,14.5,14.8125,14.4375,14.8125,1.9270080000000003,15100
3897,1998-06-03,14.8125,15.25,14.8125,14.9375,1.94327,10600
3898,1998-06-04,14.875,15.125,14.75,15.0625,1.959532,14100
3899,1998-06-05,15.1875,15.25,15.125,15.25,1.9839240000000002,3300
3900,1998-06-08,15.375,15.4375,15.1875,15.4375,2.0083159999999998,9200
3901,1998-06-09,15.5625,15.9375,15.5,15.8125,2.057101,9900
3902,1998-06-10,15.625,15.625,15.125,15.5,2.0164470000000003,14400
3903,1998-06-11,15.25,15.25,14.5625,14.9375,1.9971279999999998,12400
3904,1998-06-12,14.9375,14.9375,14.0,14.125,1.904639,48600
3905,1998-06-15,14.125,14.125,13.125,13.5625,1.828791,61700
3906,1998-06-16,13.5625,14.0,13.5,14.0,1.8877849999999998,33500
3907,1998-06-17,13.9375,14.625,13.9375,14.625,1.97206,13300
3908,1998-06-18,14.625,15.1875,14.625,15.125,2.0394799999999997,10600
3909,1998-06-19,15.125,15.875,15.125,15.375,2.073191,32500
3910,1998-06-22,15.5,15.625,15.4375,15.4375,2.081618,11300
3911,1998-06-23,15.5625,16.0,15.5,15.875,2.140613,28500
3912,1998-06-24,15.875,15.875,15.8125,15.8125,2.132184,7700
3913,1998-06-25,15.8125,15.875,15.8125,15.8125,2.132184,11600
3914,1998-06-26,15.9375,16.1875,15.8125,16.0,2.157466,13800
3915,1998-06-29,16.1875,16.375,16.0625,16.0625,2.165897,28700
3916,1998-06-30,16.25,16.25,15.9375,16.0,2.157466,14000
3917,1998-07-01,16.0,16.25,15.875,15.875,2.140613,14200
3918,1998-07-02,15.875,15.875,15.375,15.625,2.106902,14500
3919,1998-07-06,15.75,15.75,15.375,15.375,2.073191,1400
3920,1998-07-07,15.3125,15.625,15.25,15.5,2.090045,3600
3921,1998-07-08,15.625,15.875,15.4375,15.875,2.140613,4600
3922,1998-07-09,15.8125,15.8125,15.8125,15.8125,2.132184,700
3923,1998-07-10,15.9375,16.25,15.875,16.25,2.19118,10200
3924,1998-07-13,16.0,16.0,15.75,16.0,2.173518,9200
3925,1998-07-14,15.75,16.0,15.5625,16.0,2.173518,12500
3926,1998-07-15,15.625,15.875,15.4375,15.5,2.105594,17800
3927,1998-07-16,15.375,15.75,15.375,15.75,2.139555,4000
3928,1998-07-17,15.5,15.75,15.375,15.6875,2.131067,8800
3929,1998-07-20,15.75,15.8125,15.5625,15.75,2.139555,9300
3930,1998-07-21,15.75,15.75,15.375,15.5,2.105594,7600
3931,1998-07-22,15.5625,15.6875,15.5,15.5625,2.114086,10100
3932,1998-07-23,15.75,15.75,15.4375,15.4375,2.097105,6700
3933,1998-07-24,15.4375,15.5625,15.375,15.5,2.105594,6400
3934,1998-07-27,15.75,15.9375,15.5,15.875,2.1565369999999997,12400
3935,1998-07-28,15.75,15.875,15.3125,15.375,2.088616,15900
3936,1998-07-29,15.375,15.8125,15.375,15.5625,2.114086,13200
3937,1998-07-30,15.6875,16.0,15.6875,15.875,2.1565369999999997,11800
3938,1998-07-31,16.0,16.25,16.0,16.1875,2.198988,17100
3939,1998-08-03,16.375,16.5,16.25,16.3125,2.21597,18200
3940,1998-08-04,16.25,16.3125,16.0,16.1875,2.198988,18300
3941,1998-08-05,16.1875,16.5,16.125,16.5,2.2414419999999997,36000
3942,1998-08-06,16.4375,16.5,16.25,16.4375,2.232951,35500
3943,1998-08-07,16.375,16.5,16.3125,16.5,2.2414419999999997,14300
3944,1998-08-10,16.5,16.625,16.5,16.625,2.258422,1100
3945,1998-08-11,16.375,16.5,16.25,16.3125,2.21597,22600
3946,1998-08-12,16.3125,16.4375,16.25,16.3125,2.21597,5000
3947,1998-08-13,16.1875,16.1875,15.3125,15.3125,2.098261,18800
3948,1998-08-14,15.1875,15.625,15.0,15.3125,2.098261,19600
3949,1998-08-17,15.1875,15.25,15.0,15.0625,2.064004,8400
3950,1998-08-18,15.125,15.1875,15.0,15.1875,2.0811319999999998,17900
3951,1998-08-19,15.125,15.125,14.9375,14.9375,2.0468759999999997,20000
3952,1998-08-20,15.1875,15.1875,14.9375,15.0,2.05544,8700
3953,1998-08-21,15.1875,15.3125,14.8125,15.25,2.089698,13700
3954,1998-08-24,15.3125,15.3125,15.125,15.125,2.0725689999999997,4000
3955,1998-08-25,15.25,15.5625,15.25,15.3125,2.098261,7100
3956,1998-08-26,15.4375,15.4375,15.0,15.375,2.106824,18700
3957,1998-08-27,14.9375,15.125,14.875,14.875,2.038311,22300
3958,1998-08-28,15.0,15.0,14.125,14.375,1.9697959999999999,51300
3959,1998-08-31,14.5,14.625,14.375,14.375,1.9697959999999999,23300
3960,1998-09-01,14.5,14.6875,13.8125,14.625,2.004053,29300
3961,1998-09-02,14.75,15.0,14.75,14.8125,2.029747,19300
3962,1998-09-03,15.0,15.0,14.375,14.5,1.986925,27100
3963,1998-09-04,14.75,15.125,14.6875,14.875,2.038311,14200
3964,1998-09-08,14.875,15.625,14.875,15.5625,2.132519,19800
3965,1998-09-09,15.3125,15.3125,15.0625,15.125,2.0725689999999997,13500
3966,1998-09-10,15.125,15.375,15.0,15.3125,2.098261,17000
3967,1998-09-11,15.3125,15.9375,15.125,15.8125,2.1838900000000003,19300
3968,1998-09-14,15.875,16.0,15.3125,15.5,2.140732,15800
3969,1998-09-15,15.5,15.9375,15.5,15.6875,2.166625,3200
3970,1998-09-16,15.875,15.875,15.6875,15.75,2.175259,4300
3971,1998-09-17,15.8125,16.0,15.75,15.9375,2.2011529999999997,7700
3972,1998-09-18,15.75,15.9375,15.5625,15.9375,2.2011529999999997,7300
3973,1998-09-21,15.9375,16.0,15.8125,15.9375,2.2011529999999997,11200
3974,1998-09-22,15.875,16.0,15.875,15.9375,2.2011529999999997,6800
3975,1998-09-23,15.9375,16.0,15.5625,15.75,2.175259,16800
3976,1998-09-24,15.75,15.75,14.9375,15.5,2.140732,21600
3977,1998-09-25,15.375,15.6875,15.375,15.6875,2.166625,6500
3978,1998-09-28,15.6875,15.9375,15.6875,15.875,2.1925220000000003,11600
3979,1998-09-29,15.625,15.9375,14.9375,15.125,2.088939,38300
3980,1998-09-30,15.3125,15.3125,15.0,15.1875,2.09757,23300
3981,1998-10-01,15.125,15.25,15.0,15.25,2.106204,30300
3982,1998-10-02,15.1875,15.4375,15.1875,15.375,2.123466,8100
3983,1998-10-05,16.0,16.0,15.1875,15.3125,2.114835,12100
3984,1998-10-06,15.4375,15.8125,15.4375,15.75,2.175259,16800
3985,1998-10-07,15.75,15.875,15.625,15.625,2.157995,5900
3986,1998-10-08,15.5,15.5,15.125,15.3125,2.114835,24100
3987,1998-10-09,15.1875,15.75,15.1875,15.75,2.175259,13200
3988,1998-10-12,15.625,15.75,15.375,15.625,2.157995,9800
3989,1998-10-13,15.375,15.6875,15.1875,15.25,2.159411,10800
3990,1998-10-14,15.1875,15.25,14.9375,14.9375,2.1151590000000002,16000
3991,1998-10-15,15.0625,15.25,14.8125,15.125,2.141711,20400
3992,1998-10-16,15.125,15.375,15.0,15.125,2.141711,13600
3993,1998-10-19,15.125,15.3125,15.125,15.1875,2.150561,4800
3994,1998-10-20,15.25,15.25,15.0,15.0625,2.132858,11400
3995,1998-10-21,15.125,15.5625,15.125,15.1875,2.150561,12400
3996,1998-10-22,15.3125,15.375,15.25,15.3125,2.168261,7500
3997,1998-10-23,15.25,15.375,15.1875,15.3125,2.168261,4300
3998,1998-10-26,15.3125,15.375,15.1875,15.25,2.159411,4700
3999,1998-10-27,15.25,15.5,15.25,15.5,2.194811,8900
4000,1998-10-28,15.625,15.9375,15.375,15.5,2.194811,12100
4001,1998-10-29,15.5,15.5,15.125,15.5,2.194811,14200
4002,1998-10-30,15.625,15.625,15.5,15.5625,2.203661,3300
4003,1998-11-02,15.5625,15.625,15.4375,15.5625,2.203661,1800
4004,1998-11-03,15.5625,15.5625,15.25,15.25,2.159411,3800
4005,1998-11-04,15.3125,15.625,15.3125,15.3125,2.168261,8100
4006,1998-11-05,15.1875,15.1875,14.75,14.9375,2.1151590000000002,45000
4007,1998-11-06,14.9375,15.25,14.8125,15.0,2.1240099999999997,14500
4008,1998-11-09,15.0,15.1875,14.8125,14.875,2.1063099999999997,13300
4009,1998-11-10,14.9375,14.9375,14.875,14.875,2.1063099999999997,14700
4010,1998-11-11,14.9375,14.9375,14.4375,14.4375,2.0443599999999997,27900
4011,1998-11-12,14.375,14.5,13.9375,14.1875,2.046956,20900
4012,1998-11-13,14.3125,15.0,14.3125,15.0,2.164184,10700
4013,1998-11-16,15.0625,15.0625,14.8125,14.8125,2.137131,8000
4014,1998-11-17,14.9375,14.9375,14.625,14.875,2.1461490000000003,7800
4015,1998-11-18,14.75,14.8125,14.4375,14.5,2.092044,12200
4016,1998-11-19,14.4375,14.625,14.25,14.25,2.055975,6200
4017,1998-11-20,14.375,14.5,14.1875,14.25,2.055975,12000
4018,1998-11-23,14.25,14.25,13.875,13.9375,2.010888,17700
4019,1998-11-24,13.9375,13.9375,13.375,13.5625,1.9567830000000002,39800
4020,1998-11-25,13.5625,13.8125,13.5,13.6875,1.9748169999999998,17800
4021,1998-11-27,13.625,13.75,13.5625,13.6875,1.9748169999999998,7500
4022,1998-11-30,13.625,13.875,13.25,13.375,1.929731,47700
4023,1998-12-01,13.5,13.5,12.625,12.9375,1.866609,47400
4024,1998-12-02,12.8125,12.875,12.0,12.0,1.7313470000000002,87400
4025,1998-12-03,12.0,12.1875,11.625,11.75,1.6952770000000001,37700
4026,1998-12-04,11.875,13.3125,11.875,13.3125,1.9207130000000001,44500
4027,1998-12-07,13.3125,13.5625,12.9375,13.1875,1.9026779999999999,19200
4028,1998-12-08,13.0625,13.8125,13.0625,13.25,1.9116950000000001,14800
4029,1998-12-09,13.25,13.875,13.1875,13.625,1.965801,21800
4030,1998-12-10,13.75,13.875,13.4375,13.5625,1.9567830000000002,9500
4031,1998-12-11,13.4375,14.0,13.4375,13.75,2.045986,31200
4032,1998-12-14,13.625,13.6875,13.4375,13.4375,1.9994889999999998,6400
4033,1998-12-15,13.4375,13.625,13.375,13.5,2.008787,24500
4034,1998-12-16,13.375,13.875,13.375,13.875,2.064589,12600
4035,1998-12-17,13.75,14.1875,13.75,13.875,2.064589,12700
4036,1998-12-18,13.625,13.625,13.5,13.5,2.008787,9900
4037,1998-12-21,13.375,13.75,13.375,13.75,2.045986,21800
4038,1998-12-22,13.6875,13.8125,13.3125,13.75,2.045986,30200
4039,1998-12-23,13.6875,13.8125,13.5,13.5,2.008787,7100
4040,1998-12-24,13.5,13.5,13.125,13.125,1.9529880000000002,4300
4041,1998-12-28,13.125,13.125,13.0,13.125,1.9529880000000002,13300
4042,1998-12-29,13.0625,13.0625,12.375,12.375,1.841389,26900
4043,1998-12-30,12.5,13.0,12.5,12.625,1.8785900000000002,45300
4044,1998-12-31,12.75,12.8125,12.25,12.5,1.8599900000000003,17800
4045,1999-01-04,12.625,12.875,12.625,12.6875,1.887889,11100
4046,1999-01-05,12.5625,12.5625,12.375,12.4375,1.850689,35700
4047,1999-01-06,12.4375,12.5,12.125,12.375,1.841389,35900
4048,1999-01-07,12.4375,12.625,12.4375,12.625,1.8785900000000002,62900
4049,1999-01-08,12.5625,13.0,12.5625,13.0,1.93439,18900
4050,1999-01-11,13.0,13.6875,13.0,13.625,2.027389,38300
4051,1999-01-12,13.6875,13.75,13.5,13.625,2.027389,19700
4052,1999-01-13,13.375,13.5625,13.125,13.125,2.0138849999999997,4600
4053,1999-01-14,13.3125,13.5625,13.25,13.25,2.033066,13500
4054,1999-01-15,13.4375,13.5,13.25,13.5,2.0714240000000004,4300
4055,1999-01-19,13.4375,13.4375,13.0625,13.0625,2.004295,10300
4056,1999-01-20,13.125,13.1875,12.8125,12.8125,1.9659349999999998,26400
4057,1999-01-21,12.875,13.125,12.8125,13.0,1.994707,11500
4058,1999-01-22,13.125,13.25,13.125,13.25,2.033066,3300
4059,1999-01-25,13.125,13.375,13.0625,13.375,2.052244,7600
4060,1999-01-26,13.375,13.375,13.0625,13.0625,2.004295,12200
4061,1999-01-27,12.9375,13.3125,12.9375,13.25,2.033066,16900
4062,1999-01-28,13.1875,13.4375,13.0625,13.0625,2.004295,18000
4063,1999-01-29,13.0625,13.1875,12.875,13.1875,2.023474,18900
4064,1999-02-01,13.125,13.25,13.125,13.125,2.0138849999999997,5400
4065,1999-02-02,13.25,13.25,13.0625,13.25,2.033066,5400
4066,1999-02-03,13.0,13.1875,12.9375,13.125,2.0138849999999997,6000
4067,1999-02-04,13.1875,13.25,13.0625,13.0625,2.004295,25200
4068,1999-02-05,12.875,13.0625,12.625,12.6875,1.9467560000000002,58700
4069,1999-02-08,12.8125,13.1875,12.8125,13.1875,2.023474,16100
4070,1999-02-09,13.1875,13.375,13.1875,13.3125,2.042655,5900
4071,1999-02-10,13.4375,13.4375,13.25,13.25,2.033066,9600
4072,1999-02-11,13.25,13.3125,13.125,13.125,2.031054,4600
4073,1999-02-12,13.25,13.25,12.875,13.0,2.0117119999999997,8800
4074,1999-02-16,13.1875,13.25,13.1875,13.25,2.0503970000000002,3300
4075,1999-02-17,13.25,13.25,13.25,13.25,2.0503970000000002,9000
4076,1999-02-18,13.25,13.25,13.0,13.0,2.0117119999999997,3900
4077,1999-02-19,13.0,13.1875,13.0,13.0,2.0117119999999997,2700
4078,1999-02-22,13.1875,13.25,13.0,13.125,2.031054,13000
4079,1999-02-23,13.25,13.3125,13.1875,13.25,2.0503970000000002,13900
4080,1999-02-24,13.25,13.3125,13.25,13.25,2.0503970000000002,13500
4081,1999-02-25,13.3125,13.375,13.25,13.375,2.0697400000000004,7300
4082,1999-02-26,13.375,13.4375,13.25,13.3125,2.0600680000000002,10600
4083,1999-03-01,13.375,13.4375,13.25,13.4375,2.079412,7700
4084,1999-03-02,13.5,13.5,13.25,13.375,2.0697400000000004,7600
4085,1999-03-03,13.375,13.375,13.375,13.375,2.0697400000000004,10300
4086,1999-03-04,13.5625,13.5625,12.8125,12.9375,2.002038,48100
4087,1999-03-05,12.8125,12.8125,12.0625,12.3125,1.9053240000000002,39800
4088,1999-03-08,12.4375,13.375,12.375,13.375,2.0697400000000004,23400
4089,1999-03-09,13.375,13.375,13.0,13.3125,2.0600680000000002,9900
4090,1999-03-10,13.3125,13.375,13.1875,13.375,2.0697400000000004,7700
4091,1999-03-11,13.125,13.4375,13.0,13.4375,2.135617,17600
4092,1999-03-12,13.375,13.5,13.375,13.5,2.145548,7500
4093,1999-03-15,13.5,13.5,13.25,13.375,2.125683,4900
4094,1999-03-16,13.375,13.4375,13.125,13.3125,2.11575,15400
4095,1999-03-17,13.1875,13.3125,13.0625,13.0625,2.076017,3300
4096,1999-03-18,13.1875,13.4375,13.1875,13.1875,2.095884,9700
4097,1999-03-19,13.3125,13.875,13.3125,13.6875,2.17535,19200
4098,1999-03-22,13.8125,14.25,13.8125,14.0,2.225016,18100
4099,1999-03-23,13.9375,14.0,13.625,13.625,2.1654150000000003,20800
4100,1999-03-24,13.75,13.875,13.6875,13.8125,2.195215,5000
4101,1999-03-25,13.6875,13.6875,13.3125,13.375,2.125683,19200
4102,1999-03-26,13.25,13.4375,13.0,13.0,2.066087,13800
4103,1999-03-29,13.125,13.75,13.0,13.75,2.185283,16000
4104,1999-03-30,13.8125,14.125,13.8125,14.0625,2.234947,7000
4105,1999-03-31,14.0625,14.5,13.75,13.875,2.205148,47500
4106,1999-04-01,13.75,13.9375,13.4375,13.4375,2.135617,10600
4107,1999-04-05,13.4375,13.8125,13.375,13.6875,2.17535,17100
4108,1999-04-06,13.8125,14.5,13.6875,14.0625,2.234947,18200
4109,1999-04-07,14.0625,14.25,13.75,14.0,2.225016,20200
4110,1999-04-08,14.125,14.375,14.0,14.0625,2.234947,11000
4111,1999-04-09,13.9375,14.25,13.875,14.0,2.225016,12800
4112,1999-04-12,13.875,14.1875,13.875,14.0,2.225016,7500
4113,1999-04-13,13.5,13.5,13.4375,13.5,2.200241,4700
4114,1999-04-14,13.5,13.5,13.25,13.3125,2.169682,16200
4115,1999-04-15,13.25,13.375,13.0625,13.125,2.1391240000000002,24800
4116,1999-04-16,13.3125,13.875,13.3125,13.875,2.26136,12200
4117,1999-04-19,13.875,14.1875,13.875,14.0625,2.2919169999999998,11600
4118,1999-04-20,14.125,14.625,14.125,14.4375,2.3530349999999998,16400
4119,1999-04-21,14.4375,14.625,14.4375,14.5,2.363223,13500
4120,1999-04-22,14.5,14.5625,14.375,14.375,2.34285,6300
4121,1999-04-23,14.375,14.75,14.375,14.75,2.4039650000000004,15800
4122,1999-04-26,14.625,14.75,14.4375,14.75,2.4039650000000004,10900
4123,1999-04-27,14.75,14.9375,14.75,14.8125,2.414155,10700
4124,1999-04-28,14.875,15.0,14.875,14.9375,2.434527,19700
4125,1999-04-29,15.0,15.0,14.75,14.8125,2.414155,21600
4126,1999-04-30,14.9375,15.125,14.875,14.9375,2.434527,10000
4127,1999-05-03,15.0625,15.125,15.0,15.125,2.465087,6200
4128,1999-05-04,15.125,15.25,15.0,15.1875,2.475272,15300
4129,1999-05-05,15.0625,15.25,14.875,15.25,2.4854580000000004,19900
4130,1999-05-06,15.375,15.375,14.9375,15.25,2.4854580000000004,13300
4131,1999-05-07,15.125,15.25,14.75,15.125,2.465087,22000
4132,1999-05-10,15.0,15.3125,15.0,15.1875,2.475272,19400
4133,1999-05-11,15.125,15.25,15.0,15.0625,2.4549,7100
4134,1999-05-12,14.875,15.0625,14.875,15.0,2.444713,11700
4135,1999-05-13,14.875,15.125,14.875,14.9375,2.450043,9600
4136,1999-05-14,14.8125,14.9375,14.5,14.5,2.378285,13700
4137,1999-05-17,14.5,14.5625,14.375,14.4375,2.368032,6700
4138,1999-05-18,14.5,14.5,14.3125,14.4375,2.368032,3600
4139,1999-05-19,14.3125,14.5625,14.25,14.5,2.378285,4300
4140,1999-05-20,14.375,14.5,14.3125,14.375,2.357783,9000
4141,1999-05-21,14.5,14.9375,14.5,14.9375,2.450043,17000
4142,1999-05-24,14.8125,15.0,14.25,14.8125,2.4295400000000003,31800
4143,1999-05-25,14.875,15.0,14.6875,14.8125,2.4295400000000003,22200
4144,1999-05-26,14.8125,15.0,14.8125,14.875,2.4397919999999997,2800
4145,1999-05-27,14.8125,14.9375,14.8125,14.9375,2.450043,1300
4146,1999-05-28,14.9375,14.9375,14.875,14.875,2.4397919999999997,1600
4147,1999-06-01,14.875,15.0,14.875,14.9375,2.450043,6200
4148,1999-06-02,14.875,14.875,14.8125,14.8125,2.4295400000000003,400
4149,1999-06-03,14.8125,14.875,14.75,14.8125,2.4295400000000003,9600
4150,1999-06-04,14.75,14.75,14.625,14.625,2.398788,3100
4151,1999-06-07,14.5625,14.625,14.5625,14.625,2.398788,15200
4152,1999-06-08,14.5625,14.5625,14.4375,14.5,2.378285,4900
4153,1999-06-09,14.6875,14.6875,14.5,14.5,2.378285,18500
4154,1999-06-10,14.5,14.6875,14.5,14.6875,2.409039,1800
4155,1999-06-11,14.5,14.5625,14.3125,14.5625,2.4019470000000003,6000
4156,1999-06-14,14.6875,14.75,14.5,14.5,2.391636,5500
4157,1999-06-15,14.625,14.75,14.125,14.25,2.350403,12900
4158,1999-06-16,14.25,14.25,14.125,14.125,2.329784,800
4159,1999-06-17,14.375,14.375,14.125,14.125,2.329784,4100
4160,1999-06-18,14.125,14.25,13.875,14.0625,2.319476,11600
4161,1999-06-21,14.0,14.0,13.9375,13.9375,2.298858,4300
4162,1999-06-22,13.875,14.0,13.75,13.75,2.267933,8000
4163,1999-06-23,13.75,13.875,13.625,13.625,2.247314,7100
4164,1999-06-24,13.75,13.875,13.625,13.625,2.247314,7100
4165,1999-06-25,13.75,14.25,13.75,14.1875,2.3400939999999997,11300
4166,1999-06-28,14.1875,14.4375,14.1875,14.3125,2.360712,3800
4167,1999-06-29,14.3125,14.3125,14.3125,14.3125,2.360712,800
4168,1999-06-30,14.3125,14.4375,14.3125,14.375,2.371022,4400
4169,1999-07-01,14.4375,14.4375,14.0625,14.0625,2.319476,4400
4170,1999-07-02,14.0625,14.3125,13.875,14.3125,2.360712,8700
4171,1999-07-06,14.3125,14.6875,14.3125,14.6875,2.422564,10500
4172,1999-07-07,14.625,14.6875,14.5625,14.5625,2.4019470000000003,20600
4173,1999-07-08,14.625,14.6875,14.5,14.5625,2.4019470000000003,10900
4174,1999-07-09,14.5625,14.6875,14.5625,14.6875,2.422564,5900
4175,1999-07-12,14.6875,14.6875,14.5625,14.6875,2.422564,14200
4176,1999-07-13,14.375,14.625,14.375,14.375,2.3951540000000002,4900
4177,1999-07-14,14.5,14.5,14.375,14.4375,2.405568,3800
4178,1999-07-15,14.4375,14.4375,14.375,14.375,2.3951540000000002,1200
4179,1999-07-16,14.25,14.3125,14.25,14.3125,2.384743,4800
4180,1999-07-19,14.3125,14.4375,14.3125,14.4375,2.405568,2100
4181,1999-07-20,14.5625,14.6875,14.5625,14.6875,2.447225,7700
4182,1999-07-21,14.6875,14.6875,14.375,14.5,2.415984,14000
4183,1999-07-22,14.5,14.5,14.375,14.5,2.415984,9000
4184,1999-07-23,14.5,14.5,14.3125,14.375,2.3951540000000002,7000
4185,1999-07-26,14.5,14.5,14.125,14.4375,2.405568,6900
4186,1999-07-27,14.3125,14.3125,14.0625,14.0625,2.343086,6100
4187,1999-07-28,14.1875,14.3125,14.125,14.1875,2.363913,12100
4188,1999-07-29,14.0,14.3125,14.0,14.3125,2.384743,5700
4189,1999-07-30,14.4375,14.6875,14.25,14.375,2.3951540000000002,9700
4190,1999-08-02,14.25,14.5,14.25,14.5,2.415984,2400
4191,1999-08-03,14.4375,14.4375,14.25,14.25,2.374327,1200
4192,1999-08-04,14.5,14.625,14.5,14.625,2.436811,1400
4193,1999-08-05,14.6875,14.75,14.625,14.75,2.457638,3000
4194,1999-08-06,14.6875,14.75,14.5625,14.5625,2.426397,3300
4195,1999-08-09,14.625,14.875,14.5625,14.8125,2.468053,12900
4196,1999-08-10,14.8125,15.0,14.75,14.75,2.457638,46200
4197,1999-08-11,14.875,14.875,14.8125,14.875,2.478463,6800
4198,1999-08-12,14.625,14.6875,14.625,14.6875,2.467963,6200
4199,1999-08-13,14.6875,14.75,14.625,14.75,2.478464,6200
4200,1999-08-16,14.625,14.8125,14.625,14.8125,2.488966,11300
4201,1999-08-17,14.75,14.8125,14.625,14.75,2.478464,7900
4202,1999-08-18,14.75,14.75,14.5625,14.625,2.457461,5400
4203,1999-08-19,14.5625,14.625,14.5625,14.625,2.457461,11200
4204,1999-08-20,14.625,14.75,14.5625,14.6875,2.467963,10600
4205,1999-08-23,14.6875,14.75,14.5625,14.75,2.478464,3700
4206,1999-08-24,14.75,14.75,14.625,14.6875,2.467963,5200
4207,1999-08-25,14.6875,14.75,14.5625,14.5625,2.446959,2700
4208,1999-08-26,14.5625,14.5625,14.25,14.4375,2.425954,10100
4209,1999-08-27,14.5625,14.6875,14.5625,14.6875,2.467963,2300
4210,1999-08-30,14.625,14.6875,14.375,14.625,2.457461,14400
4211,1999-08-31,14.625,14.6875,14.625,14.6875,2.467963,8400
4212,1999-09-01,14.625,14.6875,14.5625,14.625,2.457461,6500
4213,1999-09-02,14.5625,14.875,14.5625,14.875,2.4994669999999997,16700
4214,1999-09-03,14.875,14.9375,14.75,14.8125,2.488966,8800
4215,1999-09-07,14.875,15.0,14.8125,14.875,2.4994669999999997,17700
4216,1999-09-08,14.8125,14.8125,14.75,14.75,2.478464,5300
4217,1999-09-09,14.8125,14.875,14.6875,14.75,2.478464,12200
4218,1999-09-10,14.75,14.75,14.4375,14.5,2.436457,22500
4219,1999-09-13,14.5,14.625,14.1875,14.375,2.439341,19700
4220,1999-09-14,14.4375,14.5625,14.375,14.5625,2.471159,9800
4221,1999-09-15,14.5,14.5,14.4375,14.5,2.460555,7800
4222,1999-09-16,14.4375,14.6875,14.4375,14.625,2.481766,8900
4223,1999-09-17,14.625,14.6875,14.5,14.6875,2.492373,6900
4224,1999-09-20,14.6875,14.6875,14.4375,14.5625,2.471159,9600
4225,1999-09-21,14.5625,14.75,14.5625,14.625,2.481766,4800
4226,1999-09-22,14.625,14.75,14.5625,14.5625,2.471159,9300
4227,1999-09-23,14.625,14.75,14.625,14.75,2.5029779999999997,7600
4228,1999-09-24,14.8125,14.875,14.5,14.5625,2.471159,9600
4229,1999-09-27,14.5625,14.5625,14.5,14.5,2.460555,7000
4230,1999-09-28,14.5625,14.8125,14.5,14.5,2.460555,9800
4231,1999-09-29,14.5,14.5625,14.4375,14.4375,2.4499470000000003,8900
4232,1999-09-30,14.5,14.625,14.4375,14.5625,2.471159,11200
4233,1999-10-01,14.6875,14.875,14.625,14.875,2.524187,4800
4234,1999-10-04,14.875,15.0,14.75,15.0,2.5454,5800
4235,1999-10-05,15.0,15.0,14.875,14.875,2.524187,900
4236,1999-10-06,14.875,15.0,14.875,15.0,2.5454,17100
4237,1999-10-07,15.0625,15.125,15.0,15.0625,2.556004,5400
4238,1999-10-08,15.0,15.0,15.0,15.0,2.5454,600
4239,1999-10-11,15.0,15.0,15.0,15.0,2.5454,1800
4240,1999-10-12,15.0,15.0625,15.0,15.0,2.5454,3400
4241,1999-10-13,14.75,14.875,14.625,14.6875,2.516193,7700
4242,1999-10-14,14.8125,14.8125,14.6875,14.75,2.5268990000000002,6200
4243,1999-10-15,14.6875,14.875,14.5625,14.875,2.548311,10400
4244,1999-10-18,14.875,14.875,14.5625,14.6875,2.516193,1700
4245,1999-10-19,14.625,14.625,14.5,14.5625,2.494777,5700
4246,1999-10-20,14.5625,14.5625,14.4375,14.5,2.48407,14600
4247,1999-10-21,14.5,14.5625,14.375,14.5625,2.494777,3400
4248,1999-10-22,14.5625,14.5625,14.4375,14.4375,2.473361,3200
4249,1999-10-25,14.3125,14.4375,14.3125,14.4375,2.473361,4400
4250,1999-10-26,14.4375,14.875,14.4375,14.8125,2.537607,21100
4251,1999-10-27,14.8125,14.875,14.75,14.875,2.548311,3700
4252,1999-10-28,14.8125,14.8125,14.5625,14.625,2.505486,7800
4253,1999-10-29,14.5625,14.625,14.4375,14.5,2.48407,22800
4254,1999-11-01,14.5625,14.6875,14.5,14.6875,2.516193,23500
4255,1999-11-02,14.5625,14.625,14.5625,14.625,2.505486,10100
4256,1999-11-03,14.625,14.625,14.5625,14.5625,2.494777,15000
4257,1999-11-04,14.625,14.625,14.5,14.5625,2.494777,7400
4258,1999-11-05,14.625,14.625,14.5,14.5,2.48407,12500
4259,1999-11-08,14.5625,14.625,14.5,14.625,2.505486,2100
4260,1999-11-09,14.5625,14.625,14.375,14.5,2.48407,10100
4261,1999-11-10,14.25,14.375,14.25,14.375,2.484932,8500
4262,1999-11-11,14.375,14.375,14.25,14.25,2.463324,6600
4263,1999-11-12,14.125,14.4375,14.125,14.375,2.484932,15300
4264,1999-11-15,14.4375,14.5,14.4375,14.4375,2.495737,11800
4265,1999-11-16,14.375,14.5,14.3125,14.4375,2.495737,8200
4266,1999-11-17,14.4375,14.5,14.375,14.4375,2.495737,8400
4267,1999-11-18,14.3125,14.4375,14.25,14.4375,2.495737,8000
4268,1999-11-19,14.375,14.375,14.25,14.3125,2.474129,7900
4269,1999-11-22,14.1875,14.6875,14.1875,14.625,2.528152,22500
4270,1999-11-23,14.625,14.625,14.5625,14.625,2.528152,10100
4271,1999-11-24,14.5,14.5,14.375,14.375,2.484932,5500
4272,1999-11-26,14.5,14.5625,14.375,14.5,2.5065419999999996,5000
4273,1999-11-29,14.625,14.625,14.5,14.625,2.528152,15100
4274,1999-11-30,14.625,14.625,14.5,14.5,2.5065419999999996,33900
4275,1999-12-01,14.625,14.6875,14.5625,14.6875,2.538955,7600
4276,1999-12-02,14.5625,14.75,14.5625,14.5625,2.517346,7700
4277,1999-12-03,14.5625,14.6875,14.4375,14.625,2.528152,18500
4278,1999-12-06,14.625,14.625,14.5,14.5625,2.517346,9900
4279,1999-12-07,14.5625,14.625,14.5,14.5625,2.517346,20000
4280,1999-12-08,14.625,14.6875,14.5625,14.5625,2.517346,13000
4281,1999-12-09,14.625,14.6875,14.5625,14.625,2.528152,7800
4282,1999-12-10,14.5625,14.625,14.5,14.5,2.5065419999999996,22900
4283,1999-12-13,14.375,14.4375,14.25,14.375,2.501146,6600
4284,1999-12-14,14.375,14.5,13.9375,14.125,2.457649,20700
4285,1999-12-15,14.125,14.375,14.0625,14.375,2.501146,15700
4286,1999-12-16,14.25,14.25,14.0,14.0,2.4359,15700
4287,1999-12-17,14.0625,14.125,13.375,13.5,2.348904,24300
4288,1999-12-20,13.5,13.5,13.4375,13.4375,2.338029,16700
4289,1999-12-21,13.3125,13.375,13.1875,13.3125,2.316281,26100
4290,1999-12-22,13.3125,13.3125,13.125,13.25,2.305405,26500
4291,1999-12-23,13.3125,13.375,13.125,13.25,2.305405,21200
4292,1999-12-27,13.125,13.1875,13.0625,13.1875,2.2945290000000003,21000
4293,1999-12-28,13.3125,13.3125,13.125,13.25,2.305405,10000
4294,1999-12-29,13.25,13.375,13.125,13.3125,2.316281,4600
4295,1999-12-30,13.375,13.4375,13.375,13.375,2.327155,9500
4296,1999-12-31,13.25,13.4375,13.25,13.4375,2.338029,9100
4297,2000-01-03,13.3125,13.625,13.25,13.625,2.370653,24100
4298,2000-01-04,13.6875,14.0,13.6875,13.875,2.41415,6300
4299,2000-01-05,13.8125,14.0625,13.8125,14.0625,2.446774,10300
4300,2000-01-06,14.1875,14.6875,14.1875,14.625,2.544645,36000
4301,2000-01-07,14.6875,14.6875,14.1875,14.5,2.522898,23600
4302,2000-01-10,14.5,14.5,14.0625,14.375,2.501146,4900
4303,2000-01-11,14.5,14.5,14.0,14.0625,2.446774,24600
4304,2000-01-12,14.0,14.25,13.9375,14.125,2.457649,23200
4305,2000-01-13,13.8125,14.1875,13.8125,14.1875,2.504157,7400
4306,2000-01-14,14.0625,14.0625,13.875,14.0,2.471064,6400
4307,2000-01-18,14.0625,14.125,13.75,14.0,2.471064,9700
4308,2000-01-19,14.0,14.0,13.75,13.75,2.4269380000000003,14200
4309,2000-01-20,13.9375,14.25,13.875,14.125,2.493125,11300
4310,2000-01-21,14.0,14.25,14.0,14.25,2.515188,16500
4311,2000-01-24,14.25,14.25,14.125,14.25,2.515188,26300
4312,2000-01-25,14.1875,14.25,14.1875,14.25,2.515188,14800
4313,2000-01-26,14.3125,14.5,14.25,14.25,2.515188,12200
4314,2000-01-27,14.25,14.25,14.125,14.25,2.515188,6800
4315,2000-01-28,14.3125,14.3125,14.125,14.125,2.493125,4000
4316,2000-01-31,14.125,14.25,14.0625,14.25,2.515188,11800
4317,2000-02-01,14.375,14.5,14.3125,14.3125,2.52622,7200
4318,2000-02-02,14.4375,14.5,14.3125,14.375,2.537252,7700
4319,2000-02-03,14.3125,14.4375,14.25,14.375,2.537252,11000
4320,2000-02-04,14.4375,14.75,14.375,14.625,2.581379,19100
4321,2000-02-07,14.625,14.8125,14.625,14.625,2.581379,6700
4322,2000-02-08,14.6875,14.875,14.625,14.6875,2.5924110000000002,13900
4323,2000-02-09,14.75,14.8125,14.6875,14.8125,2.614474,8000
4324,2000-02-10,14.8125,14.8125,14.5,14.8125,2.614474,16600
4325,2000-02-11,14.8125,14.8125,14.4375,14.6875,2.625736,18000
4326,2000-02-14,14.6875,15.125,14.6875,15.0,2.6816020000000003,38300
4327,2000-02-15,14.875,15.125,14.875,15.125,2.703949,20600
4328,2000-02-16,15.125,15.25,15.0,15.0,2.6816020000000003,7300
4329,2000-02-17,14.875,14.875,14.5625,14.625,2.614563,5400
4330,2000-02-18,14.5625,14.5625,14.25,14.3125,2.558695,18500
4331,2000-02-22,14.3125,14.375,14.125,14.1875,2.536348,8200
4332,2000-02-23,14.0625,14.125,14.0625,14.125,2.5251740000000003,11300
4333,2000-02-24,14.1875,14.25,14.0625,14.0625,2.514001,6400
4334,2000-02-25,14.125,14.3125,14.125,14.3125,2.558695,8600
4335,2000-02-28,14.25,14.375,13.9375,14.1875,2.536348,9100
4336,2000-02-29,14.25,14.5,14.1875,14.4375,2.5810419999999996,7700
4337,2000-03-01,14.5625,15.0,14.5625,15.0,2.6816020000000003,12900
4338,2000-03-02,15.0,15.0,14.875,15.0,2.6816020000000003,7600
4339,2000-03-03,15.0,15.1875,15.0,15.0625,2.692776,4000
4340,2000-03-06,14.9375,14.9375,14.8125,14.9375,2.670429,5400
4341,2000-03-07,14.8125,15.0,14.75,14.75,2.636909,7700
4342,2000-03-08,14.875,15.0,14.8125,15.0,2.6816020000000003,13700
4343,2000-03-09,14.875,14.9375,14.8125,14.875,2.659256,9500
4344,2000-03-10,15.0,15.125,14.8125,14.875,2.659256,23400
4345,2000-03-13,14.75,14.75,14.375,14.75,2.66034,5700
4346,2000-03-14,14.75,14.75,14.625,14.625,2.637794,5300
4347,2000-03-15,14.6875,14.6875,14.25,14.25,2.5701560000000003,14300
4348,2000-03-16,14.125,14.25,14.125,14.125,2.547611,31000
4349,2000-03-17,14.25,14.5,14.125,14.3125,2.581429,12500
4350,2000-03-20,14.375,14.6875,14.375,14.375,2.592701,9400
4351,2000-03-21,14.5,14.6875,14.5,14.6875,2.649066,6300
4352,2000-03-22,14.75,14.75,14.5625,14.625,2.637794,5900
4353,2000-03-23,14.6875,14.6875,14.5625,14.6875,2.649066,2800
4354,2000-03-24,14.625,14.6875,14.5,14.5625,2.626519,7600
4355,2000-03-27,14.4375,14.75,14.4375,14.75,2.66034,17600
4356,2000-03-28,14.6875,14.8125,13.9375,13.9375,2.513795,25500
4357,2000-03-29,14.1875,14.3125,14.0,14.1875,2.558884,26300
4358,2000-03-30,14.25,14.5625,13.875,14.0,2.525068,62700
4359,2000-03-31,13.8125,14.125,11.5,11.8125,2.1305240000000003,214100
4360,2000-04-03,12.1875,14.0,12.1875,14.0,2.525068,53500
4361,2000-04-04,13.9375,13.9375,13.625,13.8125,2.4912490000000003,14200
4362,2000-04-05,13.75,13.8125,13.6875,13.75,2.4799759999999997,3200
4363,2000-04-06,13.875,14.125,13.875,13.875,2.502519,20900
4364,2000-04-07,13.875,14.25,13.8125,14.125,2.547611,15300
4365,2000-04-10,14.1875,14.25,14.0625,14.1875,2.558884,10000
4366,2000-04-11,14.1875,14.1875,14.125,14.1875,2.558884,2700
4367,2000-04-12,14.1875,14.3125,14.125,14.25,2.5701560000000003,11300
4368,2000-04-13,14.0,14.1875,14.0,14.125,2.588482,7500
4369,2000-04-14,14.125,14.375,13.9375,14.25,2.6113880000000003,40800
4370,2000-04-17,14.25,14.3125,14.125,14.125,2.588482,9100
4371,2000-04-18,14.25,14.25,14.0625,14.125,2.588482,6800
4372,2000-04-19,14.125,14.125,14.0,14.0,2.565577,22900
4373,2000-04-20,14.0625,14.5,14.0,14.375,2.6342950000000003,19500
4374,2000-04-24,14.4375,14.4375,14.3125,14.4375,2.6457490000000004,7400
4375,2000-04-25,14.5,14.625,14.5,14.5625,2.668657,7000
4376,2000-04-26,14.5625,14.875,14.5625,14.875,2.725926,12600
4377,2000-04-27,14.875,14.875,14.5625,14.5625,2.668657,13100
4378,2000-04-28,14.5625,14.75,14.5625,14.6875,2.691564,4900
4379,2000-05-01,14.8125,15.0,14.75,14.9375,2.737378,30900
4380,2000-05-02,14.8125,15.0,14.8125,14.875,2.725926,2400
4381,2000-05-03,14.875,15.1875,14.875,15.1875,2.783191,14100
4382,2000-05-04,15.125,15.1875,14.75,14.875,2.725926,13300
4383,2000-05-05,14.875,15.0,14.875,14.875,2.725926,27700
4384,2000-05-08,14.8125,14.9375,14.75,14.8125,2.714471,3700
4385,2000-05-09,14.75,14.9375,14.75,14.9375,2.737378,15000
4386,2000-05-10,14.9375,15.0,14.875,14.875,2.725926,18600
4387,2000-05-11,14.75,15.25,14.75,15.25,2.820815,8100
4388,2000-05-12,15.125,15.1875,15.0625,15.0625,2.786132,6900
4389,2000-05-15,15.0625,15.1875,15.0,15.0625,2.786132,3500
4390,2000-05-16,15.0625,15.125,15.0625,15.125,2.797694,4700
4391,2000-05-17,15.0625,15.0625,15.0625,15.0625,2.786132,5000
4392,2000-05-18,15.0625,15.25,15.0625,15.125,2.797694,18700
4393,2000-05-19,15.125,15.125,15.0625,15.0625,2.786132,4200
4394,2000-05-22,15.1875,15.875,15.1875,15.75,2.9133,24900
4395,2000-05-23,15.75,15.9375,15.5,15.625,2.8901790000000003,9000
4396,2000-05-24,15.6875,15.9375,15.5625,15.9375,2.947982,13900
4397,2000-05-25,15.9375,16.0,15.625,16.0,2.959542,13200
4398,2000-05-26,15.9375,15.9375,15.75,15.75,2.9133,5200
4399,2000-05-30,15.6875,16.0,15.6875,16.0,2.959542,10000
4400,2000-05-31,16.0,16.0,15.6875,15.8125,2.924862,16200
4401,2000-06-01,15.75,15.8125,15.6875,15.6875,2.90174,1600
4402,2000-06-02,15.75,15.8125,15.75,15.8125,2.924862,3700
4403,2000-06-05,15.75,15.75,15.5625,15.5625,2.878619,8000
4404,2000-06-06,15.5625,15.875,15.5625,15.875,2.9364220000000003,12000
4405,2000-06-07,16.0,16.0,15.875,15.875,2.9364220000000003,12200
4406,2000-06-08,16.0,16.0625,15.9375,16.0625,2.971103,4400
4407,2000-06-09,15.8125,15.9375,15.8125,15.9375,2.947982,6900
4408,2000-06-12,15.875,16.0,15.8125,15.875,2.9364220000000003,7700
4409,2000-06-13,15.5625,15.9375,15.5625,15.9375,2.976861,8000
4410,2000-06-14,15.8125,15.875,15.625,15.625,2.9184919999999996,24400
4411,2000-06-15,15.75,15.875,15.625,15.75,2.941839,4700
4412,2000-06-16,15.75,15.875,15.6875,15.75,2.941839,5700
4413,2000-06-19,15.9375,15.9375,15.75,15.9375,2.976861,4100
4414,2000-06-20,15.9375,15.9375,15.875,15.9375,2.976861,12400
4415,2000-06-21,15.875,16.0,15.875,15.9375,2.976861,2100
4416,2000-06-22,15.8125,15.9375,15.75,15.875,2.965187,12400
4417,2000-06-23,15.875,15.9375,15.75,15.875,2.965187,3600
4418,2000-06-26,15.9375,16.0,15.75,15.75,2.941839,38000
4419,2000-06-27,15.75,15.875,15.5,15.625,2.9184919999999996,17600
4420,2000-06-28,15.75,15.875,15.5,15.875,2.965187,8100
4421,2000-06-29,15.75,15.875,15.5625,15.875,2.965187,9900
4422,2000-06-30,16.0,16.0625,15.9375,16.0625,3.000208,56100
4423,2000-07-03,16.125,16.5,16.125,16.375,3.058578,11300
4424,2000-07-05,16.25,16.375,15.6875,15.875,2.965187,16100
4425,2000-07-06,15.8125,15.9375,15.75,15.9375,2.976861,6600
4426,2000-07-07,15.9375,16.5,15.8125,16.0625,3.000208,24000
4427,2000-07-10,16.25,16.5625,16.1875,16.4375,3.070251,15500
4428,2000-07-11,16.4375,16.5,16.375,16.375,3.058578,12300
4429,2000-07-12,16.375,16.5625,16.375,16.5,3.081929,26700
4430,2000-07-13,16.25,16.5,16.25,16.4375,3.111741,3300
4431,2000-07-14,16.4375,16.75,16.375,16.5625,3.135405,15200
4432,2000-07-17,16.625,16.8125,16.5,16.625,3.147237,11600
4433,2000-07-18,16.75,16.75,16.4375,16.4375,3.111741,13200
4434,2000-07-19,16.5625,16.5625,16.375,16.4375,3.111741,8400
4435,2000-07-20,16.4375,16.4375,16.125,16.3125,3.0880799999999997,11600
4436,2000-07-21,16.375,16.375,16.3125,16.3125,3.0880799999999997,6200
4437,2000-07-24,16.5,16.5,16.25,16.3125,3.0880799999999997,6900
4438,2000-07-25,16.4375,16.5625,16.25,16.25,3.076244,5500
4439,2000-07-26,16.375,16.625,16.125,16.5,3.123577,8500
4440,2000-07-27,16.375,16.6875,16.3125,16.5,3.123577,4300
4441,2000-07-28,16.5625,16.75,16.375,16.5625,3.135405,2400
4442,2000-07-31,16.5,16.5,16.125,16.25,3.076244,8300
4443,2000-08-01,16.4375,16.75,16.4375,16.5625,3.135405,6100
4444,2000-08-02,16.6875,16.75,16.5625,16.5625,3.135405,5300
4445,2000-08-03,16.625,16.75,16.25,16.5,3.123577,12900
4446,2000-08-04,16.5,16.625,16.5,16.625,3.147237,6200
4447,2000-08-07,16.75,16.9375,16.625,16.625,3.147237,11300
4448,2000-08-08,16.8125,16.8125,16.5,16.625,3.147237,2500
4449,2000-08-09,16.5,16.875,16.5,16.5625,3.135405,6500
4450,2000-08-10,16.625,16.9375,16.625,16.9375,3.206397,7000
4451,2000-08-11,16.875,16.875,15.875,16.3125,3.115673,41600
4452,2000-08-14,16.3125,16.5625,16.25,16.5625,3.16342,14600
4453,2000-08-15,16.5,16.75,16.5,16.75,3.199234,4800
4454,2000-08-16,16.75,16.875,16.75,16.875,3.2231099999999997,5800
4455,2000-08-17,16.75,16.9375,16.75,16.9375,3.2350470000000002,4900
4456,2000-08-18,16.9375,17.0,16.9375,17.0,3.246983,5800
4457,2000-08-21,17.0,17.0,16.75,16.75,3.199234,10800
4458,2000-08-22,16.875,16.9375,16.75,16.75,3.199234,4400
4459,2000-08-23,16.8125,17.0,16.8125,16.9375,3.2350470000000002,18500
4460,2000-08-24,17.0,17.0,16.875,17.0,3.246983,5800
4461,2000-08-25,17.125,17.125,16.875,16.875,3.2231099999999997,7200
4462,2000-08-28,16.8125,17.125,16.8125,17.0,3.246983,5500
4463,2000-08-29,17.0625,17.125,16.875,17.125,3.270859,9000
4464,2000-08-30,17.1875,17.4375,17.1875,17.375,3.3186089999999995,7500
4465,2000-08-31,17.4375,17.4375,16.875,17.0,3.246983,12000
4466,2000-09-01,17.25,17.375,16.9375,17.25,3.2947330000000004,22700
4467,2000-09-05,17.125,17.1875,16.8125,17.1875,3.2827940000000004,8300
4468,2000-09-06,17.375,17.625,17.375,17.5,3.342485,11900
4469,2000-09-07,17.5,17.75,17.4375,17.75,3.3902339999999995,12100
4470,2000-09-08,17.75,17.75,17.5,17.5,3.342485,13700
4471,2000-09-11,17.75,18.0,17.6875,17.8125,3.402169,7900
4472,2000-09-12,17.9375,18.5,17.9375,18.25,3.485735,11100
4473,2000-09-13,18.0625,18.6875,18.0625,18.625,3.60376,20500
4474,2000-09-14,18.5625,18.875,18.5,18.625,3.60376,25500
4475,2000-09-15,18.6875,18.6875,18.25,18.3125,3.5432980000000005,20200
4476,2000-09-18,18.3125,18.5625,18.3125,18.5625,3.591671,3900
4477,2000-09-19,18.5625,18.5625,18.3125,18.4375,3.567486,14400
4478,2000-09-20,18.4375,19.375,18.4375,18.9375,3.664224,31700
4479,2000-09-21,18.75,19.0,18.75,18.9375,3.664224,10400
4480,2000-09-22,18.9375,19.0,18.8125,19.0,3.6763199999999996,9500
4481,2000-09-25,19.0,19.25,19.0,19.1875,3.7126010000000003,9600
4482,2000-09-26,19.1875,19.25,19.0,19.0625,3.6884120000000005,10900
4483,2000-09-27,19.1875,19.1875,19.0,19.0,3.6763199999999996,26800
4484,2000-09-28,19.0,19.125,18.6875,18.875,3.652132,12300
4485,2000-09-29,18.875,19.0,18.625,18.875,3.652132,12900
4486,2000-10-02,18.8125,19.0,18.6875,18.9375,3.664224,13000
4487,2000-10-03,19.0,19.0,18.875,18.875,3.652132,10500
4488,2000-10-04,18.75,18.9375,18.75,18.9375,3.664224,6800
4489,2000-10-05,18.8125,18.8125,18.375,18.4375,3.567486,23300
4490,2000-10-06,18.5625,18.75,18.5,18.75,3.6279449999999995,3800
4491,2000-10-09,18.5625,18.75,18.5625,18.6875,3.6158550000000003,9400
4492,2000-10-10,18.75,18.875,18.5,18.875,3.652132,9500
4493,2000-10-11,18.75,18.75,18.6875,18.75,3.6279449999999995,7000
4494,2000-10-12,18.625,18.875,18.625,18.8125,3.668014,10800
4495,2000-10-13,18.75,18.9375,18.75,18.875,3.6802010000000003,17400
4496,2000-10-16,18.8125,18.875,18.75,18.875,3.6802010000000003,2600
4497,2000-10-17,18.75,18.75,18.375,18.625,3.631457,9900
4498,2000-10-18,18.5625,18.75,18.5,18.5,3.6070839999999995,5900
4499,2000-10-19,18.25,18.25,18.0625,18.0625,3.521783,23400
4500,2000-10-20,18.0,18.0,17.5,17.5,3.412111,10300
4501,2000-10-23,17.375,17.375,17.0,17.125,3.3389889999999998,20700
4502,2000-10-24,17.0,17.0625,16.75,17.0625,3.326802,35900
4503,2000-10-25,17.0625,17.0625,17.0,17.0,3.314618,9500
4504,2000-10-26,17.1875,17.1875,17.0625,17.0625,3.326802,2000
4505,2000-10-27,17.0625,17.1875,17.0625,17.125,3.3389889999999998,11000
4506,2000-10-30,17.0625,17.1875,17.0,17.1875,3.351177,3100
4507,2000-10-31,17.25,17.375,17.125,17.375,3.3877370000000004,9300
4508,2000-11-01,17.4375,17.4375,17.1875,17.3125,3.37555,3800
4509,2000-11-02,17.125,17.5,17.125,17.375,3.3877370000000004,4000
4510,2000-11-03,17.375,17.9375,17.375,17.9375,3.49741,6500
4511,2000-11-06,18.0625,18.5,18.0625,18.5,3.6070839999999995,8500
4512,2000-11-07,18.5,18.5,18.0,18.0,3.5095959999999997,18500
4513,2000-11-08,18.125,18.5,18.0,18.4375,3.594902,5400
4514,2000-11-09,18.3125,18.375,18.25,18.25,3.558339,6500
4515,2000-11-10,18.125,18.4375,18.125,18.25,3.558339,34200
4516,2000-11-13,18.0,18.25,17.75,18.0,3.5585370000000003,21400
4517,2000-11-14,17.8125,18.125,17.8125,18.125,3.583254,3800
4518,2000-11-15,18.125,18.125,17.625,17.625,3.484401,6300
4519,2000-11-16,17.5625,18.1875,17.5625,17.9375,3.546182,13200
4520,2000-11-17,18.0,18.1875,17.5625,17.625,3.484401,5400
4521,2000-11-20,17.6875,17.6875,17.4375,17.5,3.459692,4200
4522,2000-11-21,17.625,18.0,17.625,17.9375,3.546182,8500
4523,2000-11-22,18.1875,18.25,18.0625,18.125,3.583254,9100
4524,2000-11-24,18.1875,18.3125,18.0,18.3125,3.6203199999999995,3300
4525,2000-11-27,18.0,18.125,17.625,18.0,3.5585370000000003,10200
4526,2000-11-28,18.125,18.125,17.875,18.0625,3.570894,3800
4527,2000-11-29,18.0,18.1875,17.9375,17.9375,3.546182,8600
4528,2000-11-30,18.0,18.3125,17.9375,18.3125,3.6203199999999995,10400
4529,2000-12-01,18.0,18.0,17.875,17.9375,3.546182,3200
4530,2000-12-04,17.8125,18.5,17.8125,18.3125,3.6203199999999995,14200
4531,2000-12-05,18.4375,18.5,18.0625,18.1875,3.5956059999999996,18400
4532,2000-12-06,18.3125,19.0,18.3125,18.875,3.731521,18600
4533,2000-12-07,18.875,18.875,18.625,18.625,3.682097,6800
4534,2000-12-08,18.8125,18.875,18.5625,18.6875,3.694454,9900
4535,2000-12-11,18.625,19.0,18.625,18.9375,3.743877,13600
4536,2000-12-12,18.8125,18.9375,18.625,18.875,3.731521,13700
4537,2000-12-13,18.8125,18.8125,18.4375,18.4375,3.689998,5800
4538,2000-12-14,18.5,18.5,18.25,18.3125,3.6649800000000003,5800
4539,2000-12-15,18.3125,18.3125,18.0,18.0625,3.6149430000000002,14700
4540,2000-12-18,17.9375,18.0,17.75,18.0,3.6024339999999997,22600
4541,2000-12-19,18.0,18.1875,18.0,18.1875,3.63996,6400
4542,2000-12-20,18.0625,18.25,18.0,18.0,3.6024339999999997,7000
4543,2000-12-21,18.125,18.375,18.0,18.3125,3.6649800000000003,13800
4544,2000-12-22,18.3125,18.375,18.0,18.375,3.677486,19100
4545,2000-12-26,18.375,18.625,18.25,18.625,3.727519,19500
4546,2000-12-27,18.5,18.5,18.1875,18.5,3.702503,11700
4547,2000-12-28,18.375,18.625,18.1875,18.625,3.727519,4900
4548,2000-12-29,18.5,18.6875,18.375,18.6875,3.7400290000000003,7800
4549,2001-01-02,18.6875,18.9375,18.5,18.875,3.7775529999999997,15300
4550,2001-01-03,19.0,19.0625,18.75,19.0625,3.8150800000000005,9800
4551,2001-01-04,18.9375,19.0625,18.875,19.0,3.802568,5400
4552,2001-01-05,19.0,19.375,19.0,19.1875,3.840094,15600
4553,2001-01-08,19.3125,19.4375,19.25,19.375,3.877621,6700
4554,2001-01-09,19.4375,19.5,19.125,19.375,3.877621,7200
4555,2001-01-10,19.3125,19.5,19.125,19.4375,3.890133,17700
4556,2001-01-11,19.5,19.5625,18.875,18.9375,3.825886,36500
4557,2001-01-12,19.0,19.4375,18.875,19.375,3.9142669999999997,22400
4558,2001-01-16,19.375,19.375,19.0,19.125,3.8637650000000003,15600
4559,2001-01-17,19.1875,19.1875,19.125,19.1875,3.8763910000000004,6100
4560,2001-01-18,19.25,19.25,18.625,18.75,3.7880050000000005,33000
4561,2001-01-19,18.75,18.75,18.6875,18.75,3.7880050000000005,4800
4562,2001-01-22,18.75,19.4375,18.75,18.8125,3.8006300000000004,25300
4563,2001-01-23,19.0,19.3125,19.0,19.0625,3.8511349999999998,6700
4564,2001-01-24,19.125,19.3125,18.9375,19.0,3.838513,10300
4565,2001-01-25,19.0625,19.25,19.0625,19.25,3.8890190000000002,3600
4566,2001-01-26,19.125,19.5,19.125,19.3125,3.901645,14600
4567,2001-01-29,19.129998999999998,19.32,19.129998999999998,19.309998999999998,3.9011370000000003,7900
4568,2001-01-30,19.379998999999998,19.379998999999998,19.25,19.280001000000002,3.89508,8100
4569,2001-01-31,19.450001,19.68,19.450001,19.59,3.9577089999999995,13500
4570,2001-02-01,19.709999,19.709999,19.549999,19.6,3.9597290000000003,5800
4571,2001-02-02,19.65,19.75,19.65,19.75,3.9900339999999996,5300
4572,2001-02-05,19.5,19.91,19.5,19.91,4.022357,12600
4573,2001-02-06,19.99,20.0,19.75,19.9,4.020338,11900
4574,2001-02-07,19.940001000000002,19.99,19.799999,19.950001,4.030437,20900
4575,2001-02-08,20.0,20.120001000000002,20.0,20.01,4.042559,9800
4576,2001-02-09,20.01,20.35,20.01,20.17,4.074879,10000
4577,2001-02-12,20.4,20.9,20.4,20.82,4.206201,23400
4578,2001-02-13,20.5,20.530001000000002,20.110001,20.110001,4.105153,13500
4579,2001-02-14,20.15,20.15,19.450001,19.75,4.031667,16600
4580,2001-02-15,19.75,20.200001,19.75,20.0,4.0827029999999995,10700
4581,2001-02-16,19.799999,19.9,19.65,19.9,4.062284,3200
4582,2001-02-20,19.98,20.15,19.98,20.030001000000002,4.0888230000000005,23400
4583,2001-02-21,20.25,20.25,19.969998999999998,20.049999,4.092905,7400
4584,2001-02-22,20.049999,20.15,19.799999,19.85,4.052079,19200
4585,2001-02-23,19.65,20.35,19.65,20.25,4.133733,14200
4586,2001-02-26,20.4,20.48,20.18,20.190001000000002,4.1214830000000005,7900
4587,2001-02-27,20.200001,20.52,20.200001,20.52,4.188852,9200
4588,2001-02-28,20.65,20.65,20.5,20.6,4.205183,26800
4589,2001-03-01,20.700001,20.85,20.549999,20.700001,4.225594999999999,13900
4590,2001-03-02,20.950001,21.0,20.5,20.77,4.239882,28100
4591,2001-03-05,20.799999,20.940001000000002,20.51,20.6,4.205183,23800
4592,2001-03-06,20.67,21.0,20.67,21.0,4.286834,17300
4593,2001-03-07,21.0,21.0,20.549999,20.950001,4.276629,21000
4594,2001-03-08,20.889999,21.5,20.76,21.309998999999998,4.350115,35800
4595,2001-03-09,21.5,21.6,21.4,21.559998999999998,4.401148,15400
4596,2001-03-12,21.799999,22.299999,21.799999,21.950001,4.480764,42200
4597,2001-03-13,21.950001,22.75,21.5,21.950001,4.531758,40000
4598,2001-03-14,22.049999,22.049999,21.65,21.950001,4.531758,16400
4599,2001-03-15,22.0,22.5,21.799999,21.950001,4.531758,25000
4600,2001-03-16,21.75,21.85,21.4,21.4,4.418205,13600
4601,2001-03-19,21.469998999999998,21.49,21.0,21.25,4.387239,20800
4602,2001-03-20,21.0,21.24,21.0,21.049999,4.345944,14900
4603,2001-03-21,21.02,21.02,19.5,19.6,4.0465800000000005,40700
4604,2001-03-22,19.59,19.6,17.65,18.49,3.8174129999999997,83200
4605,2001-03-23,18.5,19.4,18.5,19.4,4.005288,24600
4606,2001-03-26,20.0,21.1,20.0,20.85,4.304655,82800
4607,2001-03-27,20.77,21.25,20.77,21.0,4.335622,33300
4608,2001-03-28,21.0,21.15,20.75,21.15,4.3665910000000006,13700
4609,2001-03-29,21.299999,21.5,21.0,21.290001,4.3954949999999995,46000
4610,2001-03-30,21.389999,21.5,21.15,21.4,4.418205,20500
4611,2001-04-02,21.799999,21.85,21.25,21.25,4.387239,32000
4612,2001-04-03,21.299999,21.299999,20.65,20.700001,4.2736849999999995,24200
4613,2001-04-04,20.790001,21.4,20.610001,21.4,4.418205,45600
4614,2001-04-05,21.5,22.75,21.5,22.549999,4.655632,60400
4615,2001-04-06,22.450001,22.73,22.25,22.629998999999998,4.672146,18600
4616,2001-04-09,22.549999,24.299999,22.549999,24.01,4.957065,44500
4617,2001-04-10,24.0,25.09,23.700001,24.799999,5.120165,76800
4618,2001-04-11,23.75,23.9,23.4,23.41,4.918671,69100
4619,2001-04-12,23.41,23.85,23.200001,23.799999,5.000611,23600
4620,2001-04-16,23.719998999999998,24.25,23.700001,24.040001,5.051037,25400
4621,2001-04-17,24.1,24.32,23.959999,24.15,5.074152,46900
4622,2001-04-18,24.299999,24.34,23.85,24.120001000000002,5.067848000000001,57200
4623,2001-04-19,24.0,24.08,23.6,23.790001,4.998511,46400
4624,2001-04-20,23.9,23.950001,23.620001000000002,23.85,5.011118,25500
4625,2001-04-23,23.860001,24.299999,23.5,24.25,5.095161,36900
4626,2001-04-24,24.35,24.6,24.200001,24.5,5.147688,41600
4627,2001-04-25,24.65,25.25,24.51,25.110001,5.275858,43300
4628,2001-04-26,25.33,25.33,24.9,24.9,5.231730000000001,46000
4629,2001-04-27,25.0,25.5,24.870001000000002,25.35,5.326280000000001,37400
4630,2001-04-30,25.450001,25.950001,25.379998999999998,25.65,5.389318,32200
4631,2001-05-01,25.549999,26.17,25.0,25.200001,5.294763,79900
4632,2001-05-02,25.25,25.309998999999998,25.0,25.01,5.254848,26100
4633,2001-05-03,25.049999,25.1,24.52,24.59,5.166601,29600
4634,2001-05-04,24.49,24.49,23.85,23.9,5.021615,44100
4635,2001-05-07,24.0,25.16,23.9,25.09,5.271649,31600
4636,2001-05-08,25.09,25.200001,24.950001,24.969998999999998,5.246441,19800
4637,2001-05-09,24.98,25.17,24.879998999999998,25.07,5.267451,14100
4638,2001-05-10,25.08,25.58,25.059998999999998,25.200001,5.294763,24200
4639,2001-05-11,25.0,25.0,24.549999,24.76,5.252762000000001,18800
4640,2001-05-14,24.799999,26.25,24.77,26.17,5.551887000000001,29800
4641,2001-05-15,26.17,26.209999,25.82,26.15,5.547642,24800
4642,2001-05-16,26.0,26.0,25.6,25.75,5.462786,9100
4643,2001-05-17,25.700001,25.780001000000002,25.01,25.040001,5.312161,19100
4644,2001-05-18,24.950001,25.290001,24.940001000000002,25.25,5.3567089999999995,21400
4645,2001-05-21,25.299999,25.9,25.15,25.629998999999998,5.43733,22300
4646,2001-05-22,25.57,26.200001,25.5,25.9,5.494609,17000
4647,2001-05-23,25.950001,26.059998999999998,25.42,25.75,5.462786,24600
4648,2001-05-24,25.700001,26.549999,25.700001,26.23,5.564614,25300
4649,2001-05-25,26.24,26.25,25.950001,26.049999,5.526431,20600
4650,2001-05-29,26.0,26.32,26.0,26.1,5.5370349999999995,27700
4651,2001-05-30,26.26,26.709999,26.129998999999998,26.17,5.551887000000001,36600
4652,2001-05-31,26.18,26.360001,26.110001,26.280001000000002,5.575221,22500
4653,2001-06-01,26.290001,26.9,26.200001,26.860001,5.6982669999999995,22300
4654,2001-06-04,26.860001,26.98,26.379998999999998,26.389999,5.598561,24300
4655,2001-06-05,26.389999,26.950001,26.389999,26.51,5.624016,27100
4656,2001-06-06,26.76,26.82,26.5,26.5,5.621894,38500
4657,2001-06-07,26.549999,26.65,26.27,26.639999,5.651597,23300
4658,2001-06-08,26.639999,26.85,26.639999,26.700001,5.664324,12800
4659,2001-06-11,26.75,26.93,26.74,26.790001,5.683418,27600
4660,2001-06-12,26.85,26.9,26.610001,26.83,5.691907,21700
4661,2001-06-13,26.5,26.6,26.33,26.5,5.678831,17900
4662,2001-06-14,26.450001,26.450001,25.84,25.969998999999998,5.565257,12700
4663,2001-06-15,25.719998999999998,25.719998999999998,22.5,23.139999,4.9588019999999995,129800
4664,2001-06-18,23.0,23.0,21.9,22.450001,4.810938,73800
4665,2001-06-19,22.459999,24.0,22.450001,23.950001,5.132378,47800
4666,2001-06-20,24.0,24.049999,23.450001,23.57,5.050946,10800
4667,2001-06-21,23.469998999999998,23.5,22.48,22.59,4.840937,35200
4668,2001-06-22,22.450001,22.469998999999998,20.5,20.99,4.498065,106000
4669,2001-06-25,21.0,21.549999,20.67,20.67,4.429486,53200
4670,2001-06-26,20.790001,20.790001,19.799999,20.4,4.371629,85300
4671,2001-06-27,20.65,20.75,20.35,20.370001000000002,4.3652,20900
4672,2001-06-28,20.27,21.0,20.25,20.940001000000002,4.487347,44800
4673,2001-06-29,20.940001000000002,21.1,20.9,21.1,4.521634,14300
4674,2001-07-02,21.1,22.16,20.959999,22.15,4.746647,25500
4675,2001-07-03,22.15,22.4,22.1,22.4,4.8002199999999995,15100
4676,2001-07-05,22.65,23.120001000000002,22.620001000000002,23.0,4.928797,30400
4677,2001-07-06,23.0,23.700001,23.0,23.200001,4.971655,23000
4678,2001-07-09,23.25,24.299999,23.25,24.110001,5.166668,35200
4679,2001-07-10,24.129998999999998,24.200001,23.92,24.059998999999998,5.15595,35600
4680,2001-07-11,24.16,24.25,23.780001000000002,23.889999,5.119517,40100
4681,2001-07-12,23.549999,23.559998999999998,22.15,22.25,4.821763,53100
4682,2001-07-13,22.25,22.6,22.129998999999998,22.200001,4.810932,26100
4683,2001-07-16,22.25,22.25,21.950001,21.950001,4.756749,24700
4684,2001-07-17,21.950001,21.950001,21.5,21.51,4.661398999999999,14400
4685,2001-07-18,21.610001,21.639999,21.52,21.6,4.680901,16500
4686,2001-07-19,21.65,21.65,21.200001,21.200001,4.59422,12100
4687,2001-07-20,21.25,21.25,21.0,21.190001000000002,4.592054,15200
4688,2001-07-23,21.120001000000002,21.48,21.059998999999998,21.360001,4.628897,18000
4689,2001-07-24,21.299999,21.799999,21.299999,21.690001000000002,4.700409,15000
4690,2001-07-25,21.799999,22.5,21.799999,22.1,4.78926,21900
4691,2001-07-26,22.200001,22.4,22.0,22.0,4.767587000000001,22800
4692,2001-07-27,22.1,22.25,22.08,22.200001,4.810932,10200
4693,2001-07-30,22.299999,23.299999,22.299999,22.299999,4.832596,20400
4694,2001-07-31,22.5,22.59,22.0,22.07,4.782757,19900
4695,2001-08-01,22.15,22.35,21.940001000000002,22.299999,4.832596,35800
4696,2001-08-02,22.4,22.940001000000002,22.4,22.9,4.962623000000001,11400
4697,2001-08-03,22.700001,23.299999,22.6,23.0,4.9842949999999995,17300
4698,2001-08-06,23.15,23.66,23.120001000000002,23.549999,5.103485,20400
4699,2001-08-07,23.75,24.559998999999998,23.75,24.5,5.309357,50600
4700,2001-08-08,24.5,24.6,24.299999,24.549999,5.320191,30000
4701,2001-08-09,24.75,25.35,24.65,25.35,5.493558999999999,48100
4702,2001-08-10,25.549999,25.549999,24.82,25.0,5.417711,45400
4703,2001-08-13,24.6,24.75,24.0,24.01,5.258276,37300
4704,2001-08-14,24.07,24.49,24.0,24.49,5.363398,13800
4705,2001-08-15,24.379998999999998,24.799999,24.379998999999998,24.709999,5.411581,12100
4706,2001-08-16,24.66,24.99,24.65,24.860001,5.444433,25900
4707,2001-08-17,24.790001,24.950001,24.719998999999998,24.75,5.420339,9500
4708,2001-08-20,24.85,24.950001,24.65,24.85,5.442243,8300
4709,2001-08-21,24.98,25.299999,24.75,24.76,5.4225330000000005,16400
4710,2001-08-22,24.9,25.450001,24.9,25.0,5.475092,13700
4711,2001-08-23,25.1,25.1,24.799999,24.85,5.442243,7600
4712,2001-08-24,24.85,25.25,24.799999,25.049999,5.486041999999999,16900
4713,2001-08-27,25.059998999999998,25.059998999999998,24.299999,24.299999,5.321788,22700
4714,2001-08-28,24.5,24.5,23.9,23.9,5.234187,29300
4715,2001-08-29,24.0,24.15,23.780001000000002,23.93,5.240755,25800
4716,2001-08-30,24.15,24.34,23.35,23.35,5.113736,33900
4717,2001-08-31,23.4,23.4,22.4,22.75,4.9823319999999995,59700
4718,2001-09-04,22.299999,23.200001,22.299999,23.200001,5.080884999999999,52300
4719,2001-09-05,23.35,23.75,23.24,23.75,5.201336,26800
4720,2001-09-06,23.75,23.75,23.700001,23.719998999999998,5.194767,16400
4721,2001-09-07,23.620001000000002,23.950001,23.35,23.84,5.221044999999999,35700
4722,2001-09-10,23.75,24.02,23.6,23.719998999999998,5.194767,42800
4723,2001-09-17,23.9,24.549999,23.82,24.549999,5.432351000000001,40500
4724,2001-09-18,24.75,25.5,24.58,25.0,5.531923,68600
4725,2001-09-19,24.799999,24.799999,23.25,23.389999,5.1756720000000005,55900
4726,2001-09-20,23.24,23.35,22.700001,22.700001,5.0229870000000005,28000
4727,2001-09-21,22.450001,22.450001,20.15,21.299999,4.713202,91800
4728,2001-09-24,21.549999,22.25,21.549999,22.0,4.868094,40300
4729,2001-09-25,22.0,22.0,21.34,21.35,4.724265,34200
4730,2001-09-26,21.33,21.33,19.9,20.01,4.427753,37900
4731,2001-09-27,19.950001,19.950001,19.4,19.799999,4.381286,57000
4732,2001-09-28,19.75,20.6,19.75,20.6,4.558307,46300
4733,2001-10-01,20.83,21.1,20.4,21.1,4.668943,30800
4734,2001-10-02,21.33,21.99,21.33,21.950001,4.857031,29000
4735,2001-10-03,22.280001000000002,22.299999,21.9,21.93,4.852604,47900
4736,2001-10-04,21.85,21.92,20.65,20.85,4.613626,71300
4737,2001-10-05,20.83,20.99,20.6,20.950001,4.6357550000000005,21900
4738,2001-10-08,20.98,21.4,20.98,21.26,4.704349,37000
4739,2001-10-09,21.4,21.719998999999998,21.35,21.5,4.757455,26300
4740,2001-10-10,21.65,21.9,21.610001,21.65,4.790648,19700
4741,2001-10-11,21.700001,22.0,21.549999,21.809998999999998,4.8540779999999994,38200
4742,2001-10-12,21.950001,21.950001,21.6,21.84,4.860755,6800
4743,2001-10-15,21.799999,21.99,21.690001000000002,21.9,4.87411,12700
4744,2001-10-16,21.82,22.200001,21.719998999999998,22.0,4.896364,18400
4745,2001-10-17,22.0,22.450001,22.0,22.299999,4.963132,17900
4746,2001-10-18,22.299999,22.549999,22.0,22.25,4.952001999999999,16800
4747,2001-10-19,22.23,22.4,22.059998999999998,22.309998999999998,4.965358999999999,12100
4748,2001-10-22,22.33,22.41,22.25,22.32,4.967585,10200
4749,2001-10-23,22.35,22.65,22.299999,22.299999,4.963132,7700
4750,2001-10-24,22.459999,22.459999,22.07,22.15,4.929749,11300
4751,2001-10-25,22.0,22.200001,21.700001,22.200001,4.940879,11300
4752,2001-10-26,22.209999,22.33,22.0,22.33,4.9698080000000004,15400
4753,2001-10-29,22.450001,22.469998999999998,22.219998999999998,22.290001,4.960908,5500
4754,2001-10-30,22.290001,22.290001,21.85,22.0,4.896364,38500
4755,2001-10-31,22.049999,22.25,22.049999,22.18,4.936427,10300
4756,2001-11-01,22.120001000000002,22.120001000000002,21.969998999999998,22.08,4.914167,19600
4757,2001-11-02,22.0,22.1,21.969998999999998,22.059998999999998,4.909719,18700
4758,2001-11-05,22.059998999999998,22.059998999999998,21.75,21.85,4.862979,15800
4759,2001-11-06,21.85,21.85,21.549999,21.799999,4.85185,22500
4760,2001-11-07,21.6,22.0,21.6,22.0,4.896364,17500
4761,2001-11-08,22.0,22.34,21.950001,22.33,4.9698080000000004,21500
4762,2001-11-09,22.57,22.6,22.15,22.450001,4.996518,41200
4763,2001-11-12,22.49,22.49,22.200001,22.309998999999998,4.965358999999999,11900
4764,2001-11-13,22.32,22.43,22.200001,22.43,5.044528,23900
4765,2001-11-14,22.49,22.66,22.299999,22.299999,5.015282,12200
4766,2001-11-15,22.049999,22.23,21.440001000000002,21.469998999999998,4.828621,31800
4767,2001-11-16,21.290001,21.290001,19.6,20.129998999999998,4.527252,62400
4768,2001-11-19,19.25,19.32,19.01,19.26,4.331588,74400
4769,2001-11-20,19.16,19.6,18.85,19.549999,4.396808,61200
4770,2001-11-21,19.75,20.02,19.549999,20.02,4.502511,34000
4771,2001-11-23,20.15,20.440001000000002,20.0,20.43,4.594722,14400
4772,2001-11-26,20.530001000000002,21.09,20.43,21.09,4.743155000000001,20200
4773,2001-11-27,21.15,21.700001,21.15,21.700001,4.880348000000001,32200
4774,2001-11-28,21.66,22.0,21.66,21.809998999999998,4.905081,20800
4775,2001-11-29,21.91,22.35,21.91,22.02,4.952314,27800
4776,2001-11-30,22.02,22.299999,22.02,22.280001000000002,5.0107870000000005,12900
4777,2001-12-03,22.190001000000002,22.27,22.15,22.27,5.008541,21600
4778,2001-12-04,22.27,22.35,22.0,22.34,5.0242830000000005,15600
4779,2001-12-05,22.309998999999998,22.4,21.700001,21.809998999999998,4.905081,31400
4780,2001-12-06,21.799999,22.0,21.549999,21.6,4.857857,22400
4781,2001-12-07,21.549999,21.549999,21.33,21.51,4.837613,14800
4782,2001-12-10,21.41,22.1,21.0,21.0,4.722916000000001,32900
4783,2001-12-11,20.9,21.0,20.700001,20.98,4.71842,32500
4784,2001-12-12,20.99,21.0,20.9,20.9,4.700425,15100
4785,2001-12-13,20.65,20.65,20.4,20.43,4.627045,15900
4786,2001-12-14,20.379998999999998,20.43,20.01,20.030001000000002,4.536452,24600
4787,2001-12-17,20.0,20.5,19.9,20.360001,4.611193,41000
4788,2001-12-18,20.360001,20.92,20.32,20.92,4.738019,25200
4789,2001-12-19,20.700001,20.9,20.700001,20.879998999999998,4.728962999999999,13400
4790,2001-12-20,20.879998999999998,20.879998999999998,20.549999,20.549999,4.654224,25800
4791,2001-12-21,20.49,20.75,20.42,20.75,4.69952,12400
4792,2001-12-24,20.75,20.75,20.690001000000002,20.73,4.694991,17400
4793,2001-12-26,20.67,20.93,20.67,20.93,4.740288,11600
4794,2001-12-27,20.98,21.1,20.83,21.1,4.77879,93600
4795,2001-12-28,21.15,21.629998999999998,21.15,21.629998999999998,4.898826000000001,14500
4796,2001-12-31,21.879998999999998,22.0,21.76,21.809998999999998,4.939587,18100
4797,2002-01-02,21.950001,22.0,21.67,21.700001,4.914680000000001,21800
4798,2002-01-03,21.76,22.280001000000002,21.68,22.280001000000002,5.046037999999999,32700
4799,2002-01-04,22.4,23.02,22.370001000000002,22.959999,5.200043,29600
4800,2002-01-07,22.959999,22.959999,21.1,21.6,4.892030999999999,221500
4801,2002-01-08,21.559998999999998,22.290001,21.559998999999998,22.0,4.982623,46600
4802,2002-01-09,21.91,22.370001000000002,21.9,22.360001,5.064156,20900
4803,2002-01-10,22.42,22.700001,22.4,22.4,5.073217,34000
4804,2002-01-11,22.02,22.02,21.719998999999998,21.799999,4.998246,25500
4805,2002-01-14,21.799999,21.799999,21.65,21.75,4.986779,12600
4806,2002-01-15,21.950001,22.0,21.84,21.85,5.009708,15200
4807,2002-01-16,21.75,21.879998999999998,21.639999,21.76,4.98907,16000
4808,2002-01-17,21.700001,21.75,21.700001,21.719998999999998,4.979901,7700
4809,2002-01-18,21.76,22.049999,21.68,21.950001,5.032635,19700
4810,2002-01-22,22.049999,22.68,22.049999,22.370001000000002,5.128932,34200
4811,2002-01-23,22.299999,22.4,22.15,22.34,5.1220550000000005,18200
4812,2002-01-24,22.59,22.65,22.5,22.6,5.181668,22800
4813,2002-01-25,22.85,22.85,22.559998999999998,22.610001,5.1839580000000005,13000
4814,2002-01-28,22.610001,22.610001,22.41,22.51,5.1610309999999995,13500
4815,2002-01-29,22.440001000000002,22.440001000000002,21.75,21.950001,5.032635,36400
4816,2002-01-30,22.0,22.200001,21.91,21.92,5.0257559999999994,11300
4817,2002-01-31,21.950001,22.0,21.700001,21.790001,4.995955,36600
4818,2002-02-01,21.889999,22.030001000000002,21.889999,22.0,5.044099,17800
4819,2002-02-04,22.0,22.0,21.799999,21.85,5.009708,11500
4820,2002-02-05,21.950001,22.049999,21.809998999999998,21.93,5.02805,20500
4821,2002-02-06,22.08,22.08,21.75,21.809998999999998,5.00053,20500
4822,2002-02-07,21.809998999999998,21.809998999999998,21.709999,21.76,4.98907,8300
4823,2002-02-08,21.75,21.75,21.280001000000002,21.450001,4.917997,19200
4824,2002-02-11,21.4,21.68,21.32,21.6,4.952389,8300
4825,2002-02-12,21.6,21.6,21.379998999999998,21.379998999999998,4.901946,16700
4826,2002-02-13,21.32,21.629998999999998,21.309998999999998,21.559998999999998,4.971115,9700
4827,2002-02-14,21.6,21.629998999999998,21.450001,21.469998999999998,4.950367,9300
4828,2002-02-15,21.5,21.639999,21.299999,21.43,4.941143,16800
4829,2002-02-19,21.450001,21.82,21.41,21.76,5.017231,12000
4830,2002-02-20,21.790001,22.1,21.790001,22.049999,5.084096,8100
4831,2002-02-21,22.1,22.120001000000002,21.959999,22.120001000000002,5.100235,5000
4832,2002-02-22,22.09,22.66,22.09,22.540001,5.197080000000001,24000
4833,2002-02-25,22.299999,22.49,22.25,22.42,5.169408,22600
4834,2002-02-26,22.469998999999998,22.469998999999998,22.15,22.25,5.130211,10800
4835,2002-02-27,22.25,22.32,22.15,22.15,5.107153,6600
4836,2002-02-28,22.16,22.49,22.16,22.379998999999998,5.160186,10400
4837,2002-03-01,22.389999,22.620001000000002,22.34,22.549999,5.199383999999999,16100
4838,2002-03-04,22.49,22.85,22.41,22.84,5.266248,21400
4839,2002-03-05,22.91,22.950001,22.610001,22.610001,5.213218,9400
4840,2002-03-06,22.629998999999998,22.690001000000002,22.110001,22.4,5.1647989999999995,24500
4841,2002-03-07,22.4,22.75,22.379998999999998,22.700001,5.233968,7300
4842,2002-03-08,22.5,23.0,22.5,22.799999,5.257027,19000
4843,2002-03-11,22.82,22.82,22.15,22.219998999999998,5.123295,45400
4844,2002-03-12,22.379998999999998,22.6,22.299999,22.48,5.183244,17900
4845,2002-03-13,22.360001,22.530001000000002,22.32,22.379998999999998,5.186954,16900
4846,2002-03-14,22.52,22.6,22.51,22.6,5.237939,18100
4847,2002-03-15,22.65,23.59,22.65,23.4,5.423356,38700
4848,2002-03-18,23.48,23.48,23.280001000000002,23.4,5.423356,14400
4849,2002-03-19,23.32,23.52,23.299999,23.4,5.423356,12800
4850,2002-03-20,23.200001,24.0,23.200001,23.75,5.504477,12100
4851,2002-03-21,23.6,24.049999,23.51,24.049999,5.574007,6500
4852,2002-03-22,24.07,24.15,23.950001,24.08,5.580958,7100
4853,2002-03-25,24.040001,24.129998999999998,23.969998999999998,24.049999,5.574007,11100
4854,2002-03-26,24.0,24.15,23.9,23.959999,5.5531440000000005,10600
4855,2002-03-27,23.959999,24.059998999999998,23.700001,24.059998999999998,5.576324,31900
4856,2002-03-28,24.08,24.450001,24.08,24.450001,5.666714,7400
4857,2002-04-01,24.299999,24.690001000000002,24.18,24.690001000000002,5.722334,13800
4858,2002-04-02,24.75,25.33,24.75,25.120001000000002,5.821994999999999,23200
4859,2002-04-03,25.15,25.299999,24.9,24.959999,5.784907,33500
4860,2002-04-04,25.0,25.18,24.99,25.1,5.817356,20000
4861,2002-04-05,25.059998999999998,25.059998999999998,24.5,24.93,5.777958,23300
4862,2002-04-08,25.08,25.299999,24.83,25.110001,5.819679,21300
4863,2002-04-09,25.0,25.200001,24.9,25.200001,5.840538,26300
4864,2002-04-10,25.190001000000002,25.51,25.190001000000002,25.440001000000002,5.896162,29400
4865,2002-04-11,25.299999,25.4,25.0,25.059998999999998,5.857594000000001,15600
4866,2002-04-12,25.059998999999998,25.15,25.01,25.030001000000002,5.850581,24500
4867,2002-04-15,25.059998999999998,25.129998999999998,25.0,25.1,5.866937,29300
4868,2002-04-16,25.059998999999998,25.139999,25.049999,25.120001000000002,5.871617,8300
4869,2002-04-17,25.17,25.290001,25.15,25.190001000000002,5.887982,13700
4870,2002-04-18,25.209999,25.27,25.120001000000002,25.24,5.899668,8700
4871,2002-04-19,25.26,25.26,25.110001,25.25,5.902003,9000
4872,2002-04-22,25.27,25.280001000000002,25.18,25.209999,5.892653,8000
4873,2002-04-23,25.25,25.25,25.059998999999998,25.120001000000002,5.871617,12800
4874,2002-04-24,25.139999,25.209999,24.9,25.120001000000002,5.871617,20100
4875,2002-04-25,25.200001,25.290001,25.1,25.200001,5.89032,13700
4876,2002-04-26,25.25,25.450001,25.18,25.370001000000002,5.9300489999999995,13500
4877,2002-04-29,25.469998999999998,25.549999,25.4,25.450001,5.948751000000001,13500
4878,2002-04-30,25.549999,25.809998999999998,25.440001000000002,25.5,5.960444,16600
4879,2002-05-01,25.67,25.959999,25.67,25.93,6.060948000000001,10800
4880,2002-05-02,25.85,26.0,25.85,26.0,6.077307,11200
4881,2002-05-03,26.0,26.139999,25.82,25.82,6.035239,33400
4882,2002-05-06,25.77,25.77,24.75,24.809998999999998,5.799156,40400
4883,2002-05-07,24.879998999999998,25.0,24.540001,24.629998999999998,5.757082,17900
4884,2002-05-08,24.73,25.450001,24.73,25.139999,5.876298,48000
4885,2002-05-09,24.940001000000002,24.98,24.799999,24.82,5.801494,10700
4886,2002-05-10,24.75,24.870001000000002,24.68,24.799999,5.796817,9500
4887,2002-05-13,24.5,24.5,23.9,24.1,5.657152,34200
4888,2002-05-14,24.02,24.139999,23.27,23.299999,5.469368,34200
4889,2002-05-15,23.200001,23.24,22.65,23.07,5.4153720000000005,47200
4890,2002-05-16,23.049999,23.27,22.889999,23.25,5.457624,24700
4891,2002-05-17,23.200001,23.34,22.75,23.07,5.4153720000000005,11600
4892,2002-05-20,23.200001,23.200001,22.52,22.74,5.337905999999999,14700
4893,2002-05-21,22.639999,22.9,22.610001,22.84,5.361385,11600
4894,2002-05-22,22.84,23.299999,22.84,23.139999,5.4318040000000005,24300
4895,2002-05-23,23.1,23.200001,22.83,23.15,5.434152,12000
4896,2002-05-24,23.200001,23.25,22.620001000000002,22.65,5.316782,13100
4897,2002-05-28,22.65,22.65,22.200001,22.25,5.222889,23800
4898,2002-05-29,22.16,22.209999,21.690001000000002,22.18,5.206457,33600
4899,2002-05-30,22.18,22.24,21.0,21.23,4.983455,24000
4900,2002-05-31,21.200001,21.709999,21.16,21.48,5.042144,21500
4901,2002-06-03,21.35,21.35,20.35,20.75,4.870784,38400
4902,2002-06-04,20.6,21.09,20.459999,20.92,4.9106879999999995,31000
4903,2002-06-05,20.91,21.120001000000002,20.719998999999998,20.799999,4.882518,24400
4904,2002-06-06,20.6,20.74,20.5,20.549999,4.823836,25300
4905,2002-06-07,20.51,20.85,20.48,20.85,4.894259,13200
4906,2002-06-10,21.0,21.23,20.780001000000002,21.02,4.934164,21500
4907,2002-06-11,21.02,21.809998999999998,21.01,21.690001000000002,5.091439,40700
4908,2002-06-12,21.75,22.200001,21.75,22.15,5.199414,33100
4909,2002-06-13,22.09,22.24,22.01,22.030001000000002,5.2027209999999995,18700
4910,2002-06-14,22.049999,22.16,22.0,22.15,5.23106,15000
4911,2002-06-17,22.1,22.120001000000002,22.0,22.02,5.20036,14900
4912,2002-06-18,22.049999,22.15,22.0,22.01,5.198,13000
4913,2002-06-19,22.0,22.110001,21.940001000000002,21.959999,5.18619,14700
4914,2002-06-20,21.969998999999998,22.24,21.879998999999998,21.92,5.1767449999999995,11500
4915,2002-06-21,22.0,22.1,21.799999,21.799999,5.148406,6800
4916,2002-06-24,21.75,22.25,21.719998999999998,22.110001,5.221616,30100
4917,2002-06-25,22.209999,22.43,22.16,22.379998999999998,5.285379,12100
4918,2002-06-26,22.33,22.9,22.309998999999998,22.9,5.408189,16200
4919,2002-06-27,22.799999,23.0,22.700001,22.700001,5.3609480000000005,11800
4920,2002-06-28,22.799999,22.870001000000002,22.73,22.76,5.375122,10100
4921,2002-07-01,22.860001,23.639999,22.85,23.389999,5.523911,21900
4922,2002-07-02,23.450001,23.469998999999998,22.75,22.9,5.408189,12400
4923,2002-07-03,22.959999,23.049999,22.48,22.48,5.308998,25000
4924,2002-07-05,22.450001,22.450001,22.08,22.08,5.214532,5500
4925,2002-07-08,22.18,22.18,21.18,21.440001000000002,5.063379,27200
4926,2002-07-09,21.440001000000002,21.440001000000002,21.059998999999998,21.139999,4.992531,15100
4927,2002-07-10,21.15,21.15,20.700001,20.709999,4.890983,11800
4928,2002-07-11,20.610001,20.610001,19.790001,19.98,4.738487,56000
4929,2002-07-12,20.0,20.139999,19.9,19.9,4.719515,19600
4930,2002-07-15,19.77,19.83,18.959999,19.360001,4.591448000000001,37700
4931,2002-07-16,19.26,19.68,19.0,19.43,4.608048,27000
4932,2002-07-17,19.450001,19.5,18.9,18.98,4.501327,22200
4933,2002-07-18,19.08,19.08,18.549999,18.67,4.427805,32400
4934,2002-07-19,18.75,18.75,17.75,17.799999,4.221475,32800
4935,2002-07-22,17.700001,17.700001,15.9,16.200001,3.8420160000000005,85600
4936,2002-07-23,16.200001,16.4,15.3,15.31,3.6309449999999996,73200
4937,2002-07-24,15.1,16.049999,15.0,16.0,3.7945860000000002,62200
4938,2002-07-25,16.15,17.299999,16.15,17.049999,4.043607,23900
4939,2002-07-26,17.1,18.98,17.1,18.799999,4.458639,39200
4940,2002-07-29,18.950001,19.559998999999998,18.950001,19.200001,4.553501,35500
4941,2002-07-30,19.299999,19.6,19.25,19.41,4.603306,18600
4942,2002-07-31,19.48,19.629998999999998,19.379998999999998,19.620001000000002,4.653111,4800
4943,2002-08-01,19.5,19.5,19.15,19.15,4.541643,11200
4944,2002-08-02,19.200001,19.25,18.5,18.6,4.411204,18600
4945,2002-08-05,18.549999,18.549999,18.35,18.35,4.351918,11800
4946,2002-08-06,18.35,19.700001,18.35,19.52,4.6293940000000005,37000
4947,2002-08-07,19.719998999999998,19.74,19.200001,19.440001000000002,4.610419,37300
4948,2002-08-08,19.540001,20.0,19.540001,19.950001,4.7313730000000005,11100
4949,2002-08-09,20.0,20.889999,20.0,20.790001,4.9305900000000005,24400
4950,2002-08-12,20.85,21.200001,20.83,21.040001,4.989879,31800
4951,2002-08-13,20.98,21.25,20.65,20.65,4.956754,23000
4952,2002-08-14,20.67,20.68,20.51,20.549999,4.9327510000000006,6800
4953,2002-08-15,21.049999,21.049999,20.65,20.690001000000002,4.966355,14600
4954,2002-08-16,20.75,20.940001000000002,20.25,20.440001000000002,4.906347,22500
4955,2002-08-19,20.290001,21.1,20.26,21.1,5.064771,19000
4956,2002-08-20,21.200001,21.42,20.809998999999998,21.4,5.136783,23800
4957,2002-08-21,21.6,21.950001,21.559998999999998,21.85,5.244801,15700
4958,2002-08-22,21.85,22.5,21.85,22.280001000000002,5.348014,27300
4959,2002-08-23,22.26,22.290001,21.639999,21.65,5.19679,17900
4960,2002-08-26,21.709999,21.93,21.66,21.75,5.220794000000001,14800
4961,2002-08-27,21.76,22.0,21.690001000000002,22.0,5.280803,16000
4962,2002-08-28,21.959999,22.200001,21.950001,22.030001000000002,5.2880080000000005,9100
4963,2002-08-29,22.059998999999998,23.0,22.01,22.709999,5.451232,71800
4964,2002-08-30,22.709999,23.0,22.549999,23.0,5.520835,21400
4965,2002-09-03,23.0,23.0,22.6,22.610001,5.427226,24200
4966,2002-09-04,22.76,23.35,22.65,23.299999,5.59285,17700
4967,2002-09-05,23.309998999999998,23.610001,23.299999,23.610001,5.667266000000001,14700
4968,2002-09-06,23.51,24.299999,23.5,24.0,5.760872,35400
4969,2002-09-09,24.1,24.4,23.879998999999998,23.91,5.739274,14000
4970,2002-09-10,24.0,24.209999,23.809998999999998,24.209999,5.811285,23300
4971,2002-09-11,23.959999,24.16,23.940001000000002,24.1,5.7848809999999995,16300
4972,2002-09-12,24.09,24.139999,23.85,23.950001,5.798439,16900
4973,2002-09-13,23.85,24.15,23.76,24.15,5.8468599999999995,13200
4974,2002-09-16,24.129998999999998,24.200001,24.049999,24.110001,5.837177,15700
4975,2002-09-17,24.08,24.15,23.950001,24.059998999999998,5.825067,36400
4976,2002-09-18,24.02,24.23,24.02,24.16,5.8492809999999995,4900
4977,2002-09-19,24.09,24.24,24.09,24.24,5.868652,7900
4978,2002-09-20,24.219998999999998,24.26,24.049999,24.049999,5.822653,12700
4979,2002-09-23,24.15,24.450001,24.030001000000002,24.25,5.871071,20600
4980,2002-09-24,24.26,24.35,24.1,24.309998999999998,5.885597,10900
4981,2002-09-25,24.33,24.43,24.07,24.360001,5.897702,28400
4982,2002-09-26,24.360001,24.440001000000002,24.120001000000002,24.290001,5.880751999999999,11600
4983,2002-09-27,24.35,24.530001000000002,24.309998999999998,24.370001000000002,5.9001220000000005,15600
4984,2002-09-30,24.540001,25.049999,24.33,25.049999,6.064758,35300
4985,2002-10-01,25.1,25.25,25.049999,25.129998999999998,6.084125,26800
4986,2002-10-02,25.120001000000002,25.4,25.1,25.15,6.088966,14300
4987,2002-10-03,25.18,25.18,23.42,23.51,5.691911,54300
4988,2002-10-04,22.1,22.35,21.5,22.33,5.4062269999999994,97200
4989,2002-10-07,22.299999,22.549999,22.25,22.290001,5.3965440000000005,12600
4990,2002-10-08,22.25,22.299999,21.709999,21.799999,5.2779110000000005,28200
4991,2002-10-09,21.950001,21.950001,21.610001,21.719998999999998,5.258541,15500
4992,2002-10-10,21.700001,22.299999,21.629998999999998,22.09,5.375344,22900
4993,2002-10-11,22.15,22.15,21.950001,22.0,5.353445,14200
4994,2002-10-14,22.02,22.35,21.98,22.299999,5.426444,9900
4995,2002-10-15,22.4,22.799999,22.4,22.66,5.514048000000001,13800
4996,2002-10-16,22.68,22.68,22.16,22.200001,5.402108,15400
4997,2002-10-17,22.32,22.75,22.299999,22.75,5.535949,10400
4998,2002-10-18,22.879998999999998,22.889999,22.639999,22.65,5.511614,17200
4999,2002-10-21,22.57,22.9,22.57,22.59,5.497015,17600
5000,2002-10-22,22.610001,22.690001000000002,22.58,22.6,5.49945,6800
5001,2002-10-23,22.58,22.719998999999998,22.58,22.59,5.497015,12300
5002,2002-10-24,22.65,22.700001,22.57,22.57,5.492147,13500
5003,2002-10-25,22.610001,22.610001,22.299999,22.360001,5.441046,15200
5004,2002-10-28,22.51,22.629998999999998,22.299999,22.35,5.438613,13400
5005,2002-10-29,22.450001,22.5,22.4,22.459999,5.465379,3300
5006,2002-10-30,22.559998999999998,22.74,22.49,22.49,5.472682,11200
5007,2002-10-31,22.549999,22.950001,22.549999,22.950001,5.584613,13200
5008,2002-11-01,22.9,22.9,22.75,22.799999,5.548115,11000
5009,2002-11-04,22.950001,23.219998999999998,22.92,22.99,5.59435,8700
5010,2002-11-05,23.02,23.09,22.9,23.049999,5.60895,8800
5011,2002-11-06,22.98,22.98,22.4,22.51,5.477543,8800
5012,2002-11-07,22.52,22.879998999999998,22.51,22.879998999999998,5.56758,12800
5013,2002-11-08,22.92,23.35,22.85,23.35,5.681948,4900
5014,2002-11-11,23.4,23.450001,23.35,23.35,5.681948,4500
5015,2002-11-12,23.450001,23.49,23.389999,23.49,5.716016000000001,3000
5016,2002-11-13,23.34,23.49,23.34,23.49,5.755465,2200
5017,2002-11-14,23.5,23.75,23.450001,23.700001,5.806919000000001,7700
5018,2002-11-15,23.74,23.85,23.73,23.799999,5.83142,6000
5019,2002-11-18,23.92,24.049999,23.700001,24.049999,5.8926739999999995,10100
5020,2002-11-19,23.950001,23.99,23.799999,23.879998999999998,5.8510230000000005,10100
5021,2002-11-20,23.860001,23.950001,23.75,23.84,5.841219000000001,5500
5022,2002-11-21,23.85,23.85,23.379998999999998,23.4,5.733416,14000
5023,2002-11-22,23.32,23.700001,23.27,23.66,5.79712,7400
5024,2002-11-25,23.68,23.780001000000002,23.629998999999998,23.639999,5.792223,3800
5025,2002-11-26,23.57,23.799999,23.549999,23.799999,5.83142,4600
5026,2002-11-27,23.9,23.9,23.700001,23.780001000000002,5.826527,14500
5027,2002-11-29,23.85,23.860001,23.73,23.73,5.814271,3500
5028,2002-12-02,23.74,23.870001000000002,23.67,23.870001000000002,5.848574,9700
5029,2002-12-03,23.879998999999998,24.0,23.879998999999998,23.969998999999998,5.873075,3300
5030,2002-12-04,23.9,23.959999,23.700001,23.9,5.8559209999999995,6400
5031,2002-12-05,23.950001,23.950001,23.549999,23.610001,5.784872,18800
5032,2002-12-06,23.68,23.690001000000002,23.65,23.65,5.794667,2800
5033,2002-12-09,23.68,23.700001,23.559998999999998,23.700001,5.806919000000001,12600
5034,2002-12-10,23.9,24.059998999999998,23.860001,24.059998999999998,5.895124,10900
5035,2002-12-11,24.049999,24.450001,24.049999,24.200001,5.929428,11400
5036,2002-12-12,24.139999,24.52,24.01,24.139999,5.939025,23500
5037,2002-12-13,24.219998999999998,24.700001,24.209999,24.639999,6.062036,16700
5038,2002-12-16,24.6,24.6,24.299999,24.379998999999998,5.9980709999999995,10700
5039,2002-12-17,24.299999,24.42,24.209999,24.35,5.990691,29000
5040,2002-12-18,24.25,24.469998999999998,24.049999,24.1,5.929182,14800
5041,2002-12-19,24.200001,24.200001,24.02,24.08,5.924264,14400
5042,2002-12-20,24.030001000000002,24.450001,24.02,24.379998999999998,5.9980709999999995,15700
5043,2002-12-23,24.35,24.389999,24.200001,24.280001000000002,5.973466999999999,11400
5044,2002-12-24,24.25,24.48,24.25,24.35,5.990691,8000
5045,2002-12-26,24.450001,24.450001,24.0,24.0,5.90458,10600
5046,2002-12-27,23.93,24.040001,23.91,23.950001,5.892284,19100
5047,2002-12-30,24.0,24.049999,23.68,23.780001000000002,5.850453,21700
5048,2002-12-31,23.68,23.74,23.5,23.66,5.820933,15000
5049,2003-01-02,23.719998999999998,23.73,23.48,23.48,5.7766470000000005,24400
5050,2003-01-03,23.5,23.879998999999998,23.5,23.59,5.803714,21400
5051,2003-01-06,23.59,23.83,23.49,23.67,5.823393,37800
5052,2003-01-07,23.450001,23.67,23.370001000000002,23.5,5.781569,24200
5053,2003-01-08,23.4,23.59,23.379998999999998,23.4,5.756966,8000
5054,2003-01-09,23.48,23.5,23.25,23.4,5.756966,14700
5055,2003-01-10,23.4,23.74,23.4,23.59,5.803714,18600
5056,2003-01-13,23.33,23.700001,23.299999,23.700001,5.873851999999999,18700
5057,2003-01-14,23.68,23.68,23.25,23.35,5.7871,12000
5058,2003-01-15,23.4,23.639999,23.309998999999998,23.58,5.844111,14100
5059,2003-01-16,23.49,23.6,23.370001000000002,23.540001,5.834193,26400
5060,2003-01-17,23.549999,23.709999,23.52,23.68,5.868892,26900
5061,2003-01-21,23.6,23.99,23.559998999999998,23.83,5.906066,13200
5062,2003-01-22,23.93,24.0,23.75,23.959999,5.938288,15300
5063,2003-01-23,23.98,23.98,23.809998999999998,23.82,5.9035910000000005,12900
5064,2003-01-24,23.799999,23.99,23.799999,23.85,5.911025,11200
5065,2003-01-27,23.75,23.75,23.280001000000002,23.299999,5.774712999999999,11600
5066,2003-01-28,23.370001000000002,23.389999,23.1,23.120001000000002,5.730099,29200
5067,2003-01-29,23.120001000000002,23.17,23.040001,23.120001000000002,5.730099,11500
5068,2003-01-30,23.129998999999998,23.16,23.0,23.059998999999998,5.715228,8200
5069,2003-01-31,23.049999,23.16,23.01,23.16,5.7400139999999995,10900
5070,2003-02-03,23.16,23.16,23.0,23.059998999999998,5.715228,9700
5071,2003-02-04,23.040001,23.200001,23.040001,23.18,5.744974,5100
5072,2003-02-05,23.23,23.280001000000002,22.66,22.719998999999998,5.630965,27000
5073,2003-02-06,22.75,22.870001000000002,22.549999,22.59,5.598746,16100
5074,2003-02-07,22.6,22.610001,22.360001,22.450001,5.5640480000000005,14500
5075,2003-02-10,22.35,22.41,22.309998999999998,22.41,5.5541339999999995,9700
5076,2003-02-11,22.41,22.91,22.41,22.91,5.678056,11900
5077,2003-02-12,23.0,23.1,22.959999,23.0,5.7003580000000005,10800
5078,2003-02-13,22.93,23.27,22.93,23.200001,5.791222,18300
5079,2003-02-14,23.049999,23.200001,22.969998999999998,23.1,5.7662629999999995,15000
5080,2003-02-18,23.1,23.209999,22.92,23.0,5.741294,15600
5081,2003-02-19,22.98,23.049999,22.98,23.0,5.741294,10800
5082,2003-02-20,22.75,22.860001,22.59,22.799999,5.691372,16200
5083,2003-02-21,22.74,22.99,22.6,22.9,5.716339,9700
5084,2003-02-24,23.02,24.370001000000002,23.02,24.15,6.028363,46200
5085,2003-02-25,24.25,24.75,24.200001,24.23,6.048331,45200
5086,2003-02-26,24.129998999999998,24.4,24.049999,24.16,6.030857,26400
5087,2003-02-27,24.200001,24.389999,23.9,23.950001,5.978441,19900
5088,2003-02-28,23.99,24.0,23.549999,23.620001000000002,5.896064,20200
5089,2003-03-03,23.74,23.82,23.200001,23.379998999999998,5.8361529999999995,23500
5090,2003-03-04,23.25,24.110001,23.25,23.9,5.965955999999999,28200
5091,2003-03-05,24.049999,24.049999,23.120001000000002,23.129998999999998,5.773749,50700
5092,2003-03-06,23.200001,23.35,23.200001,23.299999,5.816187,6400
5093,2003-03-07,23.35,23.360001,23.01,23.01,5.743793,23900
5094,2003-03-10,23.1,23.16,22.66,22.75,5.678895,11600
5095,2003-03-11,22.799999,22.84,22.59,22.59,5.638955999999999,7900
5096,2003-03-12,22.5,22.5,21.6,21.67,5.4093,37100
5097,2003-03-13,21.620001000000002,21.620001000000002,20.129998999999998,20.280001000000002,5.090045,65700
5098,2003-03-14,20.35,21.09,19.58,20.780001000000002,5.215538,77000
5099,2003-03-17,21.18,21.6,21.07,21.07,5.288322,30600
5100,2003-03-18,20.92,20.99,20.110001,20.200001,5.0699629999999996,32000
5101,2003-03-19,20.15,20.35,20.1,20.35,5.107615,18700
5102,2003-03-20,20.450001,20.790001,20.299999,20.440001000000002,5.130202,12900
5103,2003-03-21,20.42,20.440001000000002,20.08,20.17,5.062435,13800
5104,2003-03-24,20.129998999999998,20.440001000000002,20.129998999999998,20.290001,5.092553,13300
5105,2003-03-25,19.790001,20.48,19.790001,20.41,5.122669999999999,20700
5106,2003-03-26,20.51,20.51,20.280001000000002,20.32,5.100082,6100
5107,2003-03-27,20.32,20.32,20.27,20.299999,5.095061,7000
5108,2003-03-28,20.309998999999998,20.799999,20.26,20.799999,5.220556,27700
5109,2003-03-31,20.9,21.120001000000002,20.9,21.049999,5.283304,8300
5110,2003-04-01,21.1,21.49,21.09,21.379998999999998,5.3661330000000005,9000
5111,2003-04-02,21.48,21.48,21.17,21.17,5.313427,6600
5112,2003-04-03,20.92,21.219998999999998,20.52,21.1,5.295853,26200
5113,2003-04-04,21.190001000000002,21.6,21.120001000000002,21.389999,5.368644000000001,10600
5114,2003-04-07,21.639999,21.9,21.5,21.51,5.398758,25400
5115,2003-04-08,21.4,21.5,21.360001,21.440001000000002,5.38119,8000
5116,2003-04-09,21.49,22.049999,21.49,21.99,5.5192309999999996,12400
5117,2003-04-10,22.0,22.309998999999998,21.99,22.280001000000002,5.5920190000000005,12200
5118,2003-04-11,22.08,22.25,22.0,22.120001000000002,5.613846,6600
5119,2003-04-14,21.870001000000002,22.1,21.870001000000002,22.07,5.601156,6500
5120,2003-04-15,22.02,22.1,22.01,22.1,5.608772,10200
5121,2003-04-16,22.049999,22.120001000000002,22.02,22.09,5.6062330000000005,12300
5122,2003-04-17,22.040001,22.389999,22.040001,22.1,5.608772,12200
5123,2003-04-21,22.23,22.35,22.219998999999998,22.299999,5.659528,9800
5124,2003-04-22,22.360001,22.52,22.32,22.459999,5.700132,10400
5125,2003-04-23,22.309998999999998,22.459999,22.15,22.459999,5.700132,10100
5126,2003-04-24,22.48,22.48,22.049999,22.200001,5.634149,10800
5127,2003-04-25,22.290001,22.58,22.290001,22.360001,5.674755,18900
5128,2003-04-28,22.360001,22.360001,22.209999,22.299999,5.659528,6700
5129,2003-04-29,22.219998999999998,22.450001,22.16,22.35,5.672219,9000
5130,2003-04-30,22.42,22.65,22.389999,22.549999,5.722976,7100
5131,2003-05-01,22.51,22.799999,22.5,22.780001000000002,5.781351,7300
5132,2003-05-02,22.780001000000002,23.09,22.700001,22.9,5.811808,19300
5133,2003-05-05,23.0,23.370001000000002,22.93,23.370001000000002,5.931081,38300
5134,2003-05-06,23.25,23.6,23.209999,23.559998999999998,5.979307,20400
5135,2003-05-07,23.52,23.57,23.42,23.559998999999998,5.979307,25100
5136,2003-05-08,23.629998999999998,23.74,23.5,23.610001,5.991993,13700
5137,2003-05-09,23.700001,23.93,23.65,23.799999,6.040218,11700
5138,2003-05-12,23.9,24.450001,23.9,24.41,6.195027,18900
5139,2003-05-13,24.120001000000002,24.120001000000002,23.860001,24.01,6.161667,12700
5140,2003-05-14,24.08,24.42,24.0,24.25,6.223256,10000
5141,2003-05-15,24.299999,24.299999,24.0,24.07,6.177066,17300
5142,2003-05-16,23.719998999999998,24.08,23.719998999999998,23.969998999999998,6.151402,22100
5143,2003-05-19,23.950001,24.360001,23.950001,24.360001,6.251484,15700
5144,2003-05-20,24.309998999999998,24.530001000000002,24.309998999999998,24.530001000000002,6.295114,10100
5145,2003-05-21,24.51,24.6,24.41,24.6,6.313076000000001,13300
5146,2003-05-22,24.65,24.85,24.5,24.65,6.325908999999999,18800
5147,2003-05-23,24.75,24.889999,24.549999,24.879998999999998,6.3849290000000005,15400
5148,2003-05-27,24.889999,25.08,24.889999,24.99,6.413158999999999,22300
5149,2003-05-28,25.0,25.17,25.0,25.08,6.4362580000000005,12200
5150,2003-05-29,25.0,25.25,25.0,25.1,6.4413860000000005,15900
5151,2003-05-30,25.200001,25.49,25.200001,25.450001,6.53121,20700
5152,2003-06-02,25.450001,25.940001000000002,25.450001,25.92,6.65183,22200
5153,2003-06-03,25.940001000000002,25.940001000000002,24.85,25.549999,6.556871000000001,33500
5154,2003-06-04,25.52,25.950001,25.52,25.950001,6.659521000000001,22300
5155,2003-06-05,25.969998999999998,26.18,25.950001,26.09,6.695450999999999,27300
5156,2003-06-06,26.27,26.549999,26.219998999999998,26.299999,6.749351,30100
5157,2003-06-09,26.51,26.700001,26.379998999999998,26.57,6.818636,27400
5158,2003-06-10,26.6,26.959999,26.6,26.959999,6.918721000000001,21200
5159,2003-06-11,27.0,27.799999,26.940001000000002,27.799999,7.134287,55300
5160,2003-06-12,27.709999,27.75,27.5,27.620001000000002,7.163079,44400
5161,2003-06-13,27.68,27.68,26.85,26.959999,6.991906,32600
5162,2003-06-16,26.99,27.0,26.26,26.6,6.898550999999999,24800
5163,2003-06-17,26.42,26.549999,25.82,26.02,6.748127,29800
5164,2003-06-18,25.98,26.0,25.690001000000002,25.85,6.704039,23000
5165,2003-06-19,25.85,25.85,25.549999,25.700001,6.665135,25900
5166,2003-06-20,25.75,26.1,25.629998999999998,26.02,6.748127,12800
5167,2003-06-23,26.120001000000002,26.4,26.120001000000002,26.389999,6.844082000000001,14500
5168,2003-06-24,26.450001,27.299999,26.450001,27.07,7.020439,20800
5169,2003-06-25,27.1,27.1,26.85,26.93,6.984132000000001,17900
5170,2003-06-26,27.0,27.0,26.549999,26.6,6.898550999999999,15100
5171,2003-06-27,26.5,26.5,26.299999,26.360001,6.836308,15000
5172,2003-06-30,26.5,26.74,26.42,26.68,6.9192990000000005,15300
5173,2003-07-01,26.75,27.1,26.75,27.01,7.00488,22400
5174,2003-07-02,27.049999,27.299999,27.0,27.25,7.067121,32600
5175,2003-07-03,27.299999,27.299999,26.809998999999998,26.950001,6.989319,24800
5176,2003-07-07,26.959999,27.07,26.799999,26.98,6.997099,36500
5177,2003-07-08,26.959999,27.299999,26.959999,27.209999,7.056742999999999,21900
5178,2003-07-09,27.309998999999998,27.48,27.200001,27.48,7.126771000000001,8000
5179,2003-07-10,27.58,27.690001000000002,27.120001000000002,27.15,7.041183999999999,52500
5180,2003-07-11,27.1,27.23,27.049999,27.059998999999998,7.070708,19500
5181,2003-07-14,27.07,27.290001,27.07,27.26,7.122967999999999,9500
5182,2003-07-15,27.26,27.26,26.860001,26.870001000000002,7.02107,22800
5183,2003-07-16,26.77,26.77,25.6,25.77,6.733639,33900
5184,2003-07-17,25.74,25.950001,25.74,25.950001,6.780671000000001,7800
5185,2003-07-18,25.940001000000002,25.940001000000002,25.77,25.92,6.772831,10600
5186,2003-07-21,25.950001,26.459999,25.870001000000002,26.299999,6.872128,11100
5187,2003-07-22,26.35,26.49,26.24,26.41,6.900867999999999,8000
5188,2003-07-23,26.450001,26.6,25.48,25.65,6.702278999999999,38300
5189,2003-07-24,25.700001,25.91,25.700001,25.780001000000002,6.736255,13500
5190,2003-07-25,25.700001,25.83,25.700001,25.83,6.749308999999999,3400
5191,2003-07-28,25.780001000000002,25.99,25.780001000000002,25.959999,6.78328,6700
5192,2003-07-29,26.0,26.290001,26.0,26.209999,6.848609,6300
5193,2003-07-30,26.209999,26.389999,26.209999,26.379998999999998,6.893028999999999,6300
5194,2003-07-31,26.389999,26.4,26.01,26.040001,6.804189,9100
5195,2003-08-01,25.969998999999998,26.299999,25.969998999999998,26.200001,6.845998,8700
5196,2003-08-04,26.209999,26.440001000000002,26.200001,26.370001000000002,6.890414,9700
5197,2003-08-05,26.389999,26.68,26.389999,26.68,6.971419,16900
5198,2003-08-06,26.68,26.950001,26.65,26.83,7.010613,17000
5199,2003-08-07,26.9,27.290001,26.889999,27.290001,7.130808,12000
5200,2003-08-08,27.35,27.700001,27.35,27.559998999999998,7.201357000000001,13800
5201,2003-08-11,27.549999,27.780001000000002,27.48,27.690001000000002,7.235328,37000
5202,2003-08-12,27.68,27.85,27.6,27.809998999999998,7.2666830000000004,18900
5203,2003-08-13,27.450001,27.530001000000002,27.209999,27.32,7.209946,7600
5204,2003-08-14,27.219998999999998,27.370001000000002,27.120001000000002,27.15,7.165082000000001,11100
5205,2003-08-15,27.25,27.549999,27.25,27.549999,7.2706479999999996,7400
5206,2003-08-18,27.549999,27.65,27.049999,27.16,7.167717999999999,13700
5207,2003-08-19,27.26,27.48,27.110001,27.440001000000002,7.241614,4500
5208,2003-08-20,27.379998999999998,27.700001,27.360001,27.610001,7.286481,15000
5209,2003-08-21,27.559998999999998,27.559998999999998,27.4,27.559998999999998,7.273281,5200
5210,2003-08-22,27.629998999999998,27.629998999999998,27.41,27.59,7.281204,11100
5211,2003-08-25,27.5,27.690001000000002,27.43,27.629998999999998,7.2917559999999995,6300
5212,2003-08-26,27.700001,27.879998999999998,27.700001,27.82,7.3419039999999995,5700
5213,2003-08-27,27.799999,27.950001,27.700001,27.85,7.349819,6500
5214,2003-08-28,27.889999,27.969998999999998,27.450001,27.75,7.323422,17300
5215,2003-08-29,27.74,27.780001000000002,27.709999,27.709999,7.312873,6900
5216,2003-09-02,27.809998999999998,27.959999,27.68,27.73,7.318148,14900
5217,2003-09-03,27.780001000000002,27.92,27.66,27.85,7.349819,19800
5218,2003-09-04,27.9,27.9,27.75,27.84,7.3471720000000005,12000
5219,2003-09-05,27.74,27.889999,27.639999,27.889999,7.360374,13700
5220,2003-09-08,27.950001,27.969998999999998,27.92,27.969998999999998,7.381483,11900
5221,2003-09-09,27.969998999999998,28.02,27.950001,28.02,7.394676,13800
5222,2003-09-10,28.040001,28.049999,28.02,28.049999,7.402601,15800
5223,2003-09-11,27.77,28.17,27.75,28.17,7.492767,18500
5224,2003-09-12,28.25,28.25,27.9,27.9,7.420946000000001,20300
5225,2003-09-15,27.68,27.9,27.549999,27.780001000000002,7.38903,12800
5226,2003-09-16,27.83,27.9,27.57,27.75,7.381048,6400
5227,2003-09-17,27.799999,27.799999,27.549999,27.639999,7.351795,17800
5228,2003-09-18,27.639999,27.68,27.25,27.25,7.248061999999999,14000
5229,2003-09-19,27.25,27.450001,27.25,27.32,7.2666830000000004,16300
5230,2003-09-22,27.049999,27.24,27.02,27.18,7.229439,10200
5231,2003-09-23,27.23,27.299999,27.1,27.280001000000002,7.256039,5900
5232,2003-09-24,27.290001,27.43,27.290001,27.41,7.290616,17400
5233,2003-09-25,27.4,27.6,27.389999,27.6,7.3411550000000005,6600
5234,2003-09-26,27.68,27.719998999999998,27.6,27.66,7.357111,17800
5235,2003-09-29,27.73,28.0,27.610001,27.889999,7.418291,6600
5236,2003-09-30,27.940001000000002,28.08,27.9,28.0,7.447547,19900
5237,2003-10-01,28.08,28.25,28.08,28.190001000000002,7.4980839999999995,10300
5238,2003-10-02,28.23,28.27,28.07,28.1,7.474149000000001,27500
5239,2003-10-03,28.200001,28.200001,27.610001,27.610001,7.343812,27700
5240,2003-10-06,27.65,27.92,27.65,27.700001,7.3677529999999996,14600
5241,2003-10-07,27.75,27.799999,27.709999,27.709999,7.370419,22800
5242,2003-10-08,27.74,27.799999,27.74,27.790001,7.391692,18100
5243,2003-10-09,27.77,27.799999,27.77,27.799999,7.394357,8200
5244,2003-10-10,27.65,27.91,27.65,27.9,7.470119,9900
5245,2003-10-13,27.700001,28.0,27.639999,28.0,7.4968960000000004,16200
5246,2003-10-14,28.049999,28.049999,27.85,27.860001,7.459414999999999,8800
5247,2003-10-15,27.959999,28.1,27.6,27.65,7.4031899999999995,14600
5248,2003-10-16,27.700001,28.0,27.68,27.98,7.49154,6200
5249,2003-10-17,28.049999,28.049999,27.66,27.68,7.411221,14600
5250,2003-10-20,27.780001000000002,27.82,27.68,27.68,7.411221,2600
5251,2003-10-21,27.75,27.82,27.65,27.65,7.4031899999999995,9100
5252,2003-10-22,27.66,27.9,27.66,27.9,7.470119,9000
5253,2003-10-23,27.98,27.98,27.68,27.780001000000002,7.437993,6900
5254,2003-10-24,27.83,27.860001,27.48,27.48,7.357667,6600
5255,2003-10-27,27.5,27.59,26.9,27.0,7.229153,28900
5256,2003-10-28,27.0,27.0,26.299999,26.540001,7.105992,18900
5257,2003-10-29,26.5,26.59,26.440001000000002,26.530001000000002,7.103311,9600
5258,2003-10-30,26.530001000000002,26.530001000000002,26.120001000000002,26.24,7.025664999999999,22600
5259,2003-10-31,26.26,26.549999,26.200001,26.51,7.097954,12800
5260,2003-11-03,26.309998999999998,26.42,26.16,26.26,7.0310179999999995,12200
5261,2003-11-04,26.059998999999998,26.389999,25.809998999999998,26.32,7.047086,26400
5262,2003-11-05,26.42,26.9,26.379998999999998,26.9,7.202379,23900
5263,2003-11-06,27.049999,27.120001000000002,26.82,26.969998999999998,7.22112,38400
5264,2003-11-07,27.049999,27.110001,26.82,26.91,7.205054,27700
5265,2003-11-10,27.0,27.32,26.9,27.1,7.255926,27000
5266,2003-11-11,27.200001,27.219998999999998,27.08,27.15,7.269311,15800
5267,2003-11-12,27.25,27.299999,27.0,27.299999,7.309477,32900
5268,2003-11-13,27.15,27.219998999999998,26.9,27.200001,7.346210000000001,21700
5269,2003-11-14,27.27,27.309998999999998,27.049999,27.200001,7.346210000000001,27300
5270,2003-11-17,27.25,27.25,26.83,27.030001000000002,7.300292,17400
5271,2003-11-18,27.129998999999998,27.219998999999998,27.1,27.15,7.332706,17700
5272,2003-11-19,27.25,27.35,27.17,27.200001,7.346210000000001,32500
5273,2003-11-20,27.209999,27.52,27.209999,27.24,7.357011999999999,13000
5274,2003-11-21,27.34,27.360001,27.26,27.360001,7.389425,8100
5275,2003-11-24,27.299999,27.950001,27.139999,27.950001,7.548769999999999,29100
5276,2003-11-25,27.950001,27.99,27.9,27.91,7.537967,11700
5277,2003-11-26,27.940001000000002,28.0,27.860001,27.9,7.5352630000000005,10500
5278,2003-11-28,28.0,28.1,27.879998999999998,27.879998999999998,7.529862,12700
5279,2003-12-01,27.9,28.17,27.9,28.17,7.608188,14100
5280,2003-12-02,28.200001,28.719998999999998,28.17,28.719998999999998,7.756727000000001,16300
5281,2003-12-03,28.92,29.299999,28.25,28.389999,7.667603999999999,47100
5282,2003-12-04,28.389999,28.389999,28.02,28.25,7.62979,22400
5283,2003-12-05,28.35,28.4,28.18,28.25,7.62979,12200
5284,2003-12-08,28.280001000000002,28.700001,28.25,28.700001,7.751334,18400
5285,2003-12-09,28.65,29.200001,28.65,29.200001,7.886364,10700
5286,2003-12-10,29.299999,29.4,29.18,29.4,7.9403820000000005,20400
5287,2003-12-11,29.18,29.18,28.9,28.9,7.844296000000001,11700
5288,2003-12-12,28.9,29.139999,28.9,28.92,7.849730999999999,11300
5289,2003-12-15,28.92,29.18,28.9,29.0,7.871453,13400
5290,2003-12-16,28.85,28.870001000000002,28.43,28.530001000000002,7.743873,11800
5291,2003-12-17,28.530001000000002,28.559998999999998,28.27,28.549999,7.749298,7100
5292,2003-12-18,28.559998999999998,28.57,28.4,28.549999,7.749298,8600
5293,2003-12-19,28.450001,28.6,28.35,28.49,7.733016,9600
5294,2003-12-22,28.549999,28.6,28.35,28.6,7.7628699999999995,7300
5295,2003-12-23,28.620001000000002,28.91,28.57,28.91,7.8470130000000005,5100
5296,2003-12-24,28.75,28.969998999999998,28.67,28.969998999999998,7.863295,5400
5297,2003-12-26,28.9,28.940001000000002,28.799999,28.82,7.82258,3200
5298,2003-12-29,28.92,29.08,28.9,29.02,7.876874000000001,8900
5299,2003-12-30,29.139999,29.139999,29.0,29.040001,7.8823039999999995,8400
5300,2003-12-31,29.18,29.27,29.0,29.01,7.874161,14200
5301,2004-01-02,29.15,29.15,28.639999,28.700001,7.790019999999999,8000
5302,2004-01-05,28.620001000000002,29.34,28.5,29.34,7.96373,32300
5303,2004-01-06,29.35,29.799999,29.35,29.76,8.077733,30100
5304,2004-01-07,29.950001,29.950001,29.790001,29.85,8.102152,17900
5305,2004-01-08,29.879998999999998,30.030001000000002,29.85,29.950001,8.1293,15200
5306,2004-01-09,28.75,30.299999,28.75,30.09,8.167292999999999,39700
5307,2004-01-12,30.190001000000002,31.02,30.120001000000002,31.02,8.419734,40800
5308,2004-01-13,31.02,31.040001,30.25,30.450001,8.328108,27300
5309,2004-01-14,30.450001,30.450001,30.200001,30.280001000000002,8.281616,16100
5310,2004-01-15,30.35,30.75,30.26,30.290001,8.284352,17400
5311,2004-01-16,30.35,30.65,30.26,30.389999,8.311693,17000
5312,2004-01-20,30.42,30.440001000000002,30.040001,30.299999,8.287086,13100
5313,2004-01-21,30.280001000000002,30.35,30.15,30.35,8.300756,10500
5314,2004-01-22,30.469998999999998,31.0,30.4,30.99,8.475796,13300
5315,2004-01-23,31.0,31.299999,31.0,31.1,8.505884,16600
5316,2004-01-26,31.219998999999998,31.32,31.049999,31.16,8.522289,19900
5317,2004-01-27,31.059998999999998,31.299999,31.030001000000002,31.18,8.527764,19000
5318,2004-01-28,31.299999,31.450001,31.120001000000002,31.200001,8.533233000000001,9700
5319,2004-01-29,31.129998999999998,31.129998999999998,29.5,29.700001,8.122987,37300
5320,2004-01-30,29.799999,29.85,29.5,29.76,8.139389,18000
5321,2004-02-02,29.860001,30.200001,29.66,30.139999,8.243326,22100
5322,2004-02-03,30.25,30.57,30.25,30.42,8.319899000000001,18500
5323,2004-02-04,30.02,30.040001,29.549999,29.6,8.09563,31100
5324,2004-02-05,29.6,29.68,28.059998999999998,28.219998999999998,7.718202000000001,50900
5325,2004-02-06,27.620001000000002,27.65,26.4,27.450001,7.507599000000001,78600
5326,2004-02-09,27.5,28.0,27.5,27.969998999999998,7.649822,30600
5327,2004-02-10,28.120001000000002,28.4,27.76,28.299999,7.740075999999999,30900
5328,2004-02-11,28.450001,29.08,28.440001000000002,29.01,7.934261,34800
5329,2004-02-12,28.940001000000002,29.15,28.940001000000002,29.139999,8.019586,8500
5330,2004-02-13,29.17,29.280001000000002,29.059998999999998,29.26,8.052607,7200
5331,2004-02-17,29.26,29.9,29.26,29.9,8.228742,11700
5332,2004-02-18,29.549999,29.889999,29.549999,29.6,8.146177999999999,9600
5333,2004-02-19,29.75,29.9,29.4,29.450001,8.104896,10900
5334,2004-02-20,29.540001,29.879998999999998,29.280001000000002,29.42,8.096641,8600
5335,2004-02-23,29.57,29.629998999999998,29.209999,29.389999,8.088385,11000
5336,2004-02-24,29.299999,29.450001,29.030001000000002,29.42,8.096641,21300
5337,2004-02-25,29.5,29.629998999999998,29.450001,29.59,8.143424000000001,6200
5338,2004-02-26,29.74,29.940001000000002,29.74,29.9,8.228742,6700
5339,2004-02-27,29.950001,29.950001,29.65,29.780001000000002,8.195712,10100
5340,2004-03-01,29.98,30.700001,29.91,30.700001,8.448905,20400
5341,2004-03-02,30.9,30.9,30.5,30.58,8.41588,13800
5342,2004-03-03,30.58,30.99,30.58,30.83,8.484681,7800
5343,2004-03-04,30.950001,30.950001,29.93,30.299999,8.338826,20400
5344,2004-03-05,30.5,30.92,30.450001,30.610001,8.424141,11100
5345,2004-03-08,30.51,31.58,30.51,31.370001000000002,8.633298,17800
5346,2004-03-09,31.33,31.450001,31.25,31.26,8.603027,11100
5347,2004-03-10,31.16,31.4,30.84,31.15,8.572752000000001,16600
5348,2004-03-11,31.0,31.0,30.35,30.719998999999998,8.506293,15700
5349,2004-03-12,30.719998999999998,31.35,30.6,31.200001,8.639205,16000
5350,2004-03-15,31.299999,31.620001000000002,31.209999,31.620001000000002,8.755503,11500
5351,2004-03-16,31.57,32.0,31.200001,31.450001,8.708428999999999,26000
5352,2004-03-17,31.57,31.690001000000002,31.41,31.620001000000002,8.755503,10000
5353,2004-03-18,31.620001000000002,32.099998,31.620001000000002,31.860001,8.821959,8600
5354,2004-03-19,32.060001,32.259997999999996,31.91,32.240002000000004,8.927176,12100
5355,2004-03-22,32.290001000000004,32.400002,32.0,32.049999,8.874566,14400
5356,2004-03-23,32.200001,32.299999,32.0,32.16,8.905024000000001,8300
5357,2004-03-24,32.189999,32.189999,31.459999,31.459999,8.7112,10400
5358,2004-03-25,31.559998999999998,31.559998999999998,31.0,31.01,8.586598,19500
5359,2004-03-26,31.0,31.1,30.09,30.18,8.356773,23600
5360,2004-03-29,30.700001,31.469998999999998,30.700001,31.200001,8.639205,17100
5361,2004-03-30,31.450001,32.43,31.450001,32.419998,8.97702,29100
5362,2004-03-31,32.5,32.75,32.349998,32.52,9.004711,22400
5363,2004-04-01,32.5,32.5,32.0,32.049999,8.874566,11300
5364,2004-04-02,32.299999,32.299999,31.860001,32.290001000000004,8.94103,8600
5365,2004-04-05,32.400002,33.34,32.16,33.150002,9.179160000000001,48200
5366,2004-04-06,33.0,33.950001,33.0,33.849998,9.37299,25400
5367,2004-04-07,33.98,33.98,33.700001,33.810001,9.361902,25400
5368,2004-04-08,34.009997999999996,34.889998999999996,34.009997999999996,34.889998999999996,9.660958,13000
5369,2004-04-12,35.389998999999996,36.419998,35.23,36.25,10.037541000000001,42700
5370,2004-04-13,35.599998,35.599998,34.0,34.09,9.508695,34900
5371,2004-04-14,33.880001,33.880001,32.41,32.599998,9.093082,25200
5372,2004-04-15,32.400002,32.400002,32.060001,32.139998999999996,8.964777999999999,29600
5373,2004-04-16,32.200001,32.439999,32.060001,32.25,8.995462,39500
5374,2004-04-19,32.099998,32.349998,32.099998,32.330002,9.017775,17400
5375,2004-04-20,31.9,32.330002,31.74,32.09,8.950832,35300
5376,2004-04-21,32.0,32.27,31.85,32.200001,8.981514,8600
5377,2004-04-22,32.32,32.349998,32.119999,32.259997999999996,8.998251,17400
5378,2004-04-23,32.259997999999996,32.43,32.0,32.080002,8.948045,18700
5379,2004-04-26,32.099998,33.299999,32.099998,32.549999,9.079136,18100
5380,2004-04-27,33.049999,33.77,33.049999,33.200001,9.260442,21500
5381,2004-04-28,33.200001,33.880001,33.110001000000004,33.32,9.293917,10800
5382,2004-04-29,33.119999,33.380001,32.130001,32.200001,8.981514,24400
5383,2004-04-30,32.400002,32.470001,30.42,31.16,8.691422,50900
5384,2004-05-03,31.059998999999998,31.23,30.200001,30.85,8.60496,39800
5385,2004-05-04,30.950001,32.049999,30.950001,31.950001,8.911781,23100
5386,2004-05-05,32.150002,32.48,31.85,32.150002,8.967569000000001,29100
5387,2004-05-06,32.0,32.560001,32.0,32.560001,9.081927,24300
5388,2004-05-07,32.419998,32.970001,32.279999,32.279999,9.003825,15900
5389,2004-05-10,32.189999,32.450001,31.18,31.200001,8.702583,24800
5390,2004-05-11,31.26,32.0,31.26,31.91,8.900623,12900
5391,2004-05-12,32.150002,32.900002,32.080002,32.220001,8.987092,19700
5392,2004-05-13,32.099998,33.5,32.099998,33.5,9.41572,33800
5393,2004-05-14,34.0,34.150002,33.740002000000004,34.0,9.556252,20200
5394,2004-05-17,33.970001,34.0,32.950001,32.950001,9.26113,31000
5395,2004-05-18,32.900002,33.349998,32.900002,33.290001000000004,9.356698,8000
5396,2004-05-19,33.450001,34.049999,33.349998,33.619999,9.449448,12500
5397,2004-05-20,33.869999,34.099998,33.560001,33.68,9.466312,12800
5398,2004-05-21,33.900002,34.099998,33.549999,33.779999,9.494411,9300
5399,2004-05-24,33.900002,34.200001,33.860001000000004,34.16,9.601216,7100
5400,2004-05-25,34.150002,34.150002,33.599998,34.139998999999996,9.595602,20900
5401,2004-05-26,34.0,34.5,33.939999,34.459998999999996,9.685538000000001,12100
5402,2004-05-27,34.349998,34.349998,33.700001,33.709998999999996,9.474736,15400
5403,2004-05-28,33.610001000000004,33.709998999999996,33.049999,33.419998,9.393233,13500
5404,2004-06-01,33.419998,34.380001,33.419998,34.349998,9.654621,16900
5405,2004-06-02,34.5,34.689999,34.0,34.5,9.696784,9600
5406,2004-06-03,34.5,34.5,33.900002,34.099998,9.584357,8700
5407,2004-06-04,33.950001,34.0,33.610001000000004,33.75,9.485985000000001,7800
5408,2004-06-07,34.0,34.09,33.779999,33.900002,9.528147,6200
5409,2004-06-08,33.98,34.0,33.66,33.93,9.536574,9400
5410,2004-06-09,34.049999,34.599998,33.950001,34.439999,9.679925,13800
5411,2004-06-10,34.52,34.799999,34.25,34.799999,9.7811,28700
5412,2004-06-14,34.549999,34.549999,33.779999,34.220001,9.677874000000001,10800
5413,2004-06-15,34.150002,34.150002,33.549999,33.75,9.544953999999999,15000
5414,2004-06-16,33.5,34.099998,33.5,34.099998,9.643939999999999,10600
5415,2004-06-17,34.049999,34.5,33.799999,34.48,9.751408,6500
5416,2004-06-18,34.490002000000004,34.990002000000004,34.439999,34.990002000000004,9.895642,8900
5417,2004-06-21,34.849998,34.990002000000004,34.849998,34.919998,9.875843,4500
5418,2004-06-22,34.82,35.0,34.720001,34.970001,9.889991,11400
5419,2004-06-23,34.849998,35.0,34.630001,34.740002000000004,9.824937,11300
5420,2004-06-24,34.849998,34.990002000000004,34.75,34.84,9.853212,8300
5421,2004-06-25,34.939999,34.939999,34.759997999999996,34.779999,9.836249,8900
5422,2004-06-28,34.880001,34.880001,34.099998,34.099998,9.643939999999999,9200
5423,2004-06-29,34.099998,34.099998,33.900002,33.950001,9.601516,9800
5424,2004-06-30,34.049999,34.240002000000004,34.029999,34.139998999999996,9.655253,11100
5425,2004-07-01,34.200001,34.259997999999996,34.009997999999996,34.02,9.621313,15000
5426,2004-07-02,34.119999,34.119999,33.93,34.009997999999996,9.618481,11100
5427,2004-07-06,33.939999,34.119999,33.919998,34.040001000000004,9.626969,21900
5428,2004-07-07,33.950001,34.75,33.950001,34.73,9.822111,10400
5429,2004-07-08,34.720001,35.200001,34.169998,35.150002,9.940892,21800
5430,2004-07-09,35.0,35.599998,35.0,35.540001000000004,10.051188,13000
5431,2004-07-12,35.75,35.849998,35.450001,35.639998999999996,10.079467,16800
5432,2004-07-13,35.41,35.650002,35.0,35.5,10.103951,20100
5433,2004-07-14,35.599998,35.849998,35.580002,35.799999,10.189333999999999,6500
5434,2004-07-15,35.849998,35.950001,35.790001000000004,35.790001000000004,10.186481,7400
5435,2004-07-16,35.849998,35.900002,35.580002,35.709998999999996,10.163721,15100
5436,2004-07-19,35.950001,36.049999,35.950001,36.029999,10.254795,12500
5437,2004-07-20,36.029999,36.09,35.810001,36.09,10.271873,5000
5438,2004-07-21,36.09,36.400002,35.959998999999996,36.32,10.337332,5500
5439,2004-07-22,36.400002,36.400002,36.029999,36.259997999999996,10.320255,9200
5440,2004-07-23,36.200001,36.299999,36.200001,36.279999,10.325957,4100
5441,2004-07-26,36.779999,37.150002,36.75,37.150002,10.573566,28800
5442,2004-07-27,37.150002,37.560001,37.080002,37.459998999999996,10.661804,14000
5443,2004-07-28,37.560001,38.0,37.560001,37.919998,10.792725,15000
5444,2004-07-29,38.150002,39.049999,38.049999,38.700001,11.01472,16800
5445,2004-07-30,38.900002,39.060001,38.799999,38.959998999999996,11.088728999999999,18200
5446,2004-08-02,38.400002,38.66,38.369999,38.66,11.003346,17000
5447,2004-08-03,38.75,38.889998999999996,38.450001,38.470001,10.949259,25000
5448,2004-08-04,38.459998999999996,38.599998,38.299999,38.349998,10.915108,11200
5449,2004-08-05,37.900002,37.900002,36.799999,36.849998,10.488184,42800
5450,2004-08-06,36.950001,36.950001,36.450001,36.5,10.388563000000001,13800
5451,2004-08-09,36.400002,36.75,36.400002,36.740002000000004,10.456869000000001,13600
5452,2004-08-10,36.740002000000004,37.509997999999996,36.740002000000004,37.48,10.667487,15500
5453,2004-08-11,37.5,37.650002,37.220001,37.389998999999996,10.641873,12300
5454,2004-08-12,37.389998999999996,37.400002,36.900002,37.299999,10.683701,6200
5455,2004-08-13,37.200001,37.330002,36.990002000000004,37.25,10.669374000000001,12700
5456,2004-08-16,37.400002,37.700001,37.099998,37.25,10.669374000000001,20900
5457,2004-08-17,37.240002000000004,37.240002000000004,36.860001000000004,37.099998,10.626408,12700
5458,2004-08-18,36.849998,37.09,36.849998,36.869999,10.56053,6600
5459,2004-08-19,36.970001,37.099998,36.91,37.080002,10.620683,6300
5460,2004-08-20,37.09,37.099998,36.700001,37.0,10.597764,6300
5461,2004-08-23,37.099998,37.099998,36.400002,36.419998,10.431641,15400
5462,2004-08-24,36.419998,36.799999,36.400002,36.580002,10.477468,11100
5463,2004-08-25,35.5,35.75,33.549999,34.18,9.790047999999999,128000
5464,2004-08-26,34.18,35.400002,34.0,34.889998999999996,9.993406,31200
5465,2004-08-27,34.990002000000004,35.0,33.700001,33.990002000000004,9.735624000000001,32300
5466,2004-08-30,33.82,33.880001,33.580002,33.84,9.692661,24800
5467,2004-08-31,33.759997999999996,34.0,33.68,33.849998,9.695526,22900
5468,2004-09-01,33.779999,34.59,33.779999,34.299999,9.824416000000001,20700
5469,2004-09-02,34.259997999999996,35.0,34.259997999999996,34.98,10.019186999999999,17000
5470,2004-09-03,34.98,35.689999,34.950001,35.619999,10.202505,18100
5471,2004-09-07,35.560001,36.029999,35.450001,36.029999,10.319931,12400
5472,2004-09-08,36.049999,36.23,35.939999,36.02,10.317075,18800
5473,2004-09-09,36.110001000000004,36.52,36.029999,36.5,10.454550999999999,14000
5474,2004-09-10,36.459998999999996,36.759997999999996,36.299999,36.75,10.52616,16200
5475,2004-09-13,36.650002,36.700001,36.200001,36.599998,10.568031,17000
5476,2004-09-14,36.66,36.900002,36.599998,36.810001,10.628665,9600
5477,2004-09-15,36.91,38.0,36.900002,37.599998,10.856777000000001,23300
5478,2004-09-16,37.619999,37.68,37.099998,37.32,10.775926,19500
5479,2004-09-17,37.470001,37.5,36.900002,37.299999,10.770154,23200
5480,2004-09-20,37.450001,37.5,37.25,37.290001000000004,10.767261999999999,11300
5481,2004-09-21,37.389998999999996,37.959998999999996,37.349998,37.810001,10.91741,10200
5482,2004-09-22,37.91,38.0,37.849998,38.0,10.972273,23200
5483,2004-09-23,38.5,38.73,38.439999,38.639998999999996,11.157066,20000
5484,2004-09-24,38.740002000000004,39.0,38.68,38.919998,11.237924000000001,12900
5485,2004-09-27,38.77,39.0,38.720001,39.0,11.261014,9800
5486,2004-09-28,38.990002000000004,39.509997999999996,38.959998999999996,39.509997999999996,11.408271000000001,14200
5487,2004-09-29,39.610001000000004,40.299999,39.599998,39.82,11.497778,25700
5488,2004-09-30,40.0,40.630001,40.0,40.099998,11.57863,20200
5489,2004-10-01,40.0,40.169998,39.799999,40.169998,11.598842999999999,9900
5490,2004-10-04,40.369999,40.59,40.290001000000004,40.549999,11.708569,13000
5491,2004-10-05,40.799999,41.75,40.799999,41.700001,12.040617,21800
5492,2004-10-06,41.75,42.299999,41.700001,42.279999,12.208089,22200
5493,2004-10-07,42.080002,42.490002000000004,42.0,42.0,12.127241,28800
5494,2004-10-08,42.0,42.299999,42.0,42.299999,12.213868,12300
5495,2004-10-11,42.099998,42.27,42.049999,42.119999,12.161901,10600
5496,2004-10-12,42.25,42.369999,40.75,40.790001000000004,11.777866,31300
5497,2004-10-13,39.049999,39.049999,37.0,37.810001,10.988257,92000
5498,2004-10-14,37.810001,39.5,37.810001,39.5,11.479403,26700
5499,2004-10-15,39.75,40.459998999999996,39.650002,40.459998999999996,11.758389999999999,9200
5500,2004-10-18,40.459998999999996,40.5,39.849998,40.09,11.650866,14400
5501,2004-10-19,39.889998999999996,39.950001,38.0,38.990002000000004,11.331188000000001,35800
5502,2004-10-20,39.0,40.150002,39.0,39.990002000000004,11.621799000000001,17000
5503,2004-10-21,40.0,40.279999,39.990002000000004,40.279999,11.706078999999999,15900
5504,2004-10-22,40.349998,40.490002000000004,40.119999,40.43,11.749672,9500
5505,2004-10-25,40.68,40.720001,40.0,40.0,11.624713,13700
5506,2004-10-26,39.799999,39.880001,39.549999,39.830002,11.575299000000001,17400
5507,2004-10-27,39.779999,40.119999,38.509997999999996,38.880001,11.299218,22000
5508,2004-10-28,38.799999,38.799999,35.599998,37.25,10.825509,163700
5509,2004-10-29,36.25,37.349998,36.25,36.880001,10.717982000000001,51400
5510,2004-11-01,37.130001,38.099998,36.849998,36.869999,10.715077,30700
5511,2004-11-02,36.25,36.5,36.0,36.040001000000004,10.473858,31300
5512,2004-11-03,36.290001000000004,37.349998,36.25,37.349998,10.854577,27300
5513,2004-11-04,37.5,37.790001000000004,37.259997999999996,37.549999,10.912697999999999,13300
5514,2004-11-05,37.549999,38.049999,37.549999,37.990002000000004,11.040572000000001,16700
5515,2004-11-08,37.77,37.77,37.02,37.110001000000004,10.78483,26400
5516,2004-11-09,37.200001,37.220001,37.009997999999996,37.029999,10.761574000000001,20600
5517,2004-11-10,36.790001000000004,37.310001,36.540001000000004,37.009997999999996,10.815634,27500
5518,2004-11-11,37.029999,37.150002,37.029999,37.110001000000004,10.844867,3300
5519,2004-11-12,37.099998,37.310001,37.02,37.299999,10.900388000000001,13200
5520,2004-11-15,37.310001,37.310001,36.470001,36.810001,10.757188000000001,22200
5521,2004-11-16,36.75,36.900002,35.959998999999996,36.330002,10.616924000000001,39100
5522,2004-11-17,36.330002,36.48,36.0,36.380001,10.631539,16900
5523,2004-11-18,36.18,36.5,36.18,36.25,10.593548,9900
5524,2004-11-19,36.34,37.150002,36.34,37.07,10.833173,20400
5525,2004-11-22,37.27,37.650002,37.0,37.639998999999996,10.999748,29500
5526,2004-11-23,37.889998999999996,38.599998,36.400002,36.400002,10.637379,124700
5527,2004-11-24,36.41,37.049999,36.150002,36.98,10.806874,23100
5528,2004-11-26,37.009997999999996,37.57,37.009997999999996,37.43,10.938379,14200
5529,2004-11-29,37.5,37.68,37.400002,37.529999,10.967608,12100
5530,2004-11-30,37.700001,38.0,37.630001,37.880001,11.069889,17400
5531,2004-12-01,37.779999,37.98,36.799999,36.810001,10.757188000000001,18500
5532,2004-12-02,36.610001000000004,36.610001000000004,33.599998,33.950001,9.921403,133000
5533,2004-12-03,33.799999,35.23,33.700001,35.0,10.228242,58600
5534,2004-12-06,35.099998,35.689999,34.650002,35.080002,10.251619,39100
5535,2004-12-07,35.099998,35.41,34.759997999999996,34.869999,10.190257,25100
5536,2004-12-08,34.970001,35.470001,34.759997999999996,35.209998999999996,10.28962,32100
5537,2004-12-09,35.310001,35.709998999999996,35.27,35.41,10.348063,10700
5538,2004-12-10,35.66,35.959998999999996,35.349998,35.5,10.374362,31300
5539,2004-12-13,35.330002,35.759997999999996,35.150002,35.52,10.448789,23300
5540,2004-12-14,35.450001,36.0,35.450001,35.779999,10.525269999999999,23200
5541,2004-12-15,35.880001,36.400002,35.880001,36.34,10.690000999999999,14300
5542,2004-12-16,36.259997999999996,36.34,35.48,36.049999,10.604693,25100
5543,2004-12-17,35.849998,36.389998999999996,35.849998,36.139998999999996,10.631166,22500
5544,2004-12-20,36.139998999999996,36.139998999999996,35.950001,36.119999,10.625289,12700
5545,2004-12-21,36.0,36.139998999999996,36.0,36.099998,10.619399000000001,9100
5546,2004-12-22,36.130001,36.360001000000004,35.200001,35.619999,10.478202,30400
5547,2004-12-23,35.549999,35.740002000000004,35.349998,35.419998,10.419377,19500
5548,2004-12-27,34.5,35.049999,34.5,34.740002000000004,10.219334,31800
5549,2004-12-28,34.599998,34.599998,34.099998,34.189999,10.057547,26900
5550,2004-12-29,34.240002000000004,34.700001,34.139998999999996,34.610001000000004,10.181098,33500
5551,2004-12-30,34.759997999999996,35.599998,34.759997999999996,35.5,10.442903999999999,48400
5552,2004-12-31,35.610001000000004,35.970001,35.599998,35.970001,10.58116,9100
5553,2005-01-03,35.950001,35.970001,34.810001,35.150002,10.339949,30500
5554,2005-01-04,35.049999,35.5,35.0,35.200001,10.354652999999999,21300
5555,2005-01-05,35.299999,35.299999,34.709998999999996,34.810001,10.239927999999999,17400
5556,2005-01-06,34.950001,35.5,34.950001,35.41,10.41643,17600
5557,2005-01-07,35.5,35.639998999999996,35.049999,35.080002,10.319355,14400
5558,2005-01-10,35.18,37.09,35.18,37.09,10.910631,30800
5559,2005-01-11,37.09,38.029999,37.07,38.029999,11.187142,43300
5560,2005-01-12,38.18,38.490002000000004,38.009997999999996,38.490002000000004,11.322463,34700
5561,2005-01-13,38.099998,38.099998,37.310001,37.619999,11.133644,25000
5562,2005-01-14,37.470001,37.5,36.0,36.470001,10.793301,53800
5563,2005-01-18,36.689999,37.099998,35.900002,36.130001,10.692677999999999,42600
5564,2005-01-19,36.099998,36.150002,35.75,36.02,10.660129,16500
5565,2005-01-20,36.009997999999996,36.200001,35.779999,35.990002000000004,10.651247999999999,9400
5566,2005-01-21,36.0,36.18,35.799999,36.009997999999996,10.657167999999999,12800
5567,2005-01-24,36.060001,36.77,36.02,36.650002,10.846579,12800
5568,2005-01-25,36.669998,37.700001,36.669998,37.290001000000004,11.035977,20500
5569,2005-01-26,37.360001000000004,38.200001,37.299999,38.099998,11.275701,22300
5570,2005-01-27,38.150002,38.400002,38.0,38.0,11.246108,15100
5571,2005-01-28,38.0,38.0,37.27,37.48,11.092210000000001,22100
5572,2005-01-31,37.299999,37.349998,36.830002,37.349998,11.053734,18100
5573,2005-02-01,37.450001,37.700001,37.389998999999996,37.599998,11.127728999999999,19800
5574,2005-02-02,37.0,37.610001000000004,37.0,37.610001000000004,11.130685,21800
5575,2005-02-03,37.52,37.950001,37.349998,37.93,11.225386,18500
5576,2005-02-04,38.5,38.849998,38.299999,38.669998,11.44439,27300
5577,2005-02-07,38.75,39.639998999999996,38.75,38.98,11.536138000000001,36000
5578,2005-02-08,39.099998,39.299999,39.0,39.27,11.621966,15100
5579,2005-02-09,39.119999,39.599998,38.860001000000004,39.450001,11.67523,11600
5580,2005-02-10,39.490002000000004,39.98,39.48,39.700001,11.749221,25900
5581,2005-02-11,39.529999,40.220001,39.5,39.740002000000004,11.838894999999999,27100
5582,2005-02-14,39.900002,40.200001,39.75,40.119999,11.9521,20000
5583,2005-02-15,40.240002000000004,40.25,39.860001000000004,40.0,11.916345,16400
5584,2005-02-16,40.0,40.68,40.0,40.630001,12.104024,17000
5585,2005-02-17,40.830002,41.049999,40.700001,40.709998999999996,12.127865,23700
5586,2005-02-18,40.459998999999996,40.52,39.599998,39.77,11.847826,30100
5587,2005-02-22,39.759997999999996,39.869999,39.5,39.68,11.821014,18200
5588,2005-02-23,39.599998,40.139998999999996,39.299999,40.130001,11.95507,19600
5589,2005-02-24,40.400002,40.400002,39.68,39.700001,11.826977000000001,19600
5590,2005-02-25,39.720001,40.349998,39.630001,40.349998,12.020617,23400
5591,2005-02-28,40.5,40.580002,40.049999,40.43,12.044453,15000
5592,2005-03-01,40.5,40.990002000000004,40.360001000000004,40.529999,12.074239,16400
5593,2005-03-02,40.700001,41.439999,40.700001,41.200001,12.273839,16900
5594,2005-03-03,41.25,42.0,41.25,41.639998999999996,12.404923,12400
5595,2005-03-04,41.799999,42.970001,41.799999,42.380001,12.62537,30100
5596,2005-03-07,42.5,42.650002,41.32,41.5,12.363206,21300
5597,2005-03-08,41.360001000000004,41.990002000000004,41.32,41.970001,12.50323,14600
5598,2005-03-09,42.169998,42.25,41.900002,41.950001,12.497268,13600
5599,2005-03-10,41.959998999999996,41.959998999999996,38.310001,38.689999,11.526086,92000
5600,2005-03-11,38.400002,41.150002,38.360001000000004,40.0,11.979508000000001,59500
5601,2005-03-14,40.0,40.02,38.75,38.790001000000004,11.617135000000001,27400
5602,2005-03-15,38.900002,39.200001,38.619999,38.98,11.674028,14800
5603,2005-03-16,38.900002,38.900002,37.91,38.240002000000004,11.452415,22100
5604,2005-03-17,38.389998999999996,39.599998,38.389998999999996,39.599998,11.859717999999999,19700
5605,2005-03-18,39.75,40.0,39.75,39.869999,11.940586999999999,10000
5606,2005-03-21,39.5,39.900002,39.060001,39.119999,11.715961,14200
5607,2005-03-22,39.02,39.490002000000004,37.849998,37.900002,11.350589,18300
5608,2005-03-23,38.0,38.09,36.900002,37.41,11.203838000000001,38700
5609,2005-03-24,37.950001,38.540001000000004,37.900002,38.540001000000004,11.542256,33600
5610,2005-03-28,38.59,38.59,37.900002,38.02,11.386517999999999,22200
5611,2005-03-29,38.099998,38.490002000000004,37.130001,37.130001,11.119991,23600
5612,2005-03-30,37.049999,37.25,36.220001,36.290001000000004,10.868414999999999,32500
5613,2005-03-31,36.540001000000004,37.490002000000004,36.52,36.950001,11.066078,23900
5614,2005-04-01,37.450001,38.049999,37.389998999999996,38.049999,11.395507,20000
5615,2005-04-04,38.110001000000004,39.400002,38.110001000000004,38.599998,11.560229,40800
5616,2005-04-05,38.599998,40.200001,38.599998,40.049999,11.994487,41100
5617,2005-04-06,40.0,40.549999,39.630001,40.049999,11.994487,35500
5618,2005-04-07,40.23,40.900002,39.330002,39.849998,11.934588,35600
5619,2005-04-08,39.860001000000004,40.150002,39.599998,40.049999,11.994487,16500
5620,2005-04-11,40.139998999999996,40.900002,39.950001,40.599998,12.159203999999999,31800
5621,2005-04-12,40.59,41.0,39.75,39.889998999999996,11.946572999999999,35200
5622,2005-04-13,39.599998,39.599998,38.099998,38.150002,11.523394999999999,22300
5623,2005-04-14,38.0,38.950001,37.349998,38.25,11.553596,24600
5624,2005-04-15,38.299999,38.389998999999996,37.5,38.0,11.478086,37400
5625,2005-04-18,37.849998,37.849998,36.700001,37.299999,11.266644,24800
5626,2005-04-19,37.299999,38.09,37.299999,37.959998999999996,11.466002,13300
5627,2005-04-20,38.060001,38.450001,38.0,38.02,11.484115,7900
5628,2005-04-21,38.119999,40.0,38.119999,39.759997999999996,12.009694999999999,14500
5629,2005-04-22,39.650002,39.950001,38.849998,39.150002,11.825447,29600
5630,2005-04-25,39.279999,39.700001,38.709998999999996,39.549999,11.94627,35800
5631,2005-04-26,39.650002,40.0,39.599998,39.779999,12.015738,9100
5632,2005-04-27,39.900002,39.900002,39.119999,39.150002,11.825447,15000
5633,2005-04-28,39.110001000000004,39.150002,38.41,38.599998,11.659315,18900
5634,2005-04-29,38.630001,38.779999,38.25,38.450001,11.614006,15700
5635,2005-05-02,38.650002,38.779999,38.200001,38.400002,11.598903,16600
5636,2005-05-03,38.400002,38.5,38.150002,38.18,11.532458,16700
5637,2005-05-04,38.18,38.700001,38.16,38.650002,11.674412,20000
5638,2005-05-05,38.75,38.990002000000004,38.599998,38.900002,11.749933,7900
5639,2005-05-06,39.150002,39.700001,38.93,39.290001000000004,11.867724,12500
5640,2005-05-09,39.349998,39.93,39.349998,39.93,12.06105,8100
5641,2005-05-10,39.990002000000004,40.0,39.5,39.52,11.937198,14500
5642,2005-05-11,39.650002,40.0,39.509997999999996,39.700001,11.991578,13000
5643,2005-05-12,39.450001,39.599998,38.599998,38.799999,11.789512,9700
5644,2005-05-13,38.650002,39.150002,38.509997999999996,39.0,11.850286,9500
5645,2005-05-16,38.990002000000004,39.25,38.150002,38.25,11.622394,23900
5646,2005-05-17,38.119999,38.639998999999996,38.110001000000004,38.119999,11.582896,9300
5647,2005-05-18,38.25,38.59,38.099998,38.400002,11.667969,11400
5648,2005-05-19,38.529999,38.689999,38.5,38.509997999999996,11.701394,4400
5649,2005-05-20,38.610001000000004,38.66,38.43,38.450001,11.683167,7000
5650,2005-05-23,38.549999,38.549999,37.599998,37.950001,11.531246000000001,18700
5651,2005-05-24,38.0,38.240002000000004,37.759997999999996,38.200001,11.607204,6700
5652,2005-05-25,37.950001,38.490002000000004,37.860001000000004,38.450001,11.683167,5800
5653,2005-05-26,38.200001,38.59,37.900002,38.5,11.698350999999999,22100
5654,2005-05-27,38.689999,39.310001,38.52,39.009997999999996,11.853316,15700
5655,2005-05-31,39.599998,39.650002,38.900002,39.110001000000004,11.883704,18200
5656,2005-06-01,39.099998,39.57,39.060001,39.57,12.023482000000001,19200
5657,2005-06-02,39.650002,39.73,39.18,39.73,12.072092,11600
5658,2005-06-03,39.75,39.950001,39.599998,39.830002,12.102482,11700
5659,2005-06-06,39.84,39.950001,39.68,39.950001,12.138947,15700
5660,2005-06-07,39.82,39.939999,39.82,39.82,12.099442999999999,8700
5661,2005-06-08,39.889998999999996,40.25,39.529999,39.75,12.078174,35100
5662,2005-06-09,39.799999,40.0,39.599998,39.810001,12.096406,10600
5663,2005-06-10,39.849998,40.0,39.799999,40.0,12.154133,13300
5664,2005-06-13,39.900002,40.139998999999996,39.349998,40.130001,12.272492,10500
5665,2005-06-14,40.139998999999996,40.23,39.700001,40.049999,12.24802,12600
5666,2005-06-15,39.93,40.25,39.82,40.150002,12.278602000000001,11500
5667,2005-06-16,39.959998999999996,40.18,39.75,40.080002,12.2572,27100
5668,2005-06-17,39.970001,40.639998999999996,39.970001,40.639998999999996,12.428460000000001,14000
5669,2005-06-20,40.889998999999996,41.0,40.310001,40.990002000000004,12.535484,11200
5670,2005-06-21,40.950001,41.0,40.610001000000004,40.860001000000004,12.495732,15800
5671,2005-06-22,40.919998,41.75,40.740002000000004,41.23,12.608893,10000
5672,2005-06-23,41.23,41.400002,40.5,41.049999,12.553841,12900
5673,2005-06-24,41.299999,41.779999,40.689999,41.0,12.538542,8900
5674,2005-06-27,41.200001,42.0,41.200001,41.990002000000004,12.841311,17500
5675,2005-06-28,41.990002000000004,42.0,41.0,41.360001000000004,12.648641,26200
5676,2005-06-29,41.299999,41.990002000000004,41.099998,41.990002000000004,12.841311,23500
5677,2005-06-30,41.950001,42.860001000000004,41.77,42.299999,12.936114,16100
5678,2005-07-01,42.349998,43.5,42.349998,43.349998,13.257226000000001,19300
5679,2005-07-05,43.599998,45.5,43.599998,45.099998,13.792399,28400
5680,2005-07-06,45.32,46.689999,45.099998,46.689999,14.278654999999999,26300
5681,2005-07-07,46.459998999999996,47.0,45.759997999999996,46.849998,14.327598000000002,24100
5682,2005-07-08,46.849998,47.900002,46.849998,47.5,14.526369,28800
5683,2005-07-11,47.5,47.509997999999996,45.950001,46.200001,14.128810000000001,29400
5684,2005-07-12,46.0,46.950001,45.950001,46.529999,14.229725,18800
5685,2005-07-13,46.639998999999996,46.639998999999996,46.0,46.360001000000004,14.263874,10600
5686,2005-07-14,46.549999,46.84,44.560001,45.84,14.103881,26700
5687,2005-07-15,46.150002,46.150002,45.5,45.849998,14.106964999999999,8400
5688,2005-07-18,45.599998,45.849998,45.139998999999996,45.529999,14.008505,10200
5689,2005-07-19,46.5,46.75,46.099998,46.599998,14.337714000000002,14400
5690,2005-07-20,46.599998,46.900002,46.5,46.799999,14.399261,4500
5691,2005-07-21,46.799999,47.0,46.200001,46.880001,14.423879999999999,8800
5692,2005-07-22,46.990002000000004,47.0,46.799999,46.810001,14.402337,11100
5693,2005-07-25,47.400002,47.400002,46.77,46.880001,14.423879999999999,19400
5694,2005-07-26,46.959998999999996,47.09,46.43,46.549999,14.32233,11400
5695,2005-07-27,46.75,46.75,45.900002,46.150002,14.199273999999999,12300
5696,2005-07-28,46.349998,46.349998,46.0,46.009997999999996,14.156194000000001,4600
5697,2005-07-29,46.580002,46.580002,46.200001,46.200001,14.214648,9400
5698,2005-08-01,46.419998,46.900002,46.200001,46.400002,14.276191,13600
5699,2005-08-02,46.650002,46.66,46.5,46.599998,14.337714000000002,12000
5700,2005-08-03,46.799999,47.240002000000004,46.700001,47.02,14.466941,14800
5701,2005-08-04,47.200001,47.400002,47.02,47.209998999999996,14.525410999999998,13200
5702,2005-08-05,47.310001,47.799999,47.310001,47.700001,14.676167000000001,10300
5703,2005-08-08,48.0,50.959998999999996,48.0,50.470001,15.528424,33900
5704,2005-08-09,50.470001,50.470001,48.939999,49.25,15.153070000000001,19900
5705,2005-08-10,49.5,49.700001,48.75,48.889998999999996,15.042295000000001,14300
5706,2005-08-11,48.0,48.110001000000004,47.5,47.5,14.710017,38300
5707,2005-08-12,47.5,47.5,47.330002,47.48,14.703814999999999,15400
5708,2005-08-15,46.75,47.150002,46.23,46.32,14.344592,28500
5709,2005-08-16,45.25,46.32,45.189999,46.09,14.273349,35500
5710,2005-08-17,47.0,47.0,45.0,45.169998,13.988441,23200
5711,2005-08-18,44.93,44.93,43.02,44.240002000000004,13.700438,48600
5712,2005-08-19,44.490002000000004,46.099998,44.490002000000004,46.0,14.245482999999998,29600
5713,2005-08-22,46.25,46.900002,46.25,46.349998,14.353862,20300
5714,2005-08-23,46.400002,47.200001,45.369999,45.700001,14.152576000000002,18100
5715,2005-08-24,45.810001,46.0,45.580002,45.59,14.118507999999999,43100
5716,2005-08-25,45.84,45.990002000000004,45.0,45.5,14.090651000000001,18500
5717,2005-08-26,45.509997999999996,45.669998,45.150002,45.389998999999996,14.056564000000002,14600
5718,2005-08-29,46.099998,46.619999,45.799999,46.610001000000004,14.434389999999999,33600
5719,2005-08-30,46.5,48.029999,46.5,47.299999,14.648062,26600
5720,2005-08-31,47.549999,48.0,47.049999,47.57,14.731689999999999,19100
5721,2005-09-01,47.32,47.990002000000004,46.619999,47.650002,14.756464000000001,29000
5722,2005-09-02,47.650002,47.84,47.0,47.299999,14.648062,14200
5723,2005-09-06,47.549999,47.93,47.349998,47.860001000000004,14.821488,13400
5724,2005-09-07,48.110001000000004,48.349998,48.0,48.18,14.920589000000001,11900
5725,2005-09-08,48.43,48.580002,47.5,48.5,15.019689000000001,26300
5726,2005-09-09,48.68,48.970001,48.330002,48.799999,15.112604000000001,15300
5727,2005-09-12,48.650002,49.299999,48.290001000000004,49.029999,15.183829999999999,18300
5728,2005-09-13,48.490002000000004,48.82,48.389998999999996,48.639998999999996,15.159514000000001,11500
5729,2005-09-14,48.650002,49.490002000000004,48.650002,49.299999,15.365214000000002,8500
5730,2005-09-15,49.400002,49.759997999999996,49.220001,49.5,15.427548999999999,10000
5731,2005-09-16,49.349998,49.869999,49.200001,49.57,15.449368,9400
5732,2005-09-19,50.0,50.849998,49.709998999999996,50.0,15.583381,20000
5733,2005-09-20,49.75,50.139998999999996,48.41,49.099998,15.302879999999998,23200
5734,2005-09-21,49.599998,49.950001,48.889998999999996,49.349998,15.380791,13300
5735,2005-09-22,49.400002,50.18,49.400002,49.810001,15.524166000000001,15800
5736,2005-09-23,49.82,49.950001,49.599998,49.939999,15.564693,10000
5737,2005-09-26,50.189999,50.240002000000004,49.849998,50.049999,15.598966,16000
5738,2005-09-27,50.150002,51.0,49.950001,50.759997999999996,15.82025,13200
5739,2005-09-28,50.860001000000004,51.0,50.299999,50.650002,15.785960000000001,13900
5740,2005-09-29,50.57,51.990002000000004,50.57,51.990002000000004,16.203602,12300
5741,2005-09-30,51.900002,51.900002,51.0,51.389998999999996,16.0166,15000
5742,2005-10-03,51.389998999999996,52.200001,51.240002000000004,52.200001,16.269047,12900
5743,2005-10-04,52.150002,52.490002000000004,51.099998,51.200001,15.957382,18400
5744,2005-10-05,51.200001,51.200001,49.16,49.27,15.355865,25800
5745,2005-10-06,47.799999,47.799999,45.5,45.639998999999996,14.224510999999998,69200
5746,2005-10-07,45.889998999999996,47.990002000000004,45.889998999999996,47.849998,14.913294,25100
5747,2005-10-10,48.0,48.799999,48.0,48.799999,15.209388,18300
5748,2005-10-11,48.880001,49.0,48.099998,48.75,15.193795000000001,11300
5749,2005-10-12,48.990002000000004,49.240002000000004,47.599998,47.73,14.875901,10300
5750,2005-10-13,47.68,47.68,45.349998,45.549999,14.281737,15600
5751,2005-10-14,44.0,45.330002,43.5,45.25,14.18767,76800
5752,2005-10-17,45.5,46.290001000000004,45.5,45.990002000000004,14.419704999999999,28800
5753,2005-10-18,45.740002000000004,46.0,45.360001000000004,45.650002,14.313096,14900
5754,2005-10-19,45.650002,45.650002,44.25,44.950001,14.093622,16600
5755,2005-10-20,45.0,45.25,42.709998999999996,42.849998,13.435184,25600
5756,2005-10-21,42.099998,42.599998,40.209998999999996,41.5,13.011907,82300
5757,2005-10-24,41.099998,43.630001,40.900002,43.5,13.638978,32700
5758,2005-10-25,43.700001,44.349998,43.700001,44.040001000000004,13.808297,17500
5759,2005-10-26,44.5,45.099998,44.0,44.049999,13.811430999999999,18500
5760,2005-10-27,44.200001,44.200001,42.900002,42.919998,13.457135000000001,9700
5761,2005-10-28,43.119999,43.240002000000004,42.5,43.18,13.538651000000002,5300
5762,2005-10-31,43.380001,43.400002,42.220001,42.259997999999996,13.250191000000001,10800
5763,2005-11-01,42.5,42.5,42.0,42.419998,13.300354,11600
5764,2005-11-02,42.25,43.049999,42.119999,42.650002,13.372475,10300
5765,2005-11-03,41.650002,44.380001,41.650002,44.299999,13.889816,43000
5766,2005-11-04,44.25,44.650002,43.5,43.57,13.660935,12900
5767,2005-11-07,43.5,43.5,42.75,42.900002,13.450860999999998,16900
5768,2005-11-08,42.900002,43.549999,42.799999,42.91,13.453996,11300
5769,2005-11-09,42.91,43.939999,42.91,43.450001,13.623304000000001,14900
5770,2005-11-10,43.349998,43.349998,41.0,41.25,13.037339,30800
5771,2005-11-11,40.700001,41.650002,40.209998999999996,41.400002,13.084741000000001,25900
5772,2005-11-14,41.650002,42.700001,41.650002,42.490002000000004,13.429241000000001,13900
5773,2005-11-15,42.389998999999996,43.5,41.939999,42.799999,13.527225,12700
5774,2005-11-16,42.900002,44.200001,42.650002,44.200001,13.969705,10600
5775,2005-11-17,45.0,45.049999,43.900002,44.299999,14.001313,16300
5776,2005-11-18,44.700001,45.900002,44.099998,45.23,14.295244,42000
5777,2005-11-21,45.48,46.34,45.48,46.34,14.646069,16200
5778,2005-11-22,47.0,47.23,46.07,46.299999,14.633424,18200
5779,2005-11-23,46.5,46.799999,46.450001,46.799999,14.791445999999999,11600
5780,2005-11-25,46.700001,47.200001,46.700001,46.799999,14.791445999999999,7900
5781,2005-11-28,46.82,46.849998,45.599998,46.09,14.567051999999999,18000
5782,2005-11-29,46.09,46.75,46.0,46.5,14.696628,5700
5783,2005-11-30,46.849998,47.18,46.400002,46.849998,14.807258,11500
5784,2005-12-01,47.0,48.099998,46.799999,47.200001,14.917874,29600
5785,2005-12-02,47.799999,47.900002,47.400002,47.849998,15.123315,6500
5786,2005-12-05,47.950001,48.299999,47.900002,48.299999,15.265531,21600
5787,2005-12-06,48.099998,48.279999,47.25,47.450001,14.996882999999999,17500
5788,2005-12-07,47.099998,47.650002,47.029999,47.48,15.006367000000001,14400
5789,2005-12-08,47.48,48.599998,47.400002,48.349998,15.281335,13100
5790,2005-12-09,48.349998,48.349998,47.849998,48.25,15.249734,9200
5791,2005-12-12,48.75,48.75,48.5,48.52,15.33506,21300
5792,2005-12-13,48.389998999999996,49.200001,48.369999,48.91,15.575505999999999,6800
5793,2005-12-14,48.799999,48.799999,47.200001,47.549999,15.142399,18300
5794,2005-12-15,47.5,48.400002,47.200001,47.799999,15.222012,13800
5795,2005-12-16,48.549999,48.549999,46.259997999999996,46.27,14.734781,15900
5796,2005-12-19,46.560001,46.630001,46.0,46.060001,14.667913,9100
5797,2005-12-20,46.310001,46.799999,46.310001,46.700001,14.871716000000001,12000
5798,2005-12-21,46.950001,47.43,46.490002000000004,46.5,14.808017999999999,30400
5799,2005-12-22,46.5,46.549999,46.200001,46.509997999999996,14.811216,20300
5800,2005-12-23,46.509997999999996,46.689999,46.049999,46.07,14.671092999999999,9100
5801,2005-12-27,46.32,46.32,45.110001000000004,45.110001000000004,14.365379999999998,16100
5802,2005-12-28,45.02,45.09,44.700001,44.709998999999996,14.238,12000
5803,2005-12-29,44.709998999999996,44.709998999999996,44.41,44.459998999999996,14.158392000000001,11100
5804,2005-12-30,44.700001,45.599998,44.599998,45.549999,14.505498999999999,41200
5805,2006-01-03,45.57,46.549999,44.689999,46.400002,14.776186,48700
5806,2006-01-04,46.400002,46.889998999999996,46.200001,46.869999,14.925856,18500
5807,2006-01-05,46.299999,46.439999,42.32,42.52,13.540588,162100
5808,2006-01-06,41.299999,41.900002,40.279999,41.349998,13.168004000000002,625600
5809,2006-01-09,41.099998,42.349998,40.549999,41.849998,13.327219,173600
5810,2006-01-10,41.25,42.380001,41.25,41.75,13.295384,111300
5811,2006-01-11,41.599998,42.0,41.25,41.93,13.352701999999999,70000
5812,2006-01-12,41.450001,41.75,41.43,41.68,13.405448999999999,82700
5813,2006-01-13,41.68,42.279999,41.610001000000004,41.900002,13.476213000000001,66900
5814,2006-01-17,41.900002,42.889998999999996,41.900002,42.849998,13.781754000000001,66000
5815,2006-01-18,42.150002,42.599998,42.0,42.349998,13.620934,52300
5816,2006-01-19,42.099998,42.700001,42.099998,42.66,13.720652,36100
5817,2006-01-20,42.549999,43.0,42.16,42.419998,13.643451999999998,35300
5818,2006-01-23,42.32,42.740002000000004,41.849998,42.0,13.508367999999999,54500
5819,2006-01-24,42.0,42.450001,41.900002,42.450001,13.653104999999998,36400
5820,2006-01-25,42.650002,42.759997999999996,41.509997999999996,42.0,13.508367999999999,44300
5821,2006-01-26,42.0,42.299999,41.41,42.259997999999996,13.591989000000002,35400
5822,2006-01-27,42.349998,42.5,41.41,41.599998,13.37972,39100
5823,2006-01-30,41.299999,41.540001000000004,40.75,41.259997999999996,13.270361999999999,90600
5824,2006-01-31,41.259997999999996,44.650002,40.950001,44.650002,14.360685,150100
5825,2006-02-01,44.650002,44.650002,44.080002,44.389998999999996,14.277060999999998,44400
5826,2006-02-02,44.189999,44.200001,43.299999,43.5,13.99081,52400
5827,2006-02-03,43.5,44.75,43.16,44.73,14.386420000000001,41400
5828,2006-02-06,44.709998999999996,45.830002,44.709998999999996,45.299999,14.569742000000002,40400
5829,2006-02-07,45.119999,45.119999,43.700001,44.18,14.209516,41900
5830,2006-02-08,44.0,44.200001,43.529999,44.09,14.180573,19700
5831,2006-02-09,44.099998,44.299999,43.25,43.310001,13.929706,22700
5832,2006-02-10,43.459998999999996,43.459998999999996,42.52,43.099998,13.862167000000001,59400
5833,2006-02-13,42.860001000000004,42.860001000000004,41.599998,41.610001000000004,13.519074,38100
5834,2006-02-14,41.610001000000004,41.849998,41.0,41.849998,13.597036,48500
5835,2006-02-15,42.0,42.299999,41.740002000000004,41.790001000000004,13.577553,25400
5836,2006-02-16,42.0,42.639998999999996,41.959998999999996,42.599998,13.840714000000002,28500
5837,2006-02-17,42.610001000000004,43.599998,42.610001000000004,43.450001,14.116879,34000
5838,2006-02-21,43.849998,44.119999,43.849998,43.98,14.289076999999999,27400
5839,2006-02-22,43.990002000000004,43.990002000000004,43.150002,43.259997999999996,14.055159,30500
5840,2006-02-23,43.259997999999996,43.549999,43.25,43.450001,14.116879,37600
5841,2006-02-24,43.450001,43.889998999999996,43.0,43.779999,14.224104999999998,54700
5842,2006-02-27,43.799999,43.799999,43.0,43.200001,14.035661,40300
5843,2006-02-28,43.0,43.380001,42.599998,43.330002,14.0779,34000
5844,2006-03-01,43.580002,43.900002,43.5,43.889998999999996,14.259845,17700
5845,2006-03-02,43.849998,43.900002,43.650002,43.75,14.214354,29600
5846,2006-03-03,43.650002,43.900002,43.439999,43.509997999999996,14.136370000000001,25600
5847,2006-03-06,43.52,43.52,42.75,42.849998,13.921945999999998,25600
5848,2006-03-07,42.709998999999996,42.709998999999996,41.810001,42.150002,13.694510999999999,21800
5849,2006-03-08,42.150002,42.150002,41.900002,41.939999,13.626282999999999,12800
5850,2006-03-09,41.950001,42.099998,41.799999,42.0,13.645776000000001,17700
5851,2006-03-10,42.049999,42.049999,41.580002,41.84,13.59379,47100
5852,2006-03-13,41.610001000000004,42.5,41.610001000000004,42.439999,13.882309,12000
5853,2006-03-14,42.689999,44.0,42.5,43.700001,14.294456,25100
5854,2006-03-15,43.799999,44.25,43.700001,43.700001,14.294456,19700
5855,2006-03-16,43.709998999999996,44.599998,43.709998999999996,44.599998,14.588845000000001,17000
5856,2006-03-17,44.599998,44.599998,43.57,43.91,14.363149,29300
5857,2006-03-20,43.709998999999996,44.25,43.16,43.16,14.117814000000001,14600
5858,2006-03-21,43.290001000000004,43.400002,41.900002,42.150002,13.78744,19900
5859,2006-03-22,42.200001,42.950001,42.200001,42.419998,13.875754,22100
5860,2006-03-23,42.419998,43.139998999999996,42.419998,42.93,14.042585,23100
5861,2006-03-24,43.18,43.650002,43.150002,43.200001,14.130904000000001,17900
5862,2006-03-27,43.299999,43.75,43.200001,43.48,14.222485999999998,25800
5863,2006-03-28,43.580002,44.0,43.580002,43.970001,14.382772000000001,39400
5864,2006-03-29,44.099998,44.220001,43.91,44.0,14.392581,24900
5865,2006-03-30,44.200001,44.220001,43.91,44.200001,14.458004,10600
5866,2006-03-31,44.200001,44.200001,43.52,43.720001,14.301001999999999,14400
5867,2006-04-03,43.799999,44.419998,43.720001,43.91,14.363149,26800
5868,2006-04-04,44.009997999999996,44.110001000000004,43.75,43.950001,14.376222,12200
5869,2006-04-05,43.950001,44.490002000000004,43.720001,44.419998,14.529976000000001,39800
5870,2006-04-06,44.52,45.349998,44.299999,45.200001,14.785101999999998,40700
5871,2006-04-07,45.099998,45.5,45.099998,45.5,14.883239999999999,27900
5872,2006-04-10,45.75,46.200001,45.5,46.099998,15.079506,38100
5873,2006-04-11,46.259997999999996,46.389998999999996,45.77,45.900002,15.014087,45600
5874,2006-04-12,45.5,45.599998,45.009997999999996,45.470001,15.030947,29500
5875,2006-04-13,45.5,45.5,45.009997999999996,45.349998,14.991285000000001,28200
5876,2006-04-17,45.599998,45.900002,45.369999,45.799999,15.140031,57900
5877,2006-04-18,45.990002000000004,46.240002000000004,45.720001,45.77,15.130104999999999,75000
5878,2006-04-19,45.75,45.900002,45.700001,45.84,15.15325,54400
5879,2006-04-20,46.0,46.240002000000004,45.369999,45.689999,15.103667999999999,54600
5880,2006-04-21,45.790001000000004,46.200001,45.549999,46.150002,15.255714999999999,38900
5881,2006-04-24,46.240002000000004,46.240002000000004,45.450001,45.799999,15.140031,38100
5882,2006-04-25,46.07,46.32,45.5,45.98,15.19953,41900
5883,2006-04-26,46.0,46.0,45.299999,45.439999,15.021022,17200
5884,2006-04-27,45.439999,45.439999,44.299999,44.540001000000004,14.723505,28900
5885,2006-04-28,44.700001,45.080002,44.25,45.0,14.875575,23100
5886,2006-05-01,45.0,45.75,44.91,45.529999,15.050773000000001,46500
5887,2006-05-02,45.709998999999996,45.75,45.099998,45.75,15.1235,40300
5888,2006-05-03,45.73,45.75,45.59,45.740002000000004,15.120201000000002,37700
5889,2006-05-04,45.639998999999996,45.650002,44.849998,45.200001,14.941680999999999,40400
5890,2006-05-05,45.049999,45.380001,44.669998,44.900002,14.842524,25100
5891,2006-05-08,44.889998999999996,45.59,44.599998,45.59,15.07061,17300
5892,2006-05-09,45.5,45.900002,45.5,45.900002,15.17309,20000
5893,2006-05-10,45.900002,45.98,45.700001,45.950001,15.189625,18300
5894,2006-05-11,45.700001,45.98,44.540001000000004,44.540001000000004,14.801785,20700
5895,2006-05-12,44.290001000000004,44.5,43.599998,43.919998,14.595741,28600
5896,2006-05-15,43.75,43.759997999999996,42.02,42.450001,14.107232999999999,38900
5897,2006-05-16,42.700001,42.82,42.049999,42.27,14.047405,31900
5898,2006-05-17,42.119999,42.25,41.599998,41.830002,13.901185,25900
5899,2006-05-18,41.75,42.040001000000004,41.259997999999996,41.349998,13.741674,29900
5900,2006-05-19,41.0,41.169998,39.349998,40.450001,13.442576,93000
5901,2006-05-22,40.299999,40.439999,39.099998,40.279999,13.386075,49700
5902,2006-05-23,40.639998999999996,41.619999,40.509997999999996,41.619999,13.831399,29000
5903,2006-05-24,41.619999,41.66,40.549999,40.68,13.519009,14800
5904,2006-05-25,40.93,41.959998999999996,40.93,41.919998,13.931094,18800
5905,2006-05-26,42.75,42.75,42.029999,42.080002,13.984268,17600
5906,2006-05-30,42.330002,42.849998,41.740002000000004,41.740002000000004,13.871276000000002,23600
5907,2006-05-31,41.900002,42.200001,41.650002,42.200001,14.024151000000002,17400
5908,2006-06-01,42.099998,42.68,42.099998,42.450001,14.107232999999999,11300
5909,2006-06-02,42.700001,43.0,42.48,43.0,14.290004999999999,13900
5910,2006-06-05,43.400002,43.549999,42.75,42.889998999999996,14.253449,23400
5911,2006-06-06,42.689999,42.689999,42.049999,42.310001,14.060702,15700
5912,2006-06-07,42.060001,42.41,41.799999,42.099998,13.990912,25700
5913,2006-06-08,42.0,42.200001,41.099998,42.200001,14.024151000000002,30000
5914,2006-06-09,42.349998,42.68,42.200001,42.299999,14.057383999999999,16700
5915,2006-06-12,42.220001,42.599998,42.220001,42.48,14.117196,26600
5916,2006-06-13,41.880001,42.049999,41.0,41.099998,13.768798,48700
5917,2006-06-14,41.25,41.400002,41.0,41.07,13.758742999999999,21800
5918,2006-06-15,41.299999,42.5,41.279999,42.299999,14.170804,32100
5919,2006-06-16,42.349998,42.400002,41.650002,42.0,14.070294,14100
5920,2006-06-19,41.950001,41.98,41.549999,41.560001,13.922896,17800
5921,2006-06-20,41.5,41.5,40.310001,40.549999,13.584548000000002,24100
5922,2006-06-21,40.669998,40.830002,40.099998,40.830002,13.678335999999998,17600
5923,2006-06-22,40.650002,40.98,40.549999,40.889998999999996,13.698437,9900
5924,2006-06-23,41.099998,42.240002000000004,41.099998,42.119999,14.1105,20400
5925,2006-06-26,42.240002000000004,42.75,41.759997999999996,42.75,14.321549,42800
5926,2006-06-27,42.599998,43.009997999999996,42.48,42.490002000000004,14.234444,9000
5927,2006-06-28,42.52,43.259997999999996,42.52,42.799999,14.338295,12400
5928,2006-06-29,42.799999,43.470001,42.790001000000004,43.439999,14.552703,13600
5929,2006-06-30,43.5,43.740002000000004,43.209998999999996,43.57,14.596254,8300
5930,2006-07-03,43.700001,44.049999,43.599998,44.0,14.740307999999999,8100
5931,2006-07-05,44.0,44.009997999999996,43.25,43.639998999999996,14.619704999999998,21900
5932,2006-07-06,43.889998999999996,44.169998,43.619999,43.990002000000004,14.736956,24300
5933,2006-07-07,44.099998,45.0,44.0,44.599998,14.941312,39500
5934,2006-07-10,44.490002000000004,44.849998,44.099998,44.450001,14.891063,37500
5935,2006-07-11,44.630001,45.25,44.630001,45.099998,15.108822,41300
5936,2006-07-12,45.0,45.0,44.799999,44.849998,15.025063000000001,47100
5937,2006-07-13,44.720001,44.720001,44.25,44.389998999999996,14.998037,14900
5938,2006-07-14,44.400002,44.73,43.799999,44.0,14.866271,35500
5939,2006-07-17,43.900002,43.900002,43.200001,43.25,14.612863,19700
5940,2006-07-18,43.450001,44.07,43.299999,43.400002,14.663545999999998,14500
5941,2006-07-19,43.5,44.299999,43.400002,44.299999,14.967626999999998,25400
5942,2006-07-20,44.549999,44.849998,44.200001,44.349998,14.984526,24200
5943,2006-07-21,44.5,44.549999,43.200001,43.200001,14.595981,14100
5944,2006-07-24,43.200001,44.23,43.200001,43.830002,14.808824,17700
5945,2006-07-25,43.970001,44.82,43.950001,44.619999,15.075747,26800
5946,2006-07-26,44.869999,45.75,44.5,45.560001,15.393351999999998,30200
5947,2006-07-27,45.810001,46.099998,45.580002,45.869999,15.498091,15700
5948,2006-07-28,45.950001,45.970001,45.25,45.25,15.288603,12800
5949,2006-07-31,45.450001,46.209998999999996,45.450001,46.0,15.542013,34700
5950,2006-08-01,46.060001,46.25,45.400002,45.599998,15.406857,25900
5951,2006-08-02,46.200001,46.380001,46.009997999999996,46.27,15.633237,47100
5952,2006-08-03,46.02,46.330002,45.700001,46.310001,15.646745000000001,16800
5953,2006-08-04,46.34,46.34,45.900002,46.09,15.572416,20100
5954,2006-08-07,46.0,46.419998,45.810001,46.25,15.626482999999999,27500
5955,2006-08-08,46.209998999999996,46.41,45.849998,46.200001,15.609577999999999,25300
5956,2006-08-09,46.450001,46.84,46.099998,46.610001000000004,15.748102,27800
5957,2006-08-10,46.860001000000004,47.0,46.400002,46.700001,15.778521,17400
5958,2006-08-11,46.32,46.32,45.810001,46.099998,15.691719,18800
5959,2006-08-14,45.900002,46.0,45.259997999999996,45.27,15.409194,26200
5960,2006-08-15,45.52,46.099998,45.25,45.75,15.572576000000002,12800
5961,2006-08-16,45.759997999999996,46.290001000000004,45.759997999999996,46.0,15.657677,11400
5962,2006-08-17,46.0,46.0,45.5,46.0,15.657677,12700
5963,2006-08-18,46.009997999999996,46.130001,45.700001,46.119999,15.698533,15800
5964,2006-08-21,46.119999,46.299999,46.099998,46.169998,15.715564,8800
5965,2006-08-22,46.299999,46.59,46.049999,46.389998999999996,15.790428,13100
5966,2006-08-23,46.349998,46.380001,46.0,46.349998,15.776810000000001,9600
5967,2006-08-24,46.52,46.669998,46.400002,46.580002,15.855104,11300
5968,2006-08-25,46.48,46.599998,46.209998999999996,46.560001,15.848296,30900
5969,2006-08-28,46.400002,47.099998,46.0,46.950001,15.981048999999999,55200
5970,2006-08-29,47.299999,47.599998,46.810001,47.529999,16.178469,27100
5971,2006-08-30,47.540001000000004,48.25,47.150002,48.189999,16.403126,42700
5972,2006-08-31,48.150002,48.150002,47.0,47.599998,16.202288,35800
5973,2006-09-01,47.400002,47.900002,47.400002,47.900002,16.30442,21600
5974,2006-09-05,48.099998,49.049999,47.599998,49.049999,16.695857999999998,45000
5975,2006-09-06,49.009997999999996,49.349998,47.610001000000004,47.650002,16.219317999999998,61900
5976,2006-09-07,47.200001,47.599998,47.0,47.27,16.089975,42100
5977,2006-09-08,47.799999,48.299999,47.400002,47.5,16.168260999999998,49600
5978,2006-09-11,47.25,47.84,47.0,47.0,15.998066,54600
5979,2006-09-12,46.810001,47.799999,46.700001,47.799999,16.270363,60900
5980,2006-09-13,47.700001,47.779999,46.75,47.650002,16.351015,25800
5981,2006-09-14,47.650002,47.700001,46.900002,47.0,16.127962,40800
5982,2006-09-15,47.0,47.0,45.52,45.650002,15.664701999999998,52400
5983,2006-09-18,45.849998,46.490002000000004,45.700001,46.200001,15.853447000000001,27300
5984,2006-09-19,46.25,46.75,45.5,45.75,15.699024,17800
5985,2006-09-20,45.799999,46.040001000000004,44.16,44.299999,15.201463,51000
5986,2006-09-21,43.450001,44.099998,43.0,43.880001,15.057336,77800
5987,2006-09-22,43.880001,44.459998999999996,43.25,43.41,14.896061999999999,33000
5988,2006-09-25,43.049999,43.049999,40.900002,42.040001000000004,14.425945,83400
5989,2006-09-26,42.220001,43.0,42.0,43.0,14.755375,39400
5990,2006-09-27,43.599998,44.25,43.400002,44.099998,15.132843,32900
5991,2006-09-28,44.25,44.73,44.0,44.450001,15.252932000000001,33700
5992,2006-09-29,44.299999,45.290001000000004,44.299999,45.060001,15.46226,30300
5993,2006-10-02,45.299999,45.799999,45.0,45.0,15.441679,28800
5994,2006-10-03,45.200001,45.200001,43.75,43.880001,15.057336,30300
5995,2006-10-04,43.549999,44.5,43.0,44.5,15.270082999999998,30700
5996,2006-10-05,44.759997999999996,45.990002000000004,44.759997999999996,45.98,15.777946,39400
5997,2006-10-06,46.23,46.23,45.349998,45.560001,15.633844,14500
5998,2006-10-09,45.57,46.400002,45.57,46.130001,15.829429000000001,17100
5999,2006-10-10,46.139998999999996,46.150002,45.540001000000004,45.830002,15.726477,19100
6000,2006-10-11,45.689999,45.709998999999996,45.099998,45.299999,15.544611999999999,18600
6001,2006-10-12,45.27,45.5,44.950001,45.049999,15.554978,23500
6002,2006-10-13,44.799999,46.150002,44.799999,45.799999,15.81393,34400
6003,2006-10-16,45.549999,46.849998,45.25,46.720001,16.131584,22200
6004,2006-10-17,45.5,46.400002,45.5,46.360001000000004,16.007288,21800
6005,2006-10-18,46.080002,46.880001,46.080002,46.139998999999996,15.931332000000001,10100
6006,2006-10-19,46.099998,46.5,45.450001,46.5,16.055628,26500
6007,2006-10-20,46.5,46.5,46.200001,46.279999,15.979671,7300
6008,2006-10-23,46.150002,46.16,45.259997999999996,45.279999,15.634391,18700
6009,2006-10-24,44.75,46.400002,44.75,46.110001000000004,15.920971,28200
6010,2006-10-25,45.860001000000004,46.5,45.700001,46.349998,16.003839000000003,32800
6011,2006-10-26,46.48,46.5,46.0,46.5,16.055628,13800
6012,2006-10-27,46.5,46.880001,46.299999,46.330002,15.996925,13400
6013,2006-10-30,46.299999,46.52,45.830002,45.830002,15.824292999999999,22700
6014,2006-10-31,45.98,46.150002,45.549999,45.68,15.772501,25400
6015,2006-11-01,45.380001,47.25,45.380001,47.099998,16.262794,75800
6016,2006-11-02,47.099998,47.32,46.799999,47.299999,16.331854,20300
6017,2006-11-03,47.450001,48.849998,47.450001,48.75,16.832514,67800
6018,2006-11-06,49.07,49.860001000000004,48.779999,49.599998,17.126009,49500
6019,2006-11-07,49.790001000000004,51.830002,49.709998999999996,50.540001000000004,17.450567000000003,72100
6020,2006-11-08,50.549999,51.650002,50.549999,51.369999,17.737161999999998,42600
6021,2006-11-09,51.380001,51.450001,51.150002,51.389998999999996,17.744057,27000
6022,2006-11-10,51.389998999999996,51.389998999999996,50.759997999999996,50.82,17.547253,27300
6023,2006-11-13,50.0,50.0,48.75,49.25,17.162879999999998,45500
6024,2006-11-14,49.360001000000004,49.880001,49.360001000000004,49.799999,17.354544,27100
6025,2006-11-15,49.799999,49.799999,49.650002,49.73,17.330147,32100
6026,2006-11-16,49.619999,50.349998,49.049999,49.049999,17.093173999999998,56400
6027,2006-11-17,48.25,49.700001,48.110001000000004,49.5,17.249989000000003,38200
6028,2006-11-20,49.599998,49.599998,49.200001,49.27,17.169846,24900
6029,2006-11-21,49.52,49.950001,48.990002000000004,49.849998,17.371962,33200
6030,2006-11-22,50.0,50.700001,50.0,50.32,17.535763,17700
6031,2006-11-24,50.5,51.0,50.470001,51.0,17.772722,16300
6032,2006-11-27,51.0,51.200001,50.779999,51.200001,17.842415,38100
6033,2006-11-28,51.450001,52.0,51.23,52.0,18.121204000000002,31700
6034,2006-11-29,52.0,53.669998,52.0,53.43,18.619533999999998,47600
6035,2006-11-30,53.330002,54.869999,53.330002,54.740002000000004,19.076065,45100
6036,2006-12-01,54.98,55.07,54.599998,54.950001,19.149231,22200
6037,2006-12-04,55.0,55.150002,54.599998,54.790001000000004,19.093491,37200
6038,2006-12-05,54.98,57.0,50.200001,50.23,17.504385,187700
6039,2006-12-06,50.400002,51.799999,49.279999,51.0,17.772722,105700
6040,2006-12-07,50.009997999999996,50.200001,45.799999,45.970001,16.01984,372700
6041,2006-12-08,45.799999,45.849998,43.009997999999996,43.240002000000004,15.06848,344000
6042,2006-12-11,42.700001,45.369999,42.650002,45.049999,15.699237,197700
6043,2006-12-12,45.099998,45.849998,43.549999,43.950001,15.315906,132700
6044,2006-12-13,43.799999,45.75,43.75,44.790001000000004,15.674610000000001,63100
6045,2006-12-14,44.790001000000004,44.790001000000004,44.060001,44.450001,15.555628,48600
6046,2006-12-15,44.299999,44.450001,43.049999,43.220001,15.125179000000001,74400
6047,2006-12-18,43.220001,43.700001,42.34,42.650002,14.925691,72500
6048,2006-12-19,41.599998,43.349998,41.57,43.0,15.048184,82700
6049,2006-12-20,42.75,43.599998,42.5,42.950001,15.030691000000001,64100
6050,2006-12-21,42.799999,43.75,41.799999,42.150002,14.750717000000002,50000
6051,2006-12-22,41.900002,42.849998,41.900002,42.799999,14.978201,30900
6052,2006-12-26,42.75,43.200001,42.09,42.200001,14.768223999999998,23900
6053,2006-12-27,42.450001,42.599998,41.869999,42.59,14.904704999999998,37800
6054,2006-12-28,42.5,43.41,42.099998,42.400002,14.838207999999998,35500
6055,2006-12-29,42.099998,42.389998999999996,41.900002,42.27,14.792720000000001,34300
6056,2007-01-03,42.52,42.849998,40.959998999999996,41.0,14.348265,81900
6057,2007-01-04,40.75,41.0,40.02,40.200001,14.068298,92900
6058,2007-01-05,40.0,40.5,39.82,40.150002,14.050809,63100
6059,2007-01-08,40.400002,41.459998999999996,40.25,41.029999,14.358776999999998,49500
6060,2007-01-09,41.029999,41.029999,40.049999,40.599998,14.208286,57400
6061,2007-01-10,40.349998,40.360001000000004,39.720001,39.919998,13.970310000000001,70600
6062,2007-01-11,39.380001,40.59,38.810001,39.150002,13.79902,49100
6063,2007-01-12,39.009997999999996,39.23,38.830002,39.0,13.74615,78500
6064,2007-01-16,39.25,39.52,38.689999,38.889998999999996,13.707378,45500
6065,2007-01-17,38.709998999999996,39.470001,38.700001,39.290001000000004,13.848369,61900
6066,2007-01-18,39.369999,39.540001000000004,39.009997999999996,39.07,13.770822,29900
6067,2007-01-19,39.200001,39.200001,38.860001000000004,38.860001000000004,13.696801999999998,55200
6068,2007-01-22,38.869999,39.389998999999996,38.810001,39.330002,13.862464000000001,105300
6069,2007-01-23,39.580002,40.619999,39.580002,40.200001,14.1691,79900
6070,2007-01-24,40.25,41.099998,40.0,40.630001,14.320661999999999,68900
6071,2007-01-25,40.66,40.779999,40.0,40.299999,14.204348999999999,34700
6072,2007-01-26,40.549999,40.77,40.299999,40.299999,14.204348999999999,28600
6073,2007-01-29,40.439999,40.75,40.400002,40.490002000000004,14.271319,22900
6074,2007-01-30,40.900002,41.650002,40.900002,41.400002,14.592054999999998,45500
6075,2007-01-31,41.650002,42.099998,41.110001000000004,41.639998999999996,14.676664,44100
6076,2007-02-01,41.889998999999996,42.599998,41.720001,42.439999,14.958642000000001,40900
6077,2007-02-02,42.689999,42.939999,42.549999,42.759997999999996,15.071411999999999,27100
6078,2007-02-05,43.029999,43.34,42.73,42.73,15.060834,25900
6079,2007-02-06,42.700001,43.25,42.610001000000004,42.650002,15.032639999999999,20600
6080,2007-02-07,42.650002,43.360001000000004,42.650002,43.200001,15.226510000000001,26400
6081,2007-02-08,43.299999,43.299999,42.610001000000004,43.139998999999996,15.205359,29600
6082,2007-02-09,43.150002,43.34,42.849998,43.18,15.219454,19200
6083,2007-02-12,43.419998,43.5,42.16,42.209998999999996,14.877563,37900
6084,2007-02-13,41.5,42.799999,41.23,42.360001000000004,15.034441000000001,48800
6085,2007-02-14,42.610001000000004,42.610001000000004,40.700001,41.330002,14.668875,47300
6086,2007-02-15,41.630001,41.66,40.700001,41.200001,14.622732999999998,31800
6087,2007-02-16,40.799999,41.349998,40.759997999999996,41.259997999999996,14.644035999999998,28900
6088,2007-02-20,41.5,41.650002,40.790001000000004,40.93,14.5269,31500
6089,2007-02-21,41.18,41.209998999999996,40.700001,40.740002000000004,14.459462,23000
6090,2007-02-22,40.700001,42.650002,40.700001,42.32,15.02024,70200
6091,2007-02-23,42.57,42.619999,41.889998999999996,41.889998999999996,14.867628,37300
6092,2007-02-26,41.790001000000004,42.0,41.700001,41.700001,14.800192000000001,14600
6093,2007-02-27,41.599998,41.880001,41.02,41.150002,14.604994,15500
6094,2007-02-28,40.470001,40.599998,39.830002,40.060001,14.218119,66000
6095,2007-03-01,40.060001,40.650002,39.900002,40.610001000000004,14.413319,32900
6096,2007-03-02,40.799999,41.5,40.560001,41.389998999999996,14.690164000000001,34000
6097,2007-03-05,41.139998999999996,41.200001,40.75,40.889998999999996,14.512704000000001,35100
6098,2007-03-06,41.5,42.5,40.950001,41.5,14.72921,35000
6099,2007-03-07,41.599998,41.830002,41.25,41.450001,14.711457999999999,71400
6100,2007-03-08,41.650002,41.66,41.450001,41.580002,14.7576,6900
6101,2007-03-09,41.75,41.860001000000004,40.900002,41.07,14.576585999999999,22900
6102,2007-03-12,41.299999,41.299999,40.630001,40.639998999999996,14.423975,31600
6103,2007-03-13,40.599998,40.73,40.400002,40.400002,14.423248999999998,15500
6104,2007-03-14,40.650002,40.650002,40.259997999999996,40.400002,14.423248999999998,11700
6105,2007-03-15,39.68,40.380001,39.560001,40.049999,14.298310999999998,26300
6106,2007-03-16,39.32,39.689999,39.32,39.450001,14.084089,79500
6107,2007-03-19,39.5,39.630001,38.799999,39.07,13.948432,48700
6108,2007-03-20,38.849998,39.77,38.849998,39.650002,14.1555,41000
6109,2007-03-21,39.700001,40.400002,39.599998,40.119999,14.323295000000002,24200
6110,2007-03-22,40.75,40.869999,40.529999,40.700001,14.530366,18600
6111,2007-03-23,40.700001,40.860001000000004,40.59,40.82,14.573196,14200
6112,2007-03-26,40.900002,41.330002,40.799999,41.200001,14.708875,13000
6113,2007-03-27,41.0,41.389998999999996,41.0,41.299999,14.744572,23700
6114,2007-03-28,41.619999,42.5,41.5,41.689999,14.883804000000001,29500
6115,2007-03-29,42.189999,42.189999,40.810001,40.84,14.580342000000002,32500
6116,2007-03-30,41.099998,41.25,40.849998,41.23,14.719578,16300
6117,2007-04-02,41.150002,41.5,41.099998,41.259997999999996,14.730288,16200
6118,2007-04-03,40.900002,41.34,40.810001,41.169998,14.698154999999998,20700
6119,2007-04-04,41.599998,42.450001,41.599998,42.450001,15.155126000000001,32500
6120,2007-04-05,42.599998,43.0,42.400002,42.5,15.172982999999999,54400
6121,2007-04-09,42.75,43.860001000000004,42.700001,43.07,15.376476,52600
6122,2007-04-10,43.080002,43.400002,43.080002,43.400002,15.494292000000002,16100
6123,2007-04-11,43.400002,44.0,43.349998,43.439999,15.508562,27700
6124,2007-04-12,43.349998,43.349998,42.849998,43.0,15.463978,36300
6125,2007-04-13,43.029999,43.77,43.029999,43.549999,15.661775,26700
6126,2007-04-16,43.200001,43.57,43.200001,43.509997999999996,15.647379999999998,12300
6127,2007-04-17,42.75,43.5,42.75,42.970001,15.453194,37600
6128,2007-04-18,42.720001,43.049999,42.650002,42.790001000000004,15.388466000000001,16300
6129,2007-04-19,42.540001000000004,42.540001000000004,42.0,42.009997999999996,15.107941,19300
6130,2007-04-20,42.119999,42.400002,42.060001,42.34,15.226636,23300
6131,2007-04-23,42.540001000000004,42.790001000000004,42.470001,42.599998,15.320132999999998,13000
6132,2007-04-24,42.610001000000004,42.610001000000004,42.110001000000004,42.110001000000004,15.14391,13200
6133,2007-04-25,42.150002,42.5,42.150002,42.200001,15.176273000000002,21200
6134,2007-04-26,42.32,42.5,42.049999,42.169998,15.165495000000002,16600
6135,2007-04-27,42.049999,42.419998,42.049999,42.150002,15.158294,9100
6136,2007-04-30,42.09,42.09,41.509997999999996,41.630001,14.971289,38900
6137,2007-05-01,41.360001000000004,41.630001,41.290001000000004,41.52,14.931733,23300
6138,2007-05-02,42.5,42.5,42.16,42.369999,15.237406,26300
6139,2007-05-03,42.32,43.5,42.310001,43.5,15.643784,38900
6140,2007-05-04,42.25,43.5,42.07,43.080002,15.49275,40900
6141,2007-05-07,42.740002000000004,43.419998,42.740002000000004,42.849998,15.410034,21800
6142,2007-05-08,43.099998,43.48,42.830002,43.169998,15.525104999999998,14200
6143,2007-05-09,43.310001,43.75,43.220001,43.549999,15.661775,17200
6144,2007-05-10,43.900002,43.900002,43.240002000000004,43.32,15.57906,45800
6145,2007-05-11,42.849998,43.150002,42.220001,42.889998999999996,15.546442,32700
6146,2007-05-14,43.099998,43.139998999999996,42.700001,42.779999,15.506572,21300
6147,2007-05-15,42.779999,43.0,42.0,42.009997999999996,15.227454000000002,26800
6148,2007-05-16,41.880001,41.93,40.990002000000004,41.18,14.926614,59500
6149,2007-05-17,41.540001000000004,41.540001000000004,41.150002,41.290001000000004,14.966493,59800
6150,2007-05-18,41.450001,42.0,41.450001,41.630001,15.089720999999999,25400
6151,2007-05-21,41.75,42.560001,41.549999,42.220001,15.303592000000002,46500
6152,2007-05-22,42.700001,42.799999,42.5,42.720001,15.484810999999999,28600
6153,2007-05-23,42.950001,43.25,42.799999,42.860001000000004,15.535563,33400
6154,2007-05-24,42.860001000000004,43.279999,42.169998,42.220001,15.303592000000002,26600
6155,2007-05-25,42.509997999999996,42.509997999999996,42.299999,42.400002,15.368820000000001,18700
6156,2007-05-29,42.650002,42.700001,42.130001,42.279999,15.32533,10400
6157,2007-05-30,42.279999,42.900002,42.279999,42.549999,15.4232,20500
6158,2007-05-31,42.799999,43.0,42.619999,42.990002000000004,15.582684,47200
6159,2007-06-01,43.0,43.5,42.849998,43.459998999999996,15.753045000000002,52000
6160,2007-06-04,44.0,44.630001,43.700001,44.419998,16.101023,61200
6161,2007-06-05,44.52,44.52,43.560001,43.700001,15.840038,55500
6162,2007-06-06,43.849998,43.849998,42.720001,42.91,15.553698,40300
6163,2007-06-07,42.900002,42.900002,41.73,41.73,15.125973000000002,53300
6164,2007-06-08,41.25,41.650002,41.099998,41.650002,15.096979000000001,60600
6165,2007-06-11,41.650002,42.73,41.639998999999996,42.650002,15.459444,42200
6166,2007-06-12,42.599998,43.0,42.200001,42.209998999999996,15.299957999999998,27200
6167,2007-06-13,41.799999,42.459998999999996,41.799999,42.150002,15.38023,27800
6168,2007-06-14,42.110001000000004,42.310001,41.98,42.040001000000004,15.340095999999999,15400
6169,2007-06-15,42.009997999999996,42.400002,42.0,42.259997999999996,15.420382,23300
6170,2007-06-18,42.32,42.400002,42.18,42.299999,15.434967000000002,13700
6171,2007-06-19,42.52,42.52,42.330002,42.400002,15.471451,19500
6172,2007-06-20,42.169998,42.25,41.650002,41.650002,15.197795000000001,21800
6173,2007-06-21,41.5,42.0,41.5,42.0,15.325513,15600
6174,2007-06-22,41.830002,42.23,41.669998,42.099998,15.362,12400
6175,2007-06-25,41.950001,42.25,41.630001,42.099998,15.362,25300
6176,2007-06-26,42.349998,42.5,41.759997999999996,41.790001000000004,15.248875,17200
6177,2007-06-27,41.950001,41.959998999999996,41.5,41.740002000000004,15.23063,27300
6178,2007-06-28,42.380001,42.380001,41.509997999999996,41.509997999999996,15.146695000000001,21600
6179,2007-06-29,41.560001,42.25,41.560001,42.0,15.325513,24100
6180,2007-07-02,42.0,42.150002,41.610001000000004,42.099998,15.362,39900
6181,2007-07-03,41.700001,42.509997999999996,41.700001,42.5,15.507944,9100
6182,2007-07-05,42.5,42.869999,42.25,42.57,15.533489000000001,33800
6183,2007-07-06,42.77,42.98,42.619999,42.889998999999996,15.650260999999999,9200
6184,2007-07-09,42.849998,43.490002000000004,42.25,43.48,15.86554,38000
6185,2007-07-10,43.450001,43.52,42.970001,43.34,15.814460999999998,29700
6186,2007-07-11,43.5,43.529999,43.040001000000004,43.259997999999996,15.785266,41100
6187,2007-07-12,42.950001,42.950001,42.209998999999996,42.610001000000004,15.670888,41000
6188,2007-07-13,42.610001000000004,43.380001,42.400002,42.990002000000004,15.810645000000001,20300
6189,2007-07-16,43.0,43.84,43.0,43.23,15.898905,40900
6190,2007-07-17,42.740002000000004,43.560001,42.5,42.950001,15.79594,36200
6191,2007-07-18,43.049999,43.09,42.580002,43.02,15.821672,26100
6192,2007-07-19,43.0,43.66,42.950001,43.470001,15.987164000000002,21500
6193,2007-07-20,43.549999,43.830002,43.299999,43.459998999999996,15.983495999999999,18000
6194,2007-07-23,43.299999,43.450001,41.950001,43.0,15.814318,55900
6195,2007-07-24,42.549999,43.0,42.150002,42.59,15.663530999999999,30900
6196,2007-07-25,42.959998999999996,42.959998999999996,42.049999,42.259997999999996,15.542164999999999,37100
6197,2007-07-26,42.0,42.200001,41.759997999999996,41.950001,15.428158999999999,30200
6198,2007-07-27,42.0,42.0,41.259997999999996,41.84,15.387704999999999,26600
6199,2007-07-30,41.509997999999996,43.0,41.509997999999996,41.880001,15.402410999999999,23600
6200,2007-07-31,42.0,42.77,42.0,42.049999,15.464936999999999,18700
6201,2007-08-01,41.900002,42.369999,41.900002,42.200001,15.520102,21100
6202,2007-08-02,42.5,42.759997999999996,42.119999,42.759997999999996,15.726057,23100
6203,2007-08-03,42.759997999999996,43.619999,42.16,42.75,15.722375,51900
6204,2007-08-06,42.25,42.25,41.5,41.759997999999996,15.358284,55300
6205,2007-08-07,41.650002,42.009997999999996,41.43,41.75,15.354604,32300
6206,2007-08-08,42.0,42.560001,41.599998,42.509997999999996,15.634109,32600
6207,2007-08-09,42.25,42.950001,41.349998,41.400002,15.225885,31800
6208,2007-08-10,41.259997999999996,42.09,40.580002,42.040001000000004,15.461248999999999,28500
6209,2007-08-13,42.049999,42.73,41.330002,41.669998,15.468688,35000
6210,2007-08-14,41.799999,42.349998,41.68,41.860001000000004,15.539214999999999,17500
6211,2007-08-15,41.84,42.5,40.580002,40.68,15.101170999999999,47600
6212,2007-08-16,39.950001,40.529999,38.779999,40.529999,15.0455,75700
6213,2007-08-17,40.0,41.0,40.0,40.889998999999996,15.179128,29000
6214,2007-08-20,41.0,41.169998,41.0,41.09,15.253379999999998,9300
6215,2007-08-21,41.02,41.240002000000004,40.900002,41.060001,15.242238,7500
6216,2007-08-22,41.360001000000004,41.720001,41.110001000000004,41.349998,15.349892,10500
6217,2007-08-23,41.5,41.799999,41.400002,41.779999,15.509519000000001,15300
6218,2007-08-24,41.98,42.099998,41.48,41.970001,15.580046,13800
6219,2007-08-27,41.849998,42.25,41.82,42.0,15.591187,20800
6220,2007-08-28,41.959998999999996,42.080002,41.759997999999996,41.939999,15.568904000000002,9300
6221,2007-08-29,41.82,42.310001,41.82,42.240002000000004,15.680272,15100
6222,2007-08-30,42.639998999999996,42.639998999999996,42.200001,42.259997999999996,15.687698999999999,14600
6223,2007-08-31,42.200001,42.549999,42.200001,42.400002,15.739660999999998,4900
6224,2007-09-04,42.580002,43.419998,42.580002,42.650002,15.832481,19700
6225,2007-09-05,43.009997999999996,43.299999,42.400002,43.25,16.055208,14700
6226,2007-09-06,43.049999,43.450001,42.91,43.400002,16.110895000000003,18900
6227,2007-09-07,43.200001,43.41,42.93,43.240002000000004,16.051495000000003,17000
6228,2007-09-10,43.400002,43.5,42.900002,43.310001,16.077477,22600
6229,2007-09-11,43.200001,43.5,43.07,43.400002,16.110895000000003,8400
6230,2007-09-12,43.490002000000004,43.75,43.16,43.299999,16.073763,8800
6231,2007-09-13,43.450001,43.450001,42.77,42.91,16.040878,11700
6232,2007-09-14,42.599998,43.279999,42.599998,43.25,16.167976,30400
6233,2007-09-17,43.200001,43.73,42.110001000000004,43.43,16.235262,15000
6234,2007-09-18,42.43,43.25,42.0,42.360001000000004,15.835278,35700
6235,2007-09-19,42.32,43.619999,42.32,43.400002,16.224041,38400
6236,2007-09-20,43.200001,43.75,42.540001000000004,42.84,16.014702,26800
6237,2007-09-21,43.0,43.68,43.0,43.27,16.175447,15000
6238,2007-09-24,43.27,43.75,43.18,43.689999,16.332441,16400
6239,2007-09-25,43.650002,43.889998999999996,43.490002000000004,43.82,16.381056,19300
6240,2007-09-26,43.740002000000004,44.049999,43.5,43.900002,16.410959,18800
6241,2007-09-27,43.990002000000004,44.0,43.82,43.950001,16.429653,4200
6242,2007-09-28,44.25,44.25,43.810001,44.060001,16.470782999999997,13100
6243,2007-10-01,44.349998,45.040001000000004,44.07,44.07,16.474489000000002,20800
6244,2007-10-02,44.099998,44.77,44.099998,44.720001,16.717487,21800
6245,2007-10-03,44.849998,45.950001,44.25,45.529999,17.02029,44800
6246,2007-10-04,45.650002,47.130001,45.48,46.630001,17.431504999999998,38000
6247,2007-10-05,46.560001,47.0,46.0,46.07,17.222158,27400
6248,2007-10-08,46.0,47.5,46.0,46.400002,17.345528,21000
6249,2007-10-09,46.299999,46.5,46.130001,46.150002,17.25206,10900
6250,2007-10-10,46.099998,46.849998,46.099998,46.849998,17.513733,21200
6251,2007-10-11,46.389998999999996,46.389998999999996,46.049999,46.099998,17.393010999999998,28700
6252,2007-10-12,46.25,46.990002000000004,46.25,46.360001000000004,17.491101999999998,20500
6253,2007-10-15,46.48,47.41,46.34,47.290001000000004,17.841982,26400
6254,2007-10-16,46.700001,47.400002,46.549999,46.900002,17.694848999999998,31700
6255,2007-10-17,46.700001,47.0,46.34,47.0,17.732569,24200
6256,2007-10-18,47.18,47.18,46.849998,47.0,17.732569,19200
6257,2007-10-19,46.950001,47.0,46.540001000000004,46.759997999999996,17.642019,10300
6258,2007-10-22,46.5,46.5,45.259997999999996,46.0,17.355282,38700
6259,2007-10-23,46.099998,46.099998,45.259997999999996,45.5,17.166645000000003,11400
6260,2007-10-24,45.200001,45.849998,45.200001,45.849998,17.298685,11300
6261,2007-10-25,46.0,47.25,45.860001000000004,47.060001,17.755205,16800
6262,2007-10-26,47.25,47.360001000000004,47.080002,47.189999,17.804256,5900
6263,2007-10-29,47.5,47.75,47.099998,47.419998,17.891033,18500
6264,2007-10-30,46.75,48.0,46.66,47.07,17.758972,21100
6265,2007-10-31,47.07,48.0,47.07,47.77,18.023094,22600
6266,2007-11-01,47.77,49.0,47.77,48.169998,18.173996,32700
6267,2007-11-02,48.32,49.5,48.32,49.470001,18.664478,28900
6268,2007-11-05,50.259997999999996,50.5,49.220001,50.330002,18.988948999999998,55300
6269,2007-11-06,49.439999,51.25,49.439999,51.060001,19.264353,33000
6270,2007-11-07,51.02,51.5,48.290001000000004,50.779999,19.158720000000002,68900
6271,2007-11-08,51.0,51.439999,50.5,50.950001,19.222849,46400
6272,2007-11-09,51.18,51.18,49.59,50.25,18.958763,36800
6273,2007-11-12,52.040001000000004,52.040001000000004,48.900002,49.040001000000004,18.502239000000003,42900
6274,2007-11-13,49.349998,49.549999,47.919998,49.5,18.818926,47400
6275,2007-11-14,48.990002000000004,49.73,48.200001,48.450001,18.419735,20800
6276,2007-11-15,47.619999,48.349998,45.869999,47.970001,18.23724,43600
6277,2007-11-16,47.970001,49.990002000000004,47.639998999999996,48.18,18.317089000000003,36900
6278,2007-11-19,48.0,48.279999,47.709998999999996,48.240002000000004,18.339907,13500
6279,2007-11-20,47.5,49.41,47.5,49.389998999999996,18.7771,19600
6280,2007-11-21,48.389998999999996,49.470001,48.389998999999996,49.02,18.63644,12700
6281,2007-11-23,49.099998,49.34,47.98,48.75,18.533783,5600
6282,2007-11-26,49.349998,50.02,48.689999,49.700001,18.894964,26500
6283,2007-11-27,49.75,49.75,47.5,48.259997999999996,18.347513,31000
6284,2007-11-28,48.599998,49.349998,47.549999,47.759997999999996,18.157410000000002,27400
6285,2007-11-29,48.0,48.689999,47.139998999999996,48.049999,18.267672,20500
6286,2007-11-30,48.5,48.5,47.82,47.82,18.180229,21300
6287,2007-12-03,48.540001000000004,48.540001000000004,48.0,48.299999,18.362713,18100
6288,2007-12-04,48.5,49.099998,48.07,48.369999,18.38932,19000
6289,2007-12-05,48.75,48.799999,48.16,48.389998999999996,18.396932999999997,23700
6290,2007-12-06,47.939999,49.869999,47.939999,49.349998,18.761906,47500
6291,2007-12-07,49.150002,49.5,49.0,49.310001,18.7467,11400
6292,2007-12-10,48.900002,49.299999,47.299999,48.0,18.248659,35000
6293,2007-12-11,48.860001000000004,48.860001000000004,47.330002,47.860001000000004,18.195421,14900
6294,2007-12-12,47.389998999999996,49.68,47.290001000000004,49.119999,18.674454,51100
6295,2007-12-13,48.950001,48.950001,47.549999,47.82,18.279587,17900
6296,2007-12-14,47.77,48.139998999999996,47.27,47.5,18.157278,9900
6297,2007-12-17,47.75,47.75,45.23,45.23,17.289536,21600
6298,2007-12-18,45.009997999999996,46.669998,45.009997999999996,46.23,17.671799,25200
6299,2007-12-19,46.0,46.549999,45.049999,45.880001,17.538012,28800
6300,2007-12-20,45.459998999999996,46.130001,45.07,45.41,17.358353,12000
6301,2007-12-21,45.419998,45.860001000000004,44.77,45.0,17.201622,19500
6302,2007-12-24,44.549999,44.900002,43.400002,44.709998999999996,17.090769,28200
6303,2007-12-26,44.75,45.110001000000004,44.650002,45.110001000000004,17.243671,17900
6304,2007-12-27,45.34,45.720001,44.669998,44.669998,17.075472,12600
6305,2007-12-28,44.720001,44.93,43.849998,43.900002,16.781126,14700
6306,2007-12-31,43.509997999999996,44.07,42.23,42.880001,16.391233,34800
6307,2008-01-02,43.0,45.02,42.93,45.02,17.20927,22100
6308,2008-01-03,45.709998999999996,47.200001,45.470001,46.610001000000004,17.817049,26600
6309,2008-01-04,46.650002,47.220001,46.080002,46.98,17.958498000000002,22400
6310,2008-01-07,46.220001,47.0,46.009997999999996,46.669998,17.839980999999998,15800
6311,2008-01-08,46.669998,47.200001,45.009997999999996,45.259997999999996,17.301008,28300
6312,2008-01-09,45.560001,46.470001,45.560001,46.209998999999996,17.664165,20600
6313,2008-01-10,46.25,48.369999,46.25,46.779999,17.882044,47000
6314,2008-01-11,46.700001,47.0,46.049999,46.290001000000004,17.820833,14300
6315,2008-01-14,46.400002,47.07,44.990002000000004,45.98,17.701469,10800
6316,2008-01-15,46.040001000000004,46.209998999999996,45.080002,45.080002,17.354998000000002,10700
6317,2008-01-16,45.259997999999996,45.259997999999996,43.82,43.950001,16.919970000000003,21800
6318,2008-01-17,43.959998999999996,44.790001000000004,42.75,42.82,16.48493,22000
6319,2008-01-18,42.75,43.799999,41.25,42.02,16.17696,30300
6320,2008-01-22,40.259997999999996,41.400002,40.049999,40.610001000000004,15.634125,44700
6321,2008-01-23,40.009997999999996,40.560001,38.5,39.610001000000004,15.249145,64400
6322,2008-01-24,40.0,41.0,39.66,40.240002000000004,15.491689000000001,60200
6323,2008-01-25,41.0,41.369999,40.099998,40.66,15.653378,61600
6324,2008-01-28,41.189999,41.48,40.669998,41.02,15.791958,24700
6325,2008-01-29,41.450001,42.68,41.0,41.43,15.949810000000001,35200
6326,2008-01-30,42.150002,42.599998,41.619999,42.299999,16.284742,38800
6327,2008-01-31,42.5,43.400002,42.27,43.169998,16.619682,23000
6328,2008-02-01,43.599998,44.419998,43.299999,43.759997999999996,16.846817,34600
6329,2008-02-04,44.290001000000004,44.869999,43.75,44.720001,17.216407999999998,20500
6330,2008-02-05,44.5,45.299999,43.25,45.299999,17.439697,45900
6331,2008-02-06,46.869999,46.869999,44.93,45.16,17.385799,27400
6332,2008-02-07,45.0,45.93,44.880001,45.48,17.508989,30000
6333,2008-02-08,45.5,46.290001000000004,45.099998,46.150002,17.766914,27100
6334,2008-02-11,46.950001,47.5,46.049999,47.389998999999996,18.244308,50400
6335,2008-02-12,48.0,48.0,46.919998,47.400002,18.248158,50000
6336,2008-02-13,47.07,47.849998,46.779999,47.799999,18.591198000000002,32500
6337,2008-02-14,46.919998,48.48,46.919998,47.830002,18.602857999999998,29100
6338,2008-02-15,48.25,48.32,47.610001000000004,47.799999,18.591198000000002,10900
6339,2008-02-19,48.009997999999996,48.5,47.849998,48.439999,18.840115,31500
6340,2008-02-20,48.610001000000004,48.990002000000004,48.5,48.98,19.05014,10100
6341,2008-02-21,49.490002000000004,49.490002000000004,46.950001,47.080002,18.311169,35500
6342,2008-02-22,47.259997999999996,49.450001,47.0,48.400002,18.82456,19600
6343,2008-02-25,48.970001,49.490002000000004,48.970001,49.470001,19.240725,28100
6344,2008-02-26,49.470001,49.5,48.169998,49.419998,19.221291,27700
6345,2008-02-27,49.5,49.950001,47.560001,49.380001,19.205725,104100
6346,2008-02-28,49.200001,49.990002000000004,48.939999,49.900002,19.407958999999998,27900
6347,2008-02-29,49.5,49.799999,49.169998,49.369999,19.201829999999998,26800
6348,2008-03-03,49.650002,51.0,49.549999,50.200001,19.524656,51800
6349,2008-03-04,49.119999,50.950001,49.099998,50.18,19.516872,43400
6350,2008-03-05,50.900002,51.0,49.900002,51.0,19.835798,29400
6351,2008-03-06,51.240002000000004,51.450001,49.509997999999996,50.75,19.738554,52300
6352,2008-03-07,50.990002000000004,52.0,50.0,51.990002000000004,20.220845999999998,75700
6353,2008-03-10,52.099998,53.0,51.57,52.209998999999996,20.306411999999998,55100
6354,2008-03-11,52.990002000000004,53.25,51.880001,52.099998,20.263626000000002,32600
6355,2008-03-12,52.490002000000004,53.080002,51.75,52.349998,20.360853,45100
6356,2008-03-13,51.529999,52.150002,50.619999,52.0,20.370266,39600
6357,2008-03-14,51.599998,52.5,51.549999,51.900002,20.331087,48100
6358,2008-03-17,51.900002,52.049999,48.490002000000004,50.779999,19.892344,42300
6359,2008-03-18,52.099998,52.099998,50.0,51.0,19.978542,47100
6360,2008-03-19,50.599998,50.93,49.509997999999996,49.950001,19.567219,39600
6361,2008-03-20,49.0,49.049999,47.139998999999996,48.32,18.928675,74600
6362,2008-03-24,48.25,49.349998,48.009997999999996,48.73,19.089281,26200
6363,2008-03-25,48.849998,49.470001,48.25,49.0,19.195055,14300
6364,2008-03-26,49.5,50.560001,49.169998,50.560001,19.806162,18900
6365,2008-03-27,50.509997999999996,51.25,50.509997999999996,51.060001,20.002035,16100
6366,2008-03-28,51.990002000000004,51.990002000000004,50.25,50.27,19.692579000000002,16800
6367,2008-03-31,51.25,51.27,49.939999,50.400002,19.743481,15100
6368,2008-04-01,51.099998,51.099998,49.509997999999996,50.099998,19.625969,24000
6369,2008-04-02,50.0,50.790001000000004,49.959998999999996,50.75,19.8806,24500
6370,2008-04-03,50.75,51.950001,50.630001,51.75,20.272339000000002,16700
6371,2008-04-04,51.990002000000004,52.709998999999996,51.0,52.52,20.573957,31500
6372,2008-04-07,52.990002000000004,53.25,52.700001,53.040001000000004,20.777676,31100
6373,2008-04-08,53.23,53.849998,52.400002,53.049999,20.781579999999998,29700
6374,2008-04-09,53.830002,54.439999,53.450001,54.279999,21.263433,36900
6375,2008-04-10,54.419998,54.77,53.450001,54.290001000000004,21.267345000000002,40700
6376,2008-04-11,53.27,55.0,53.27,54.110001000000004,21.36249,15600
6377,2008-04-14,54.75,55.610001000000004,54.07,54.369999,21.465134,25000
6378,2008-04-15,54.599998,56.200001,54.59,56.200001,22.187607,23400
6379,2008-04-16,56.380001,56.700001,54.599998,54.82,21.642794,47000
6380,2008-04-17,54.509997999999996,55.25,54.0,55.0,21.713858,25700
6381,2008-04-18,56.380001,56.380001,54.009997999999996,54.5,21.516459,24300
6382,2008-04-21,56.799999,56.799999,54.669998,55.549999,21.931002,22700
6383,2008-04-22,55.549999,56.439999,55.0,55.029999,21.72571,32200
6384,2008-04-23,55.150002,55.720001,54.509997999999996,54.919998,21.682282999999998,26100
6385,2008-04-24,54.639998999999996,54.700001,51.200001,52.07,20.5571,41700
6386,2008-04-25,51.959998999999996,53.849998,51.959998999999996,53.459998999999996,21.105875,15000
6387,2008-04-28,52.830002,55.419998,52.830002,54.630001,21.567781,27600
6388,2008-04-29,53.799999,55.220001,52.470001,52.509997999999996,20.73081,32100
6389,2008-04-30,52.5,53.720001,52.0,52.599998,20.766348,26000
6390,2008-05-01,53.0,53.110001000000004,49.310001,50.0,19.739862,100500
6391,2008-05-02,50.240002000000004,51.279999,48.650002,50.869999,20.083351,56000
6392,2008-05-05,50.900002,54.82,50.900002,54.82,21.642794,54700
6393,2008-05-06,54.939999,55.939999,53.580002,55.23,21.804651,49700
6394,2008-05-07,55.5,56.5,55.23,56.0,22.108665,48400
6395,2008-05-08,56.0,57.0,56.0,56.740002000000004,22.400816,23700
6396,2008-05-09,57.490002000000004,57.869999,56.389998999999996,57.75,22.799560999999997,32800
6397,2008-05-12,57.490002000000004,58.099998,57.490002000000004,57.599998,22.740326,32700
6398,2008-05-13,57.299999,57.299999,55.610001000000004,56.599998,22.540012,40100
6399,2008-05-14,56.360001000000004,57.0,55.799999,56.07,22.328962,21700
6400,2008-05-15,56.470001,56.82,55.580002,55.799999,22.221436999999998,22200
6401,2008-05-16,55.799999,56.98,55.5,56.799999,22.619664999999998,39600
6402,2008-05-19,56.389998999999996,57.799999,56.389998999999996,57.599998,22.93824,54800
6403,2008-05-20,58.84,58.900002,57.639998999999996,58.790001000000004,23.412151,30300
6404,2008-05-21,58.509997999999996,61.98,58.509997999999996,60.610001000000004,24.136936,62000
6405,2008-05-22,61.689999,61.970001,59.0,60.290001000000004,24.009504,31600
6406,2008-05-23,60.299999,61.779999,60.290001000000004,61.5,24.491364,40500
6407,2008-05-27,62.0,63.0,60.59,62.799999,25.009068,44600
6408,2008-05-28,64.199997,64.199997,61.369999,62.919998,25.056864,29500
6409,2008-05-29,63.889998999999996,63.889998999999996,62.279999,62.799999,25.009068,46800
6410,2008-05-30,63.5,66.989998,63.5,65.0,25.885168,48200
6411,2008-06-02,65.0,66.449997,64.120003,65.300003,26.004654000000002,50700
6412,2008-06-03,66.489998,67.300003,65.43,65.699997,26.163960999999997,65200
6413,2008-06-04,66.089996,66.089996,62.66,63.490002000000004,25.28385,79100
6414,2008-06-05,64.910004,65.760002,62.110001000000004,65.5,26.084303,62200
6415,2008-06-06,65.989998,69.529999,65.989998,69.5,27.677236999999998,99400
6416,2008-06-09,70.75,70.75,66.57,67.699997,26.960413,120900
6417,2008-06-10,67.699997,68.25,64.029999,67.099998,26.721481,55500
6418,2008-06-11,67.739998,70.690002,66.0,70.0,27.876352,69200
6419,2008-06-12,68.019997,70.050003,67.0,67.360001,27.012163,39700
6420,2008-06-13,67.300003,67.300003,64.400002,65.300003,26.186076999999997,31500
6421,2008-06-16,66.699997,66.699997,64.800003,65.550003,26.286339,22800
6422,2008-06-17,66.5,66.5,65.209999,66.449997,26.647238,29500
6423,2008-06-18,66.449997,67.470001,66.099998,66.529999,26.679316999999998,30400
6424,2008-06-19,66.5,66.839996,64.0,64.0,25.664772,34700
6425,2008-06-20,63.75,65.900002,63.75,63.790001000000004,25.580551,24500
6426,2008-06-23,63.790001000000004,66.370003,63.790001000000004,66.349998,26.607159000000003,53700
6427,2008-06-24,67.779999,68.230003,65.779999,65.779999,26.378572,40800
6428,2008-06-25,65.529999,65.849998,62.150002,64.690002,25.941473000000002,55900
6429,2008-06-26,65.050003,66.349998,64.949997,65.239998,26.162016,36000
6430,2008-06-27,66.66999799999999,68.5,66.5,67.25,26.968054,42800
6431,2008-06-30,68.75,69.150002,67.599998,68.160004,27.332984999999997,35900
6432,2008-07-01,68.489998,69.949997,68.489998,69.949997,28.050795,47000
6433,2008-07-02,70.0,70.150002,68.510002,68.639999,27.525461,39600
6434,2008-07-03,68.019997,68.019997,61.619999,65.610001,26.31039,95100
6435,2008-07-07,67.08000200000001,67.08000200000001,64.290001,66.290001,26.583085999999998,73000
6436,2008-07-08,65.0,66.120003,61.389998999999996,63.209998999999996,25.34796,104400
6437,2008-07-09,63.73,66.639999,63.0,65.589996,26.302374,64200
6438,2008-07-10,67.010002,68.199997,65.5,68.050003,27.288876000000002,51400
6439,2008-07-11,68.040001,69.900002,68.0,68.860001,27.841576,37000
6440,2008-07-14,70.050003,70.279999,69.389999,69.75,28.20141,42900
6441,2008-07-15,69.389999,70.110001,65.199997,65.75,26.584134999999996,45400
6442,2008-07-16,65.019997,65.019997,60.040001000000004,60.380001,24.412928,133900
6443,2008-07-17,60.200001,61.459998999999996,56.950001,59.849998,24.198652,109000
6444,2008-07-18,59.310001,62.0,59.310001,60.0,24.259291,36100
6445,2008-07-21,61.0,63.779999,60.5,63.549999,25.694616,34900
6446,2008-07-22,63.549999,63.73,60.720001,61.200001,24.744469,51700
6447,2008-07-23,62.619999,62.619999,58.790001000000004,59.119999,23.903489999999998,48400
6448,2008-07-24,58.509997999999996,60.970001,57.779999,59.0,23.854971,49700
6449,2008-07-25,58.240002000000004,62.0,58.240002000000004,59.610001000000004,24.101601000000002,44400
6450,2008-07-28,61.32,63.900002,60.009997999999996,63.889998999999996,25.832098000000002,48000
6451,2008-07-29,62.810001,64.150002,61.200001,63.009997999999996,25.47629,53400
6452,2008-07-30,62.240002000000004,66.470001,62.0,65.75,26.584134999999996,77500
6453,2008-07-31,65.699997,65.82,63.540001000000004,63.540001000000004,25.690592000000002,17000
6454,2008-08-01,64.529999,66.480003,63.900002,65.980003,26.677114000000003,26400
6455,2008-08-04,67.0,67.0,61.880001,62.509997999999996,25.274134,30500
6456,2008-08-05,62.27,65.790001,61.02,63.509997999999996,25.678442,64300
6457,2008-08-06,63.400002,65.360001,62.639998999999996,63.720001,25.763344,117900
6458,2008-08-07,65.949997,65.949997,64.18,64.879997,26.232384000000003,34600
6459,2008-08-08,63.0,65.739998,63.0,65.239998,26.377926000000002,38000
6460,2008-08-11,65.75,65.75,63.040001000000004,63.259997999999996,25.577375,46700
6461,2008-08-12,63.259997999999996,64.800003,62.830002,64.199997,25.957442999999998,34600
6462,2008-08-13,64.400002,65.970001,63.150002,64.150002,26.219015000000002,55700
6463,2008-08-14,64.449997,65.0,64.25,64.690002,26.439721999999996,13600
6464,2008-08-15,64.940002,64.940002,62.509997999999996,62.59,25.581409,35700
6465,2008-08-18,62.59,64.150002,60.799999,60.799999,24.849813,47100
6466,2008-08-19,61.5,63.91,60.880001,61.630001,25.189039,48800
6467,2008-08-20,62.66,66.0,62.66,65.959999,26.958782,51900
6468,2008-08-21,66.0,68.18,65.959999,67.260002,27.490109999999998,34700
6469,2008-08-22,68.160004,68.199997,65.0,67.099998,27.424721,30000
6470,2008-08-25,68.5,68.690002,66.099998,66.160004,27.040518,24900
6471,2008-08-26,66.860001,67.790001,65.879997,67.300003,27.506453000000004,34600
6472,2008-08-27,67.099998,68.83000200000001,66.949997,67.739998,27.686289000000002,31700
6473,2008-08-28,68.489998,68.489998,65.5,65.629997,26.823921000000002,30700
6474,2008-08-29,65.970001,70.0,64.699997,66.870003,27.330702000000002,34700
6475,2008-09-02,65.5,65.940002,63.540001000000004,64.730003,26.456078,57900
6476,2008-09-03,64.849998,65.800003,62.02,65.800003,26.8934,50500
6477,2008-09-04,65.699997,65.910004,62.389998999999996,63.150002,25.810297,63700
6478,2008-09-05,63.0,63.02,60.52,61.93,25.311672,65500
6479,2008-09-08,63.68,65.43,62.540001000000004,63.299999,25.871599,63100
6480,2008-09-09,63.139998999999996,63.450001,60.5,60.73,24.821215,68200
6481,2008-09-10,61.84,63.82,60.5,62.450001,25.5242,70500
6482,2008-09-11,60.810001,63.43,60.810001,62.150002,25.668322,41300
6483,2008-09-12,61.990002000000004,63.59,61.220001,61.349998,25.337920999999998,42900
6484,2008-09-15,61.259997999999996,61.259997999999996,59.349998,60.0,24.780383999999998,37100
6485,2008-09-16,57.720001,58.27,50.75,54.0,22.302335999999997,212500
6486,2008-09-17,54.099998,58.09,54.099998,55.27,22.826845000000002,62500
6487,2008-09-18,55.990002000000004,57.68,54.599998,54.849998,22.653391,53300
6488,2008-09-19,57.0,58.970001,56.209998999999996,58.970001,24.354982,43700
6489,2008-09-22,60.330002,62.459998999999996,59.009997999999996,61.169998,25.263578,31500
6490,2008-09-23,61.360001000000004,61.5,58.0,59.02,24.375612,27800
6491,2008-09-24,58.810001,61.0,58.0,59.529999,24.586271,30100
6492,2008-09-25,59.779999,62.330002,59.240002000000004,61.970001,25.594006,22700
6493,2008-09-26,61.009997999999996,61.900002,58.0,61.099998,25.234674,35800
6494,2008-09-29,59.459998999999996,59.459998999999996,56.5,58.16,24.020428,58200
6495,2008-09-30,58.0,59.0,55.099998,55.919998,23.095297,88800
6496,2008-10-01,55.0,57.639998999999996,54.540001000000004,56.400002,23.293549,35400
6497,2008-10-02,56.400002,56.400002,54.240002000000004,54.990002000000004,22.71121,37200
6498,2008-10-03,55.990002000000004,57.73,54.5,54.580002,22.541868,36600
6499,2008-10-06,52.799999,52.799999,41.25,46.900002,19.369989,198500
6500,2008-10-07,48.299999,51.700001,46.900002,47.560001,19.642584,71700
6501,2008-10-08,46.950001,50.0,43.049999,46.669998,19.275007000000002,82700
6502,2008-10-09,49.240002000000004,49.240002000000004,43.049999,44.0,18.172276,59200
6503,2008-10-10,41.59,41.59,35.669998,40.75,17.056379,201400
6504,2008-10-13,44.75,48.450001,43.060001,47.139998999999996,19.730999,27800
6505,2008-10-14,49.610001000000004,50.959998999999996,47.25,47.580002,19.915169,66600
6506,2008-10-15,46.209998999999996,46.290001000000004,44.25,45.68,19.119907,51900
6507,2008-10-16,45.68,45.68,40.369999,43.5,18.207439,88700
6508,2008-10-17,45.040001000000004,48.75,42.889998999999996,47.290001000000004,19.793781,49100
6509,2008-10-20,48.740002000000004,52.77,47.689999,50.540001000000004,21.1541,74400
6510,2008-10-21,50.799999,52.25,50.0,50.959998999999996,21.329905,31100
6511,2008-10-22,49.5,49.57,47.07,48.099998,20.132820000000002,33800
6512,2008-10-23,48.099998,49.740002000000004,47.310001,47.990002000000004,20.086761,32800
6513,2008-10-24,46.950001,48.349998,46.439999,47.09,19.710075,34000
6514,2008-10-27,47.0,48.59,45.41,46.389998999999996,19.41708,28900
6515,2008-10-28,47.18,47.5,44.5,44.610001000000004,18.672024,66700
6516,2008-10-29,46.0,48.98,46.0,47.599998,19.923531,38200
6517,2008-10-30,48.400002,49.5,48.080002,48.330002,20.229088,35000
6518,2008-10-31,48.330002,48.970001,47.630001,48.400002,20.258385,34200
6519,2008-11-03,48.400002,48.400002,47.080002,47.41,19.844004,28300
6520,2008-11-04,47.869999,49.400002,47.869999,48.689999,20.379768,87300
6521,2008-11-05,49.240002000000004,49.299999,48.330002,48.549999,20.321171,31400
6522,2008-11-06,48.549999,49.25,46.279999,47.790001000000004,20.003057000000002,47600
6523,2008-11-07,49.860001000000004,51.0,46.939999,47.98,20.082584,45600
6524,2008-11-10,50.200001,50.700001,48.0,49.459998999999996,20.702068,33700
6525,2008-11-11,48.299999,50.25,46.200001,49.41,20.681124,24600
6526,2008-11-12,49.5,49.75,46.150002,46.790001000000004,19.584498999999997,52700
6527,2008-11-13,46.189999,48.52,45.619999,48.0,20.375315,52000
6528,2008-11-14,47.849998,47.849998,46.0,46.98,19.942332999999998,19400
6529,2008-11-17,46.150002,46.290001000000004,44.689999,45.419998,19.280144,42200
6530,2008-11-18,45.0,46.720001,45.0,45.240002000000004,19.203739000000002,26800
6531,2008-11-19,44.610001000000004,45.779999,42.41,42.73,18.138285,46200
6532,2008-11-20,42.41,42.490002000000004,38.299999,38.599998,16.385136,103900
6533,2008-11-21,38.25,40.0,36.0,38.080002,16.164419,70500
6534,2008-11-24,38.939999,42.099998,37.349998,42.02,17.836893,55500
6535,2008-11-25,43.0,43.5,41.009997999999996,42.049999,17.849623,33500
6536,2008-11-26,42.400002,45.139998999999996,42.400002,44.759997999999996,18.999979,30900
6537,2008-11-28,45.0,45.0,41.040001000000004,42.099998,17.87085,30000
6538,2008-12-01,41.5,43.939999,41.0,41.25,17.510035000000002,38600
6539,2008-12-02,42.0,42.0,40.150002,40.299999,17.106775,34100
6540,2008-12-03,40.5,40.68,38.57,39.360001000000004,16.707767,43700
6541,2008-12-04,39.400002,40.0,37.09,38.360001000000004,16.283279,76400
6542,2008-12-05,37.16,38.0,35.34,37.709998999999996,16.007357,67500
6543,2008-12-08,38.34,40.970001,38.240002000000004,38.52,16.351195999999998,56600
6544,2008-12-09,40.5,40.5,39.16,39.799999,16.894524,23800
6545,2008-12-10,39.610001000000004,40.900002,39.599998,40.799999,17.319014000000003,31900
6546,2008-12-11,40.990002000000004,42.860001000000004,40.110001000000004,41.450001,17.730957,35700
6547,2008-12-12,41.400002,41.400002,40.0,40.200001,17.196251,9200
6548,2008-12-15,40.509997999999996,41.5,39.900002,40.41,17.286077,30500
6549,2008-12-16,40.150002,44.299999,40.0,41.599998,17.795134,24900
6550,2008-12-17,41.599998,43.240002000000004,41.009997999999996,42.560001,18.205782,14500
6551,2008-12-18,44.349998,44.349998,39.650002,39.869999,17.05509,21200
6552,2008-12-19,39.759997999999996,40.150002,38.5,38.66,16.537487,51600
6553,2008-12-22,39.75,39.75,37.389998999999996,37.630001,16.096892999999998,32400
6554,2008-12-23,38.25,39.740002000000004,37.759997999999996,39.009997999999996,16.687206,49800
6555,2008-12-24,38.580002,39.130001,38.439999,38.93,16.652994,5600
6556,2008-12-26,38.560001,39.75,38.560001,39.5,16.896811,24200
6557,2008-12-29,39.5,41.84,39.470001,40.099998,17.153469,33600
6558,2008-12-30,39.790001000000004,41.5,39.459998999999996,41.02,17.547012,24400
6559,2008-12-31,40.59,41.330002,39.41,40.959998999999996,17.521351,38400
6560,2009-01-02,40.5,42.0,39.790001000000004,41.490002000000004,17.748081,26300
6561,2009-01-05,42.0,44.560001,41.75,42.709998999999996,18.269941,43600
6562,2009-01-06,43.599998,44.799999,43.599998,44.470001,19.022823000000002,36200
6563,2009-01-07,45.0,45.0,41.099998,42.5,18.180117000000003,45900
6564,2009-01-08,42.200001,44.799999,42.200001,44.540001000000004,19.052757,28400
6565,2009-01-09,44.560001,44.560001,43.080002,43.419998,18.573648000000002,13700
6566,2009-01-12,43.299999,43.779999,42.150002,42.599998,18.222895,28400
6567,2009-01-13,41.619999,43.970001,41.009997999999996,41.200001,17.797815,25400
6568,2009-01-14,40.549999,41.32,40.470001,41.220001,17.806458,11800
6569,2009-01-15,41.5,41.5,39.41,40.490002000000004,17.49111,32900
6570,2009-01-16,39.849998,42.790001000000004,39.849998,40.779999,17.61639,13100
6571,2009-01-20,40.0,41.41,40.0,41.23,17.810776,14300
6572,2009-01-21,40.700001,42.84,40.5,42.41,18.320513000000002,21000
6573,2009-01-22,42.299999,42.990002000000004,40.900002,41.689999,18.009485,13400
6574,2009-01-23,41.0,43.330002,41.0,42.869999,18.519238,16900
6575,2009-01-26,43.450001,44.139998999999996,42.830002,44.099998,19.050581,24800
6576,2009-01-27,44.099998,44.200001,42.830002,43.27,18.692032,13700
6577,2009-01-28,42.700001,44.09,42.700001,42.75,18.467385999999998,9400
6578,2009-01-29,41.009997999999996,43.970001,41.009997999999996,42.709998999999996,18.450113,23800
6579,2009-01-30,43.549999,44.709998999999996,42.599998,42.950001,18.553795,18900
6580,2009-02-02,42.400002,45.220001,42.400002,43.0,18.575398999999997,38900
6581,2009-02-03,44.650002,44.68,42.799999,42.799999,18.488993,34100
6582,2009-02-04,44.400002,44.59,43.0,43.869999,18.951223000000002,26900
6583,2009-02-05,42.759997999999996,43.380001,41.669998,42.290001000000004,18.268686,52100
6584,2009-02-06,42.25,42.34,41.049999,41.900002,18.100212,24200
6585,2009-02-09,41.119999,42.900002,41.040001000000004,41.790001000000004,18.052689,34100
6586,2009-02-10,41.5,43.34,41.5,41.810001,18.061331,49300
6587,2009-02-11,42.700001,43.18,42.209998999999996,42.650002,18.424185,18900
6588,2009-02-12,41.740002000000004,42.939999,40.790001000000004,41.57,18.065243,25200
6589,2009-02-13,42.599998,42.900002,40.950001,41.209998999999996,17.908798,21900
6590,2009-02-17,40.759997999999996,41.43,39.5,39.509997999999996,17.170021,52900
6591,2009-02-18,39.5,40.889998999999996,37.919998,38.299999,16.644184,41100
6592,2009-02-19,37.919998,39.0,37.0,37.200001,16.166155,38100
6593,2009-02-20,36.5,36.5,30.889999,31.6,13.732529000000001,105800
6594,2009-02-23,30.969998999999998,32.349998,30.809998999999998,31.690001000000002,13.771647,84700
6595,2009-02-24,31.99,32.09,28.200001,29.92,13.002456,131400
6596,2009-02-25,29.950001,31.790001,29.0,31.23,13.571747,60000
6597,2009-02-26,31.75,33.400002,31.5,32.43,14.093225,51300
6598,2009-02-27,31.549999,33.110001000000004,30.1,31.51,13.693426,37200
6599,2009-03-02,31.5,31.99,29.27,30.08,13.07198,66600
6600,2009-03-03,30.0,30.01,28.5,29.129998999999998,12.659139999999999,82700
6601,2009-03-04,29.0,30.469998999999998,28.85,29.82,12.958996,42500
6602,2009-03-05,29.08,29.889999,28.5,28.879998999999998,12.550493,47100
6603,2009-03-06,28.5,29.860001,27.629998999999998,29.09,12.641762,43900
6604,2009-03-09,28.200001,29.870001000000002,27.1,28.83,12.528766000000001,24900
6605,2009-03-10,28.26,30.940001000000002,28.26,29.51,12.824277,28300
6606,2009-03-11,29.530001000000002,30.940001000000002,29.530001000000002,29.67,12.893806,35400
6607,2009-03-12,28.9,30.9,28.82,30.559998999999998,13.376154999999999,26600
6608,2009-03-13,30.059998999999998,30.99,29.73,29.950001,13.109159,19600
6609,2009-03-16,29.85,30.889999,29.0,30.889999,13.520595000000002,56200
6610,2009-03-17,31.0,34.23,30.059998999999998,34.23,14.982527,33900
6611,2009-03-18,34.73,34.830002,32.98,34.75,15.210128,23600
6612,2009-03-19,35.5,36.490002000000004,34.75,34.75,15.210128,31500
6613,2009-03-20,35.639998999999996,36.189999,34.419998,34.849998,15.253895000000002,35900
6614,2009-03-23,36.5,37.110001000000004,35.880001,36.93,16.16431,23300
6615,2009-03-24,36.43,37.369999,35.639998999999996,36.759997999999996,16.089903,33500
6616,2009-03-25,37.25,38.0,36.869999,37.330002,16.339399,20000
6617,2009-03-26,36.970001,37.970001,36.619999,37.43,16.383167,27900
6618,2009-03-27,37.150002,37.59,35.450001,35.84,15.687221,29800
6619,2009-03-30,35.830002,36.400002,34.0,34.27,15.000031,22800
6620,2009-03-31,34.369999,35.860001000000004,33.990002000000004,35.290001000000004,15.446485000000001,15900
6621,2009-04-01,35.0,35.669998,35.0,35.299999,15.45085,7500
6622,2009-04-02,36.5,37.439999,35.669998,36.16,15.827283999999999,26100
6623,2009-04-03,36.610001000000004,37.900002,36.419998,37.740002000000004,16.518857999999998,21300
6624,2009-04-06,38.080002,38.400002,36.349998,37.23,16.295624,22400
6625,2009-04-07,37.75,38.860001000000004,36.799999,37.009997999999996,16.199337,24400
6626,2009-04-08,37.610001000000004,39.389998999999996,37.610001000000004,38.509997999999996,16.855885999999998,44200
6627,2009-04-09,39.200001,39.5,38.52,38.549999,16.873392000000003,23400
6628,2009-04-13,38.549999,38.619999,36.77,37.799999,16.647892000000002,23900
6629,2009-04-14,37.349998,37.700001,36.709998999999996,36.849998,16.229494,14400
6630,2009-04-15,36.5,36.549999,35.91,36.09,15.894782999999999,8600
6631,2009-04-16,37.549999,37.549999,35.950001,36.759997999999996,16.189856,14500
6632,2009-04-17,36.369999,38.68,36.0,38.41,16.91655,26800
6633,2009-04-20,38.700001,38.700001,36.84,37.25,16.405666,19700
6634,2009-04-21,37.540001000000004,37.990002000000004,36.959998999999996,36.959998999999996,16.277943,13600
6635,2009-04-22,37.200001,37.560001,36.5,37.130001,16.352818,19200
6636,2009-04-23,37.549999,38.0,37.0,37.23,16.39686,7300
6637,2009-04-24,38.23,38.32,37.0,37.049999,16.317577,14800
6638,2009-04-27,35.860001000000004,37.700001,35.860001000000004,37.32,16.436493,20700
6639,2009-04-28,37.040001000000004,37.669998,37.02,37.509997999999996,16.520174,13100
6640,2009-04-29,37.619999,39.0,37.400002,38.02,16.744789,11900
6641,2009-04-30,38.669998,38.669998,37.009997999999996,37.060001,16.32198,24600
6642,2009-05-01,37.599998,37.709998999999996,37.009997999999996,37.330002,16.440904999999997,9200
6643,2009-05-04,37.700001,38.990002000000004,37.299999,38.849998,17.110338,11900
6644,2009-05-05,38.450001,39.110001000000004,37.709998999999996,38.279999,16.859297,12900
6645,2009-05-06,38.299999,40.0,38.25,39.700001,17.484682,21100
6646,2009-05-07,40.75,42.400002,39.459998999999996,40.0,17.616827,39900
6647,2009-05-08,40.009997999999996,42.0,40.009997999999996,42.0,18.497652,25100
6648,2009-05-11,43.0,43.0,41.009997999999996,41.599998,18.321497,17400
6649,2009-05-12,41.799999,42.48,41.099998,41.990002000000004,18.493254,23800
6650,2009-05-13,41.75,42.0,41.009997999999996,41.080002,18.182987,17000
6651,2009-05-14,40.790001000000004,43.5,40.080002,42.919998,18.997398,32100
6652,2009-05-15,42.41,42.669998,40.919998,40.939999,18.121012,11300
6653,2009-05-18,41.009997999999996,41.599998,39.189999,39.66,17.554448999999998,29000
6654,2009-05-19,38.799999,39.490002000000004,38.400002,38.400002,16.99675,32300
6655,2009-05-20,38.5,39.290001000000004,38.09,38.299999,16.952477,24600
6656,2009-05-21,38.200001,38.27,37.130001,37.27,16.496589999999998,40000
6657,2009-05-22,37.75,38.720001,37.349998,37.540001000000004,16.616089000000002,28800
6658,2009-05-26,37.490002000000004,38.779999,37.380001,38.099998,16.863960000000002,32700
6659,2009-05-27,37.75,39.220001,37.75,38.200001,16.908215,29000
6660,2009-05-28,38.68,40.400002,38.279999,39.400002,17.439358,31200
6661,2009-05-29,39.450001,41.740002000000004,39.450001,41.450001,18.346754,43700
6662,2009-06-01,41.880001,42.900002,41.880001,42.759997999999996,18.926594,34800
6663,2009-06-02,42.380001,43.049999,42.0,43.049999,19.054939,28000
6664,2009-06-03,43.27,43.27,42.43,42.740002000000004,18.917732,25100
6665,2009-06-04,41.75,43.099998,41.75,42.700001,18.900024,24600
6666,2009-06-05,42.240002000000004,43.23,42.009997999999996,42.799999,18.944284,26800
6667,2009-06-08,43.220001,43.220001,42.5,43.189999,19.116922,14300
6668,2009-06-09,43.220001,44.689999,43.220001,44.09,19.515273999999998,41200
6669,2009-06-10,44.599998,45.0,44.080002,44.389998999999996,19.648062,14100
6670,2009-06-11,44.549999,45.880001,44.02,44.919998,19.964952,33200
6671,2009-06-12,44.419998,45.619999,44.419998,45.400002,20.178307,17100
6672,2009-06-15,44.009997999999996,44.990002000000004,43.599998,44.599998,19.822735,40400
6673,2009-06-16,44.650002,45.34,43.25,44.0,19.556070000000002,40200
6674,2009-06-17,43.790001000000004,43.790001000000004,42.310001,43.349998,19.267167999999998,42600
6675,2009-06-18,43.849998,44.470001,42.27,43.610001000000004,19.382727,36500
6676,2009-06-19,44.52,44.549999,43.849998,43.849998,19.489389000000003,6900
6677,2009-06-22,41.939999,45.0,41.790001000000004,42.470001,18.876051,41400
6678,2009-06-23,42.790001000000004,43.0,42.0,42.610001000000004,18.938259,24200
6679,2009-06-24,42.450001,44.0,42.009997999999996,42.68,18.969379,25100
6680,2009-06-25,43.09,44.0,42.310001,44.0,19.556070000000002,16400
6681,2009-06-26,43.650002,45.669998,43.650002,44.889998999999996,19.951628,31000
6682,2009-06-29,44.889998999999996,45.25,44.09,44.5,19.778288,16100
6683,2009-06-30,44.990002000000004,45.25,43.720001,44.290001000000004,19.684959,13000
6684,2009-07-01,44.779999,45.18,44.009997999999996,44.330002,19.702745,15900
6685,2009-07-02,44.299999,45.23,43.900002,44.549999,19.800507,18400
6686,2009-07-06,43.75,44.720001,43.75,44.369999,19.720509,23300
6687,2009-07-07,44.029999,44.799999,43.369999,44.34,19.707174,39800
6688,2009-07-08,44.400002,45.0,43.48,44.02,19.564953,31200
6689,2009-07-09,44.0,45.450001,43.82,45.25,20.111618,35200
6690,2009-07-10,45.200001,45.549999,44.259997999999996,45.200001,20.089409,15700
6691,2009-07-13,45.0,45.0,41.869999,41.869999,18.729538,61500
6692,2009-07-14,42.209998999999996,42.209998999999996,39.549999,39.950001,17.870667,110300
6693,2009-07-15,40.290001000000004,41.0,40.0,40.169998,17.969084,27600
6694,2009-07-16,39.91,41.07,39.610001000000004,40.310001,18.031702,38500
6695,2009-07-17,40.889998999999996,41.279999,40.0,40.310001,18.031702,39200
6696,2009-07-20,40.310001,41.119999,40.07,40.57,18.148011999999998,32200
6697,2009-07-21,40.450001,40.68,40.099998,40.540001000000004,18.134596,63300
6698,2009-07-22,40.91,40.91,40.099998,40.380001,18.063028,25600
6699,2009-07-23,40.099998,40.5,40.099998,40.189999,17.978043,31200
6700,2009-07-24,40.5,40.5,39.57,40.049999,17.915394,44700
6701,2009-07-27,40.099998,40.25,39.25,39.580002,17.705172,52200
6702,2009-07-28,39.82,39.939999,38.400002,38.889998999999996,17.396504999999998,53800
6703,2009-07-29,39.080002,39.080002,38.09,38.139998999999996,17.061011999999998,42300
6704,2009-07-30,38.900002,39.389998999999996,37.799999,39.169998,17.521755,108900
6705,2009-07-31,38.830002,39.529999,38.580002,39.0,17.445709,31800
6706,2009-08-03,39.25,40.34,39.130001,39.349998,17.602273999999998,32600
6707,2009-08-04,39.130001,39.830002,39.0,39.02,17.454662,21900
6708,2009-08-05,39.119999,39.23,38.860001000000004,38.990002000000004,17.441244,44500
6709,2009-08-06,38.849998,39.099998,38.380001,38.889998999999996,17.396504999999998,20700
6710,2009-08-07,38.810001,39.009997999999996,38.080002,38.189999,17.083378,38400
6711,2009-08-10,38.700001,39.470001,38.700001,38.950001,17.423347,20200
6712,2009-08-11,38.900002,38.93,38.040001000000004,38.299999,17.132584,26300
6713,2009-08-12,38.610001000000004,38.950001,38.299999,38.900002,17.400973999999998,11300
6714,2009-08-13,38.5,39.5,38.0,39.490002000000004,17.752066,65900
6715,2009-08-14,38.900002,38.900002,38.16,38.75,17.419401,20000
6716,2009-08-17,38.009997999999996,38.110001000000004,37.25,37.68,16.938412,38100
6717,2009-08-18,37.549999,38.709998999999996,37.549999,38.119999,17.136201999999997,16200
6718,2009-08-19,38.470001,38.869999,38.0,38.84,17.45986,11300
6719,2009-08-20,39.130001,39.130001,38.419998,38.799999,17.441889,8200
6720,2009-08-21,38.970001,39.279999,38.290001000000004,38.82,17.450878,34500
6721,2009-08-24,39.0,39.099998,38.73,38.959998999999996,17.513817,21300
6722,2009-08-25,39.259997999999996,39.299999,38.029999,38.759997999999996,17.423899,18200
6723,2009-08-26,38.880001,38.880001,38.5,38.880001,17.477854,15600
6724,2009-08-27,38.75,39.32,38.529999,39.060001,17.558761999999998,13100
6725,2009-08-28,39.18,39.23,38.529999,39.220001,17.630695000000003,9300
6726,2009-08-31,39.990002000000004,39.990002000000004,38.5,38.919998,17.495827,17500
6727,2009-09-01,38.93,38.93,37.75,38.02,17.091248999999998,26900
6728,2009-09-02,37.950001,37.98,37.5,37.950001,17.05978,30900
6729,2009-09-03,37.889998999999996,37.950001,37.040001000000004,37.700001,16.947392999999998,18200
6730,2009-09-04,38.0,38.5,37.84,38.299999,17.217119,14200
6731,2009-09-08,38.75,39.0,38.450001,38.950001,17.509319,18600
6732,2009-09-09,39.25,39.720001,39.0,39.200001,17.621698000000002,51700
6733,2009-09-10,39.560001,39.990002000000004,39.310001,39.970001,17.967836,29300
6734,2009-09-11,40.0,40.240002000000004,39.509997999999996,39.68,17.943876,23700
6735,2009-09-14,39.48,39.900002,39.240002000000004,39.709998999999996,17.957442999999998,23500
6736,2009-09-15,39.400002,40.25,39.400002,39.75,17.975521,21700
6737,2009-09-16,40.0,40.889998999999996,39.77,40.529999,18.328259,33900
6738,2009-09-17,40.759997999999996,40.990002000000004,40.34,40.82,18.459404,22500
6739,2009-09-18,40.970001,40.970001,40.73,40.849998,18.472956,18300
6740,2009-09-21,39.810001,40.939999,39.810001,40.779999,18.441317,22500
6741,2009-09-22,41.099998,41.5,40.880001,41.119999,18.595062,12700
6742,2009-09-23,41.200001,41.41,40.290001000000004,41.0,18.54081,21000
6743,2009-09-24,40.919998,40.990002000000004,39.799999,40.25,18.201629999999998,23600
6744,2009-09-25,40.310001,40.860001000000004,40.130001,40.220001,18.188072000000002,13200
6745,2009-09-28,40.700001,40.91,40.009997999999996,40.799999,18.450357,9200
6746,2009-09-29,41.0,41.0,40.459998999999996,40.540001000000004,18.332779000000002,13200
6747,2009-09-30,40.48,40.950001,40.119999,40.360001000000004,18.251382999999997,13600
6748,2009-10-01,40.16,40.349998,39.830002,39.830002,18.011709,15500
6749,2009-10-02,39.830002,39.830002,38.43,39.509997999999996,17.867004,19900
6750,2009-10-05,39.849998,40.740002000000004,39.349998,40.740002000000004,18.423229,19100
6751,2009-10-06,40.93,41.419998,40.389998999999996,41.419998,18.730726,31200
6752,2009-10-07,41.400002,41.400002,40.459998999999996,41.110001000000004,18.590542000000003,21300
6753,2009-10-08,41.119999,41.990002000000004,41.02,41.52,18.775948,41300
6754,2009-10-09,41.73,42.150002,41.529999,41.990002000000004,18.988485,28100
6755,2009-10-12,41.5,42.549999,41.02,42.049999,19.015617000000002,37300
6756,2009-10-13,43.279999,43.279999,41.599998,42.07,19.135254,12400
6757,2009-10-14,42.549999,42.549999,41.75,42.32,19.248953,35700
6758,2009-10-15,40.669998,42.369999,40.669998,41.759997999999996,18.994247,21400
6759,2009-10-16,41.5,42.23,41.389998999999996,42.049999,19.126139000000002,16300
6760,2009-10-19,41.740002000000004,42.599998,41.630001,42.200001,19.194385999999998,16200
6761,2009-10-20,41.610001000000004,42.240002000000004,41.610001000000004,42.18,19.185276,10700
6762,2009-10-21,42.0,42.509997999999996,41.830002,41.830002,19.026079,11100
6763,2009-10-22,42.169998,42.200001,41.060001,42.02,19.112503,20100
6764,2009-10-23,42.5,42.5,41.299999,42.09,19.144337,24300
6765,2009-10-26,41.849998,42.830002,41.509997999999996,42.0,19.103403,28500
6766,2009-10-27,42.0,42.77,42.0,42.209998999999996,19.198923,15200
6767,2009-10-28,42.169998,42.299999,41.119999,41.119999,18.703148000000002,21900
6768,2009-10-29,41.290001000000004,42.189999,41.290001000000004,41.889998999999996,19.053376999999998,13600
6769,2009-10-30,42.150002,42.41,41.400002,41.73,18.980610000000002,27700
6770,2009-11-02,41.330002,41.740002000000004,41.330002,41.52,18.88508,27500
6771,2009-11-03,41.52,41.959998999999996,41.330002,41.75,18.989698,13400
6772,2009-11-04,41.779999,42.110001000000004,41.779999,42.110001000000004,19.153435,3500
6773,2009-11-05,42.110001000000004,42.720001,41.599998,42.07,19.135254,17800
6774,2009-11-06,40.240002000000004,42.23,40.240002000000004,42.029999,19.11705,20700
6775,2009-11-09,42.189999,43.27,41.5,42.080002,19.139788,20200
6776,2009-11-10,41.91,42.939999,41.91,42.889998999999996,19.508211,13700
6777,2009-11-11,43.080002,43.5,42.169998,42.759997999999996,19.449091,13600
6778,2009-11-12,42.599998,42.830002,41.049999,41.77,19.086289999999998,32500
6779,2009-11-13,41.5,41.849998,41.25,41.470001,18.949203,20900
6780,2009-11-16,41.650002,42.400002,41.509997999999996,41.779999,19.090851,23100
6781,2009-11-17,41.599998,42.200001,41.5,41.779999,19.090851,15700
6782,2009-11-18,41.41,42.419998,41.41,41.91,19.150253,10000
6783,2009-11-19,41.650002,41.799999,41.450001,41.52,18.972048,9600
6784,2009-11-20,41.400002,41.68,41.0,41.299999,18.871520999999998,23600
6785,2009-11-23,41.16,41.830002,41.0,41.209998999999996,18.830395000000003,20500
6786,2009-11-24,41.209998999999996,41.41,40.869999,41.130001,18.793848,21200
6787,2009-11-25,41.200001,41.529999,41.200001,41.419998,18.926358999999998,8600
6788,2009-11-27,40.25,41.77,40.25,41.049999,18.75729,7000
6789,2009-11-30,41.299999,41.549999,41.099998,41.330002,18.885233,13200
6790,2009-12-01,41.549999,42.0,41.5,41.650002,19.03146,12400
6791,2009-12-02,41.5,42.189999,41.259997999999996,41.610001000000004,19.013172,20700
6792,2009-12-03,41.689999,41.689999,41.0,41.09,18.775557,17000
6793,2009-12-04,41.0,41.290001000000004,40.990002000000004,41.080002,18.771008,9100
6794,2009-12-07,41.299999,41.299999,40.360001000000004,41.200001,18.825829000000002,13600
6795,2009-12-08,40.98,41.200001,40.82,41.009997999999996,18.739006,15200
6796,2009-12-09,40.98,41.349998,40.799999,41.110001000000004,18.7847,7200
6797,2009-12-10,41.0,41.23,40.939999,40.950001,18.711585999999997,21200
6798,2009-12-11,40.349998,40.849998,39.77,40.5,18.561728,49600
6799,2009-12-14,40.509997999999996,41.049999,40.18,41.009997999999996,18.795458,35700
6800,2009-12-15,40.52,41.200001,40.52,41.169998,18.868788000000002,10600
6801,2009-12-16,41.130001,41.290001000000004,40.610001000000004,41.099998,18.83671,36100
6802,2009-12-17,40.669998,41.560001,40.669998,41.25,18.905455,16800
6803,2009-12-18,41.25,41.419998,40.889998999999996,41.200001,18.882544,15400
6804,2009-12-21,41.25,41.459998999999996,40.560001,41.25,18.905455,33200
6805,2009-12-22,41.25,41.25,40.5,41.009997999999996,18.795458,29600
6806,2009-12-23,40.779999,41.25,40.150002,41.25,18.905455,19700
6807,2009-12-24,41.049999,41.189999,41.0,41.119999,18.845876999999998,13900
6808,2009-12-28,40.740002000000004,41.240002000000004,40.639998999999996,41.209998999999996,18.887123000000003,26400
6809,2009-12-29,41.240002000000004,41.240002000000004,40.950001,41.0,18.790885999999997,15200
6810,2009-12-30,40.869999,41.110001000000004,40.720001,41.009997999999996,18.795458,16400
6811,2009-12-31,40.98,41.150002,40.290001000000004,40.990002000000004,18.786303,25900
6812,2010-01-04,41.200001,41.630001,41.18,41.299999,18.928379,27400
6813,2010-01-05,40.970001,41.740002000000004,40.650002,41.740002000000004,19.130043,30000
6814,2010-01-06,41.900002,42.490002000000004,41.740002000000004,42.150002,19.317944,31700
6815,2010-01-07,42.740002000000004,42.860001000000004,42.029999,42.790001000000004,19.611261,21600
6816,2010-01-08,42.790001000000004,43.23,42.310001,43.18,19.790007,15800
6817,2010-01-11,43.540001000000004,43.540001000000004,42.68,42.939999,19.680016000000002,31300
6818,2010-01-12,43.0,43.23,42.849998,42.849998,19.638762,17500
6819,2010-01-13,42.52,43.57,42.52,43.400002,20.038149,36100
6820,2010-01-14,43.610001000000004,43.610001000000004,43.099998,43.57,20.116634,11300
6821,2010-01-15,43.75,43.75,43.150002,43.380001,20.028906,24700
6822,2010-01-19,43.150002,43.880001,43.110001000000004,43.860001000000004,20.250523,37700
6823,2010-01-20,43.52,44.900002,43.310001,43.919998,20.278225,36900
6824,2010-01-21,44.169998,44.650002,44.0,44.490002000000004,20.541403,49200
6825,2010-01-22,44.0,44.310001,43.27,43.48,20.075073,41000
6826,2010-01-25,43.5,44.209998999999996,43.150002,43.990002000000004,20.310541,17500
6827,2010-01-26,44.209998999999996,44.380001,43.720001,43.93,20.282845000000002,34200
6828,2010-01-27,43.900002,43.900002,42.669998,42.849998,19.784195,43500
6829,2010-01-28,42.959998999999996,43.060001,42.5,42.689999,19.710331,13000
6830,2010-01-29,42.099998,43.400002,41.970001,42.25,19.507168,27200
6831,2010-02-01,42.950001,43.0,42.310001,42.970001,19.839602,19600
6832,2010-02-02,43.0,43.450001,42.689999,43.349998,20.015048999999998,16700
6833,2010-02-03,43.380001,43.869999,42.950001,43.77,20.208967,10800
6834,2010-02-04,43.459998999999996,43.470001,42.57,43.02,19.862696,13100
6835,2010-02-05,42.189999,42.419998,41.5,42.389998999999996,19.571815,35700
6836,2010-02-08,42.810001,43.959998999999996,42.240002000000004,43.66,20.158182,28000
6837,2010-02-09,43.880001,44.970001,43.310001,43.34,20.010439,29700
6838,2010-02-10,43.549999,44.169998,43.529999,44.099998,20.361328,13100
6839,2010-02-11,44.139998999999996,44.77,43.950001,44.169998,20.526301999999998,27300
6840,2010-02-12,44.470001,44.529999,43.41,44.299999,20.586727,20200
6841,2010-02-16,44.41,45.490002000000004,44.41,45.169998,20.991013,30600
6842,2010-02-17,45.490002000000004,45.5,45.02,45.310001,21.056078,25400
6843,2010-02-18,45.5,45.540001000000004,45.060001,45.389998999999996,21.093252,13100
6844,2010-02-19,45.0,45.700001,44.759997999999996,45.549999,21.167616,21900
6845,2010-02-22,46.900002,47.700001,46.130001,46.59,21.650904,51900
6846,2010-02-23,47.290001000000004,47.529999,46.599998,46.650002,21.678798999999998,32000
6847,2010-02-24,47.639998999999996,47.639998999999996,46.599998,47.099998,21.887915,23100
6848,2010-02-25,47.099998,47.889998999999996,46.25,47.759997999999996,22.194632000000002,40000
6849,2010-02-26,48.02,48.810001,47.73,47.880001,22.250387,22100
6850,2010-03-01,47.490002000000004,49.0,47.490002000000004,48.66,22.61286,24300
6851,2010-03-02,50.0,50.0,48.849998,49.439999,22.975323,25400
6852,2010-03-03,49.889998999999996,50.119999,49.02,49.029999,22.7848,61700
6853,2010-03-04,48.959998999999996,48.959998999999996,47.68,48.290001000000004,22.440928,38300
6854,2010-03-05,49.0,49.0,48.02,48.790001000000004,22.673257999999997,22700
6855,2010-03-08,48.939999,49.139998999999996,48.459998999999996,48.82,22.687214,17000
6856,2010-03-09,48.450001,49.209998999999996,48.369999,48.790001000000004,22.673257999999997,36400
6857,2010-03-10,49.400002,49.68,48.560001,49.23,22.877748,39700
6858,2010-03-11,49.48,49.900002,48.650002,49.02,22.864683,43000
6859,2010-03-12,49.900002,49.900002,48.650002,48.849998,22.785385,22900
6860,2010-03-15,48.919998,48.919998,47.810001,48.099998,22.435570000000002,26000
6861,2010-03-16,48.450001,48.450001,46.759997999999996,47.279999,22.053082999999997,44400
6862,2010-03-17,47.189999,47.25,45.66,45.740002000000004,21.334776,90600
6863,2010-03-18,46.0,46.18,44.009997999999996,44.830002,20.910326,45900
6864,2010-03-19,43.23,44.549999,42.52,43.23,20.164020999999998,55900
6865,2010-03-22,43.25,43.610001000000004,42.529999,43.02,20.066076000000002,46800
6866,2010-03-23,43.049999,44.66,43.049999,44.630001,20.817035999999998,27600
6867,2010-03-24,44.77,45.740002000000004,44.77,45.52,21.23217,27600
6868,2010-03-25,45.59,45.59,44.009997999999996,44.029999,20.537164999999998,29100
6869,2010-03-26,44.41,44.599998,43.810001,44.119999,20.579157000000002,37100
6870,2010-03-29,44.509997999999996,45.560001,44.299999,45.389998999999996,21.171526,26100
6871,2010-03-30,45.759997999999996,45.950001,45.049999,45.049999,21.012941,11100
6872,2010-03-31,45.459998999999996,45.970001,45.139998999999996,45.619999,21.278807,21100
6873,2010-04-01,46.060001,46.060001,45.650002,45.93,21.423405,10000
6874,2010-04-05,46.279999,47.950001,45.77,47.68,22.23966,48000
6875,2010-04-06,46.959998999999996,49.32,46.959998999999996,48.529999,22.636131,45800
6876,2010-04-07,48.529999,49.119999,48.09,48.5,22.622141,22400
6877,2010-04-08,48.82,49.889998999999996,48.5,49.330002,23.009287,30500
6878,2010-04-09,49.330002,50.470001,49.330002,50.470001,23.541017999999998,34900
6879,2010-04-12,50.470001,53.389998999999996,50.310001,51.709998999999996,24.119398,128900
6880,2010-04-13,51.439999,51.77,49.669998,50.200001,23.634462,32900
6881,2010-04-14,50.200001,50.779999,50.049999,50.27,23.667419,21100
6882,2010-04-15,51.0,51.0,50.369999,50.400002,23.728635999999998,20600
6883,2010-04-16,50.389998999999996,50.880001,49.75,50.259997999999996,23.662716,31400
6884,2010-04-19,50.009997999999996,50.709998999999996,49.849998,50.57,23.808661999999998,17900
6885,2010-04-20,50.950001,52.200001,50.669998,51.790001000000004,24.383045000000003,15900
6886,2010-04-21,51.990002000000004,52.23,51.709998999999996,52.0,24.481916000000002,19500
6887,2010-04-22,52.150002,52.150002,51.5,51.810001,24.392454,21500
6888,2010-04-23,51.810001,52.700001,51.810001,52.259997999999996,24.604328,41300
6889,2010-04-26,53.0,53.0,52.52,52.73,24.825611,25700
6890,2010-04-27,52.900002,52.990002000000004,52.060001,52.16,24.557236,33500
6891,2010-04-28,52.0,52.779999,52.0,52.599998,24.764406,62600
6892,2010-04-29,52.75,52.91,52.66,52.799999,24.858555,25400
6893,2010-04-30,52.810001,53.34,52.509997999999996,53.0,24.952728,61800
6894,2010-05-03,53.330002,54.82,53.310001,54.599998,25.706015,47000
6895,2010-05-04,54.599998,55.0,54.009997999999996,54.209998999999996,25.522404,42600
6896,2010-05-05,53.669998,53.669998,49.689999,50.119999,23.596804000000002,111900
6897,2010-05-06,52.5,52.5,42.580002,47.59,22.405668,99900
6898,2010-05-07,47.07,49.950001,45.009997999999996,49.049999,23.093033,95200
6899,2010-05-10,50.07,51.529999,49.75,50.849998,23.940496,66800
6900,2010-05-11,53.279999,53.970001,51.5,52.240002000000004,24.594915,66400
6901,2010-05-12,52.009997999999996,52.5,51.369999,52.349998,24.646708,27100
6902,2010-05-13,52.0,52.349998,50.669998,51.25,24.278149,26200
6903,2010-05-14,50.549999,50.549999,48.360001000000004,49.700001,23.543882,48500
6904,2010-05-17,49.700001,49.700001,48.0,48.599998,23.022785,50500
6905,2010-05-18,48.900002,49.400002,47.099998,47.48,22.492229000000002,53600
6906,2010-05-19,47.040001000000004,47.200001,45.0,46.84,22.189039,41600
6907,2010-05-20,46.049999,46.299999,44.169998,45.09,21.360029,86100
6908,2010-05-21,44.5,46.82,43.560001,46.810001,22.174833,51900
6909,2010-05-24,46.82,46.869999,46.150002,46.540001000000004,22.046925,20000
6910,2010-05-25,45.66,46.09,45.0,45.869999,21.729523,39700
6911,2010-05-26,45.639998999999996,47.220001,45.639998999999996,46.599998,22.075352,35800
6912,2010-05-27,47.73,49.650002,47.389998999999996,49.209998999999996,23.311756,25100
6913,2010-05-28,50.970001,50.970001,49.130001,49.869999,23.624409,23400
6914,2010-06-01,49.630001,49.970001,47.75,47.91,22.695925,16300
6915,2010-06-02,47.5,50.02,47.299999,50.02,23.695460999999998,38600
6916,2010-06-03,50.0,50.669998,48.0,50.400002,23.875494,25900
6917,2010-06-04,50.23,51.279999,49.299999,49.869999,23.624409,21900
6918,2010-06-07,49.459998999999996,49.799999,49.0,49.439999,23.420706,15100
6919,2010-06-08,49.799999,49.799999,47.5,48.709998999999996,23.074892000000002,49400
6920,2010-06-09,49.599998,49.599998,48.68,49.09,23.254906,11700
6921,2010-06-10,49.66,50.400002,49.419998,49.68,23.534399,17100
6922,2010-06-11,49.389998999999996,49.5,47.259997999999996,48.529999,23.099826999999998,128900
6923,2010-06-14,49.59,49.59,48.310001,48.389998999999996,23.033185999999997,18900
6924,2010-06-15,48.98,48.98,48.360001000000004,48.549999,23.109351999999998,34400
6925,2010-06-16,48.43,48.75,48.060001,48.34,23.009394,25600
6926,2010-06-17,48.75,48.75,47.950001,48.119999,22.904671,10600
6927,2010-06-18,47.799999,48.360001000000004,47.799999,48.09,22.890392000000002,15400
6928,2010-06-21,48.25,48.77,47.73,47.810001,22.757113,23300
6929,2010-06-22,47.619999,48.240002000000004,47.209998999999996,47.299999,22.51436,30800
6930,2010-06-23,47.189999,47.75,47.0,47.049999,22.395357,12500
6931,2010-06-24,47.02,47.220001,46.610001000000004,46.720001,22.238279000000002,7500
6932,2010-06-25,46.560001,47.490002000000004,46.5,46.790001000000004,22.271599,25200
6933,2010-06-28,46.540001000000004,47.259997999999996,46.130001,47.200001,22.466753,11100
6934,2010-06-29,47.0,47.5,47.0,47.009997999999996,22.376316,31400
6935,2010-06-30,47.450001,47.799999,47.049999,47.139998999999996,22.43819,20300
6936,2010-07-01,47.049999,47.419998,46.950001,47.16,22.447720999999998,20400
6937,2010-07-02,47.259997999999996,47.48,47.130001,47.169998,22.452478,15300
6938,2010-07-06,47.240002000000004,48.290001000000004,47.240002000000004,47.759997999999996,22.733322,42600
6939,2010-07-07,48.060001,49.07,48.060001,48.68,23.171242000000003,31500
6940,2010-07-08,48.900002,49.990002000000004,48.82,49.990002000000004,23.794777,36100
6941,2010-07-09,50.25,50.860001000000004,49.939999,50.709998999999996,24.137484,18100
6942,2010-07-12,50.720001,51.540001000000004,50.720001,51.240002000000004,24.389769,56100
6943,2010-07-13,50.849998,51.68,50.290001000000004,51.5,24.687931,22000
6944,2010-07-14,51.450001,51.450001,50.810001,51.23,24.558489,8700
6945,2010-07-15,51.630001,51.630001,50.689999,51.07,24.481802,8400
6946,2010-07-16,50.66,50.860001000000004,49.450001,50.459998999999996,24.189384,23200
6947,2010-07-19,51.0,51.189999,50.119999,51.189999,24.539326000000003,24500
6948,2010-07-20,51.0,52.490002000000004,50.610001000000004,52.259997999999996,25.052263,18900
6949,2010-07-21,51.959998999999996,52.990002000000004,51.810001,52.18,25.013916000000002,29100
6950,2010-07-22,52.459998999999996,53.099998,52.43,52.799999,25.311117000000003,18600
6951,2010-07-23,52.220001,53.439999,52.220001,53.09,25.450146,25900
6952,2010-07-26,53.439999,53.959998999999996,53.439999,53.849998,25.814459,34200
6953,2010-07-27,54.25,54.639998999999996,52.740002000000004,53.049999,25.430969,32700
6954,2010-07-28,52.73,53.310001,52.040001000000004,52.439999,25.13854,17800
6955,2010-07-29,53.099998,53.299999,52.27,52.939999,25.378232999999998,23600
6956,2010-07-30,53.060001,53.060001,52.32,52.639998999999996,25.234428,14000
6957,2010-08-02,52.880001,53.43,52.810001,53.040001000000004,25.426185999999998,17400
6958,2010-08-03,52.529999,53.25,52.529999,53.110001000000004,25.459719,13700
6959,2010-08-04,53.029999,54.150002,52.639998999999996,53.990002000000004,25.881596,17600
6960,2010-08-05,53.990002000000004,54.5,53.580002,54.049999,25.910345,9600
6961,2010-08-06,53.18,54.41,53.18,53.970001,25.871998,13100
6962,2010-08-09,53.889998999999996,54.59,53.889998999999996,54.18,25.972658,10100
6963,2010-08-10,54.549999,54.549999,53.98,53.98,25.876804,18300
6964,2010-08-11,53.900002,54.049999,52.759997999999996,53.18,25.493294,28500
6965,2010-08-12,52.900002,53.310001,51.759997999999996,52.32,25.237631,26800
6966,2010-08-13,52.049999,52.75,52.049999,52.540001000000004,25.343746,9700
6967,2010-08-16,52.25,52.549999,52.049999,52.060001,25.112220999999998,7700
6968,2010-08-17,52.369999,52.68,52.049999,52.18,25.170103,10400
6969,2010-08-18,52.150002,52.849998,52.150002,52.459998999999996,25.305166,4400
6970,2010-08-19,52.400002,52.43,52.049999,52.220001,25.189386,10600
6971,2010-08-20,52.049999,52.189999,51.18,51.639998999999996,24.909626,20300
6972,2010-08-23,51.66,52.0,51.400002,51.509997999999996,24.84692,7800
6973,2010-08-24,51.16,51.490002000000004,51.009997999999996,51.009997999999996,24.605721,16200
6974,2010-08-25,51.0,51.0,49.209998999999996,50.060001,24.147472,28400
6975,2010-08-26,50.98,50.98,50.07,50.509997999999996,24.364531,12600
6976,2010-08-27,50.740002000000004,51.869999,50.009997999999996,51.5,24.842087,23800
6977,2010-08-30,51.439999,52.259997999999996,50.93,51.310001,24.750429,13400
6978,2010-08-31,50.41,51.82,50.41,50.759997999999996,24.485134,15000
6979,2010-09-01,51.740002000000004,51.860001000000004,51.119999,51.740002000000004,24.957860999999998,9600
6980,2010-09-02,52.07,52.07,51.509997999999996,51.790001000000004,24.981979,7600
6981,2010-09-03,52.150002,52.25,51.700001,51.93,25.049509,16600
6982,2010-09-07,51.82,52.549999,51.82,51.950001,25.059148999999998,8500
6983,2010-09-08,52.27,52.869999,52.119999,52.720001,25.430578,16600
6984,2010-09-09,52.900002,53.959998999999996,52.509997999999996,53.639998999999996,25.874360999999997,19000
6985,2010-09-10,53.66,54.0,53.41,53.720001,25.912956,7300
6986,2010-09-13,53.709998999999996,54.130001,53.349998,53.720001,26.050673,18900
6987,2010-09-14,53.709998999999996,53.709998999999996,50.439999,50.799999,24.634655,108800
6988,2010-09-15,50.900002,51.580002,50.549999,51.439999,24.945017,24800
6989,2010-09-16,51.639998999999996,51.720001,51.25,51.41,24.930483,26600
6990,2010-09-17,51.540001000000004,51.66,51.299999,51.66,25.051706,8800
6991,2010-09-20,51.689999,51.990002000000004,51.490002000000004,51.860001000000004,25.148703,15400
6992,2010-09-21,51.5,52.0,51.5,52.0,25.216564,9200
6993,2010-09-22,51.98,53.0,51.5,51.709998999999996,25.075954,14100
6994,2010-09-23,51.5,51.779999,51.25,51.400002,24.925627,11300
6995,2010-09-24,51.900002,52.0,51.5,51.84,25.139004,16000
6996,2010-09-27,51.84,52.0,51.75,52.0,25.216564,9000
6997,2010-09-28,52.25,53.209998999999996,52.189999,52.849998,25.628773000000002,14800
6998,2010-09-29,52.98,53.23,52.009997999999996,53.049999,25.725765,24200
6999,2010-09-30,53.02,53.299999,53.0,53.02,25.711226,10000
7000,2010-10-01,53.25,53.77,53.139998999999996,53.77,26.074917000000003,18900
7001,2010-10-04,53.470001,53.880001,53.150002,53.84,26.108857999999998,13700
7002,2010-10-05,53.950001,54.5,52.900002,53.220001,25.808216,37500
7003,2010-10-06,53.099998,53.990002000000004,53.099998,53.790001000000004,26.084602,11200
7004,2010-10-07,53.939999,53.939999,53.09,53.720001,26.050673,18700
7005,2010-10-08,53.5,54.009997999999996,53.27,53.900002,26.137966,26300
7006,2010-10-11,54.0,54.0,53.630001,53.759997999999996,26.070066,6900
7007,2010-10-12,53.66,54.150002,53.66,53.990002000000004,26.181601999999998,20300
7008,2010-10-13,53.669998,53.91,53.57,53.759997999999996,26.227466999999997,11000
7009,2010-10-14,53.799999,53.950001,53.540001000000004,53.950001,26.320168,14700
7010,2010-10-15,53.799999,54.060001,53.700001,54.049999,26.368941999999997,13600
7011,2010-10-18,54.0,54.09,53.869999,54.09,26.388464000000003,9400
7012,2010-10-19,53.82,53.830002,53.310001,53.310001,26.007921,13400
7013,2010-10-20,53.360001000000004,53.880001,53.360001000000004,53.810001,26.251858000000002,15100
7014,2010-10-21,53.720001,53.950001,53.450001,53.709998999999996,26.203072,8400
7015,2010-10-22,53.369999,53.599998,53.34,53.349998,26.027441,12500
7016,2010-10-25,53.349998,53.939999,53.349998,53.400002,26.051823000000002,5800
7017,2010-10-26,53.82,54.0,53.32,53.939999,26.315278999999997,17900
7018,2010-10-27,53.950001,53.950001,53.450001,53.669998,26.183569,14600
7019,2010-10-28,53.950001,54.099998,53.75,53.950001,26.320168,10600
7020,2010-10-29,54.27,54.349998,53.759997999999996,53.759997999999996,26.227466999999997,11200
7021,2010-11-01,54.0,55.0,53.939999,54.810001,26.739721000000003,30700
7022,2010-11-02,55.25,56.470001,55.099998,56.0,27.320271999999996,29500
7023,2010-11-03,56.0,56.959998999999996,55.59,56.57,27.598359999999996,29900
7024,2010-11-04,57.0,58.200001,56.639998999999996,57.5,28.052066999999997,42600
7025,2010-11-05,57.5,58.200001,57.18,58.189999,28.388685,26000
7026,2010-11-08,58.200001,58.66,57.799999,58.029999,28.310646000000002,31700
7027,2010-11-09,58.75,59.380001,58.299999,58.599998,28.588707,28600
7028,2010-11-10,58.5,59.0,58.310001,58.490002000000004,28.691732000000002,18600
7029,2010-11-11,58.490002000000004,58.75,58.490002000000004,58.5,28.696644,20100
7030,2010-11-12,58.849998,58.849998,57.150002,58.43,28.662302,24900
7031,2010-11-15,58.5,58.59,57.299999,58.009997999999996,28.456265999999996,16500
7032,2010-11-16,57.560001,58.110001000000004,55.68,56.279999,27.607640999999997,27100
7033,2010-11-17,56.099998,56.740002000000004,56.099998,56.740002000000004,27.833267,7600
7034,2010-11-18,57.5,58.860001000000004,57.5,58.099998,28.500412,19200
7035,2010-11-19,58.25,58.25,57.630001,58.0,28.451365999999997,8200
7036,2010-11-22,57.810001,58.240002000000004,57.439999,57.82,28.36307,17400
7037,2010-11-23,57.400002,58.209998999999996,57.279999,57.709998999999996,28.309096999999998,10400
7038,2010-11-24,57.5,57.880001,57.32,57.549999,28.230625,13600
7039,2010-11-26,57.400002,58.310001,57.360001000000004,57.68,28.294376,6800
7040,2010-11-29,57.810001,58.119999,57.349998,58.07,28.485704,14300
7041,2010-11-30,58.25,58.68,57.75,58.450001,28.672117,36500
7042,2010-12-01,58.950001,58.950001,57.880001,58.32,28.608334999999997,39100
7043,2010-12-02,58.490002000000004,59.0,58.490002000000004,59.0,28.941916,11500
7044,2010-12-03,58.84,59.09,58.369999,58.77,28.829071000000003,20100
7045,2010-12-06,58.77,58.77,58.200001,58.509997999999996,28.701538,16800
7046,2010-12-07,59.0,59.0,57.580002,57.889998999999996,28.397402000000003,21700
7047,2010-12-08,58.369999,58.459998999999996,57.400002,58.009997999999996,28.456265999999996,17700
7048,2010-12-09,58.43,58.43,57.509997999999996,57.919998,28.412119,9900
7049,2010-12-10,58.09,58.299999,58.0,58.150002,28.524931,14000
7050,2010-12-13,57.849998,58.18,57.419998,58.119999,28.640247,8100
7051,2010-12-14,57.82,58.400002,57.57,57.630001,28.398798,9000
7052,2010-12-15,57.919998,58.139998999999996,57.400002,57.450001,28.310087,12500
7053,2010-12-16,57.23,57.869999,57.23,57.849998,28.507206,9700
7054,2010-12-17,57.459998999999996,58.049999,57.110001000000004,57.16,28.167189,13900
7055,2010-12-20,56.950001,57.360001000000004,56.93,57.209998999999996,28.191824,7800
7056,2010-12-21,57.189999,58.02,57.189999,58.02,28.590977000000002,9900
7057,2010-12-22,57.900002,57.990002000000004,57.75,57.799999,28.482563,13000
7058,2010-12-23,58.0,58.400002,57.799999,58.099998,28.630396,10800
7059,2010-12-27,58.400002,59.07,58.009997999999996,58.459998999999996,28.807796000000003,10500
7060,2010-12-28,59.25,59.52,58.41,59.34,29.241442,25300
7061,2010-12-29,59.490002000000004,59.77,59.279999,59.689999,29.413922999999997,6900
7062,2010-12-30,60.0,60.0,59.459998999999996,59.689999,29.413922999999997,20800
7063,2010-12-31,59.669998,60.0,59.43,59.549999,29.34491,15900
7064,2011-01-03,59.549999,60.130001,59.450001,59.990002000000004,29.561752000000002,14800
7065,2011-01-04,60.0,60.200001,59.66,60.02,29.576525,18200
7066,2011-01-05,60.360001000000004,61.009997999999996,60.25,60.860001000000004,29.990461,13600
7067,2011-01-06,60.759997999999996,60.869999,60.150002,60.200001,29.665226,20700
7068,2011-01-07,60.189999,60.240002000000004,59.57,60.189999,29.660303000000003,14000
7069,2011-01-10,60.080002,60.990002000000004,60.080002,60.810001,29.965836,15900
7070,2011-01-11,61.43,62.389998999999996,61.43,62.330002,30.714848999999997,11300
7071,2011-01-12,62.330002,64.0,62.310001,63.400002,31.242119,35400
7072,2011-01-13,63.0,63.91,63.0,63.099998,31.248569,14600
7073,2011-01-14,63.5,63.98,63.060001,63.860001000000004,31.624937,16300
7074,2011-01-18,63.990002000000004,64.949997,63.990002000000004,64.540001,31.961695000000002,16800
7075,2011-01-19,64.889999,65.0,63.52,63.52,31.456556,19400
7076,2011-01-20,63.16,63.16,60.700001,61.810001,30.609737,30200
7077,2011-01-21,62.799999,62.799999,61.16,61.509997999999996,30.461159000000002,18600
7078,2011-01-24,61.610001000000004,61.610001000000004,60.59,60.59,30.005535,18200
7079,2011-01-25,60.5,61.200001,56.02,58.450001,28.945766,158500
7080,2011-01-26,57.75,58.419998,57.32,58.299999,28.871498,71800
7081,2011-01-27,57.990002000000004,59.290001000000004,57.990002000000004,58.849998,29.143862,30200
7082,2011-01-28,58.849998,59.580002,58.419998,59.48,29.455842999999998,20700
7083,2011-01-31,59.720001,61.099998,59.599998,61.099998,30.258114000000003,23500
7084,2011-02-01,61.82,61.950001,61.27,61.560001,30.485909000000003,16900
7085,2011-02-02,61.299999,62.669998,61.299999,62.27,30.837526,16900
7086,2011-02-03,62.450001,62.75,62.16,62.259997999999996,30.832565000000002,16700
7087,2011-02-04,62.150002,62.18,61.27,61.5,30.456194,17600
7088,2011-02-07,62.0,63.650002,61.32,63.25,31.322848999999998,40300
7089,2011-02-08,62.630001,63.23,61.759997999999996,62.41,30.906846999999996,24500
7090,2011-02-09,62.57,63.799999,62.450001,63.07,31.233709,23000
7091,2011-02-10,63.279999,63.950001,63.009997999999996,63.290001000000004,31.342659,17300
7092,2011-02-11,63.02,63.970001,62.400002,63.740002000000004,31.699734000000003,22800
7093,2011-02-14,63.900002,64.0,63.599998,63.709998999999996,31.684820000000002,12400
7094,2011-02-15,63.75,63.869999,63.400002,63.57,31.615187,5500
7095,2011-02-16,63.599998,63.91,63.41,63.41,31.535608,8600
7096,2011-02-17,63.709998999999996,63.709998999999996,62.82,62.93,31.296915000000002,10400
7097,2011-02-18,63.240002000000004,63.240002000000004,62.619999,62.889998999999996,31.276996999999998,8100
7098,2011-02-22,63.5,63.990002000000004,62.310001,63.900002,31.779301,13700
7099,2011-02-23,63.900002,64.83000200000001,63.490002000000004,64.43,32.042877000000004,46200
7100,2011-02-24,64.879997,64.959999,64.190002,64.43,32.042877000000004,12000
7101,2011-02-25,64.970001,65.0,63.34,64.559998,32.107548,20200
7102,2011-02-28,64.82,65.0,64.019997,64.58000200000001,32.1175,10700
7103,2011-03-01,64.800003,64.800003,62.75,64.25,31.953377000000003,17600
7104,2011-03-02,63.880001,64.730003,63.849998,64.059998,31.858877000000003,9200
7105,2011-03-03,64.300003,64.459999,62.68,63.380001,31.520695,21900
7106,2011-03-04,62.0,63.279999,62.0,63.279999,31.470968,35800
7107,2011-03-07,63.709998999999996,64.0,62.360001000000004,62.849998,31.257118,15400
7108,2011-03-08,62.599998,62.799999,61.610001000000004,62.5,31.083042,17100
7109,2011-03-09,62.25,62.84,61.849998,61.990002000000004,30.829409000000002,11800
7110,2011-03-10,61.790001000000004,61.790001000000004,59.25,59.860001000000004,29.770097999999997,41700
7111,2011-03-11,59.009997999999996,59.919998,59.0,59.66,29.770591999999997,28300
7112,2011-03-14,58.77,59.830002,58.110001000000004,59.830002,29.85544,20400
7113,2011-03-15,59.75,60.93,58.189999,59.900002,29.890348,38200
7114,2011-03-16,60.139998999999996,60.41,59.75,59.849998,29.865398,8500
7115,2011-03-17,60.009997999999996,61.419998,60.009997999999996,61.099998,30.489168,20400
7116,2011-03-18,61.91,61.93,60.259997999999996,61.779999,30.828489,10300
7117,2011-03-21,62.0,63.400002,61.990002000000004,63.040001000000004,31.457233000000002,11600
7118,2011-03-22,63.290001000000004,63.290001000000004,62.650002,62.950001,31.412334,5300
7119,2011-03-23,62.77,63.220001,62.669998,63.209998999999996,31.542070000000002,7600
7120,2011-03-24,63.599998,63.599998,62.349998,62.990002000000004,31.432271999999998,16400
7121,2011-03-25,62.790001000000004,63.450001,62.369999,62.68,31.277604999999998,15500
7122,2011-03-28,62.5,62.5,60.689999,60.919998,30.399347,33500
7123,2011-03-29,60.919998,61.689999,59.970001,60.439999,30.159822,20100
7124,2011-03-30,60.279999,60.669998,59.98,60.130001,30.005125,16200
7125,2011-03-31,60.349998,60.900002,60.080002,60.650002,30.264608000000003,25800
7126,2011-04-01,60.799999,60.900002,60.66,60.790001000000004,30.334469,8600
7127,2011-04-04,60.599998,60.849998,60.5,60.82,30.34944,10700
7128,2011-04-05,60.52,62.779999,60.52,62.75,31.312523,57200
7129,2011-04-06,62.799999,63.400002,62.799999,63.029999,31.452242,18900
7130,2011-04-07,63.049999,63.34,62.77,63.040001000000004,31.457233000000002,10500
7131,2011-04-08,63.299999,63.5,63.130001,63.299999,31.586966999999998,18800
7132,2011-04-11,64.389999,65.120003,63.66,63.66,31.766603000000003,96400
7133,2011-04-12,63.740002000000004,63.959998999999996,62.299999,63.810001,31.841478000000002,50400
7134,2011-04-13,63.68,63.68,62.279999,63.09,31.698288,23200
7135,2011-04-14,63.099998,63.419998,63.060001,63.25,31.77866,10000
7136,2011-04-15,63.18,63.619999,62.810001,63.07,31.688228999999996,17700
7137,2011-04-18,63.810001,65.989998,63.810001,65.989998,33.155315,124200
7138,2011-04-19,66.33000200000001,67.949997,66.290001,67.599998,33.964218,50000
7139,2011-04-20,67.870003,68.800003,67.849998,68.160004,34.245594,49600
7140,2011-04-21,67.800003,69.0,67.75,68.349998,34.341068,31800
7141,2011-04-25,68.08000200000001,70.0,68.08000200000001,69.059998,34.697769,54000
7142,2011-04-26,69.25,69.290001,68.5,69.059998,34.697769,38100
7143,2011-04-27,68.989998,69.68,68.510002,69.0,34.667618,27600
7144,2011-04-28,69.449997,69.449997,68.860001,69.089996,34.712856,20300
7145,2011-04-29,70.540001,70.540001,68.739998,69.150002,34.742985,30000
7146,2011-05-02,69.25,69.650002,68.32,68.639999,34.486774,37000
7147,2011-05-03,68.739998,68.989998,65.66999799999999,66.66999799999999,33.496971,52000
7148,2011-05-04,66.5,66.5,64.610001,65.589996,32.954342,41000
7149,2011-05-05,64.139999,64.599998,62.009997999999996,64.050003,32.180607,83900
7150,2011-05-06,63.799999,66.349998,63.799999,65.480003,32.899086,31300
7151,2011-05-09,65.699997,66.5,65.58000200000001,66.279999,33.301033000000004,13000
7152,2011-05-10,66.5,67.5,66.300003,67.07,33.697956,13800
7153,2011-05-11,67.129997,67.379997,65.239998,65.849998,33.08498,21900
7154,2011-05-12,65.269997,65.269997,64.300003,64.470001,32.562214000000004,15500
7155,2011-05-13,64.230003,65.32,64.0,64.279999,32.46627,11900
7156,2011-05-16,64.199997,64.599998,64.16999799999999,64.459999,32.557171000000004,14300
7157,2011-05-17,64.910004,64.980003,63.66,64.269997,32.461220000000004,23500
7158,2011-05-18,64.0,65.440002,63.650002,65.150002,32.905666,27400
7159,2011-05-19,65.18,66.279999,64.970001,65.25,32.956173,7500
7160,2011-05-20,65.279999,65.489998,64.790001,65.220001,32.941032,9300
7161,2011-05-23,64.75,64.75,63.75,64.57,32.612743,41100
7162,2011-05-24,64.540001,65.339996,64.540001,64.91999799999999,32.789524,13200
7163,2011-05-25,64.800003,65.599998,64.58000200000001,65.41999799999999,33.042041999999995,17100
7164,2011-05-26,65.379997,65.5,64.0,65.389999,33.02689,11800
7165,2011-05-27,65.370003,66.07,65.0,65.18,32.92083,9600
7166,2011-05-31,65.489998,66.389999,65.190002,66.08000200000001,33.375401000000004,13400
7167,2011-06-01,66.470001,66.470001,64.5,64.550003,32.602641999999996,19000
7168,2011-06-02,64.309998,65.349998,64.129997,64.980003,32.819809,14800
7169,2011-06-03,64.199997,65.139999,64.199997,65.029999,32.84507,7900
7170,2011-06-06,64.82,65.089996,64.379997,65.010002,32.83498,19600
7171,2011-06-07,65.099998,65.199997,64.66999799999999,64.66999799999999,32.66325,10600
7172,2011-06-08,64.849998,65.730003,64.83000200000001,65.050003,32.85516,21800
7173,2011-06-09,65.5,65.91999799999999,65.32,65.57,33.117836,11000
7174,2011-06-10,65.989998,66.190002,65.709999,66.190002,33.430958000000004,15400
7175,2011-06-13,65.940002,66.0,64.66999799999999,65.269997,33.127438,19600
7176,2011-06-14,65.0,66.209999,64.949997,66.209999,33.60453,16100
7177,2011-06-15,65.099998,65.739998,64.5,64.5,32.736645,9500
7178,2011-06-16,64.199997,64.989998,63.549999,63.639998999999996,32.300163,25100
7179,2011-06-17,63.52,63.919998,62.099998,62.52,31.731709000000002,29200
7180,2011-06-20,62.220001,62.220001,59.82,61.389998999999996,31.158147999999997,59200
7181,2011-06-21,61.450001,62.860001000000004,61.450001,62.860001000000004,31.904260999999998,15500
7182,2011-06-22,62.509997999999996,63.220001,62.040001000000004,62.349998,31.645418,10800
7183,2011-06-23,61.27,61.830002,60.5,61.82,31.376409999999996,20500
7184,2011-06-24,62.0,62.560001,61.099998,62.299999,31.620037,12400
7185,2011-06-27,62.560001,63.5,60.59,60.849998,30.884096000000003,23800
7186,2011-06-28,60.709998999999996,62.470001,60.509997999999996,62.459998999999996,31.701233000000002,12000
7187,2011-06-29,62.799999,63.84,62.77,63.330002,32.142811,13000
7188,2011-06-30,64.400002,64.400002,62.669998,63.740002000000004,32.350891,16900
7189,2011-07-01,63.549999,63.75,63.0,63.27,32.11235,12600
7190,2011-07-05,64.0,65.720001,63.639998999999996,65.400002,33.193439,30200
7191,2011-07-06,65.760002,65.980003,65.150002,65.809998,33.401505,15400
7192,2011-07-07,65.980003,66.529999,65.620003,66.489998,33.746635,10900
7193,2011-07-08,66.150002,66.589996,65.440002,65.849998,33.421818,17000
7194,2011-07-11,65.360001,65.599998,64.889999,65.25,33.117278999999996,21400
7195,2011-07-12,64.709999,65.41999799999999,64.709999,65.099998,33.04118,12800
7196,2011-07-13,64.650002,65.110001,63.799999,64.010002,32.69334,16600
7197,2011-07-14,64.309998,65.650002,63.91,64.019997,32.698448,14300
7198,2011-07-15,64.449997,65.650002,64.190002,65.529999,33.469681,18900
7199,2011-07-18,65.800003,66.099998,64.989998,65.959999,33.689301,22300
7200,2011-07-19,66.43,66.959999,66.199997,66.489998,33.959995,15900
7201,2011-07-20,66.599998,66.730003,66.029999,66.480003,33.954914,12300
7202,2011-07-21,66.099998,66.949997,65.800003,66.610001,34.021305,14300
7203,2011-07-22,66.029999,66.949997,66.029999,66.860001,34.148972,7200
7204,2011-07-25,65.150002,66.839996,65.059998,66.459999,33.944675,25700
7205,2011-07-26,66.620003,67.0,66.08000200000001,66.199997,33.811890000000005,24100
7206,2011-07-27,65.360001,66.050003,65.360001,65.589996,33.500324,17600
7207,2011-07-28,65.309998,65.379997,64.110001,64.510002,32.948723,16400
7208,2011-07-29,64.300003,64.300003,63.220001,64.290001,32.836365,19700
7209,2011-08-01,66.25,66.410004,64.989998,64.989998,33.193886,20200
7210,2011-08-02,66.0,66.0,64.0,64.260002,32.821007,10400
7211,2011-08-03,64.940002,65.199997,63.240002000000004,64.900002,33.147911,24900
7212,2011-08-04,64.57,64.57,61.740002000000004,62.049999,31.692261,31100
7213,2011-08-05,62.130001,62.900002,47.43,57.189999,29.209999,202600
7214,2011-08-08,52.0,57.0,52.0,53.5,27.325306,111200
7215,2011-08-09,53.099998,58.610001000000004,53.0,58.0,29.623703000000003,75800
7216,2011-08-10,57.150002,62.630001,55.959998999999996,59.880001,30.583921000000004,41900
7217,2011-08-11,59.880001,60.950001,59.049999,60.540001000000004,31.129504999999998,35400
7218,2011-08-12,60.509997999999996,61.900002,60.32,61.16,31.448275,35600
7219,2011-08-15,61.200001,61.52,60.740002000000004,61.389998999999996,31.566551,30100
7220,2011-08-16,60.5,60.599998,59.400002,60.419998,31.06778,12600
7221,2011-08-17,56.580002,61.860001000000004,56.34,61.0,31.366013,32800
7222,2011-08-18,59.450001,60.59,58.810001,60.029999,30.867254,22600
7223,2011-08-19,57.279999,60.110001000000004,57.0,59.5,30.594717,29200
7224,2011-08-22,59.5,60.07,58.599998,58.849998,30.260487,21300
7225,2011-08-23,58.849998,60.610001000000004,57.939999,60.459998999999996,31.088348,18900
7226,2011-08-24,60.439999,60.73,58.23,60.5,31.108931,8700
7227,2011-08-25,60.509997999999996,60.639998999999996,59.799999,60.049999,30.877521999999995,17100
7228,2011-08-26,59.740002000000004,60.700001,59.439999,60.700001,31.211756,9700
7229,2011-08-29,61.299999,62.25,60.860001000000004,61.779999,31.767107,25200
7230,2011-08-30,62.23,62.490002000000004,61.700001,62.299999,32.034477,21800
7231,2011-08-31,62.5,62.709998999999996,61.59,62.189999,31.977909000000004,13600
7232,2011-09-01,62.560001,62.560001,60.049999,61.349998,31.545996000000002,33000
7233,2011-09-02,60.57,61.669998,59.75,60.939999,31.335154,15300
7234,2011-09-06,59.700001,60.669998,59.700001,60.200001,30.954664,25300
7235,2011-09-07,60.450001,62.099998,60.450001,61.950001,31.854506,8700
7236,2011-09-08,61.959998999999996,63.380001,61.849998,62.32,32.044754,10900
7237,2011-09-09,62.610001000000004,63.200001,61.610001000000004,61.959998999999996,31.859655,10600
7238,2011-09-12,61.41,63.200001,61.41,62.25,32.008765999999994,28100
7239,2011-09-13,61.959998999999996,63.990002000000004,61.959998999999996,63.490002000000004,32.853245,17500
7240,2011-09-14,63.470001,63.669998,62.799999,63.189999,32.698009000000006,13200
7241,2011-09-15,63.77,64.18,63.110001000000004,63.509997999999996,32.863597999999996,10600
7242,2011-09-16,64.129997,64.190002,63.68,63.939999,33.086113,8000
7243,2011-09-19,63.009997999999996,64.440002,62.490002000000004,62.709998999999996,32.449638,26900
7244,2011-09-20,63.200001,63.880001,62.049999,63.009997999999996,32.604874,16200
7245,2011-09-21,63.27,63.27,61.959998999999996,62.299999,32.237476,15000
7246,2011-09-22,61.959998999999996,62.849998,61.529999,62.849998,32.522087,31100
7247,2011-09-23,62.630001,63.470001,61.560001,61.900002,32.030502,13100
7248,2011-09-26,61.950001,63.119999,61.66,61.970001,32.066734000000004,28600
7249,2011-09-27,62.389998999999996,64.32,62.389998999999996,63.779999,33.0033,12500
7250,2011-09-28,63.990002000000004,63.990002000000004,61.73,62.720001,32.454807,17800
7251,2011-09-29,63.560001,64.309998,62.310001,63.869999,33.049889,20900
7252,2011-09-30,63.580002,63.82,62.91,63.040001000000004,32.620399,12700
7253,2011-10-03,62.639998999999996,63.57,60.330002,60.52,31.316409999999998,23600
7254,2011-10-04,60.0,60.959998999999996,60.0,60.57,31.342276000000002,46000
7255,2011-10-05,60.610001000000004,62.52,60.02,61.880001,32.020157,18300
7256,2011-10-06,62.299999,64.410004,62.299999,64.0,33.117153,11000
7257,2011-10-07,63.580002,64.5,63.119999,63.869999,33.049889,8000
7258,2011-10-10,64.349998,64.970001,63.0,64.25,33.246513,16000
7259,2011-10-11,63.540001000000004,64.75,63.540001000000004,64.400002,33.324127000000004,13500
7260,2011-10-12,64.949997,64.949997,62.560001,64.18,33.210289,19500
7261,2011-10-13,64.190002,64.790001,63.299999,64.620003,33.622902,13600
7262,2011-10-14,65.0,65.339996,64.519997,65.339996,33.997555,16000
7263,2011-10-17,65.050003,65.800003,64.33000200000001,64.650002,33.638504,23100
7264,2011-10-18,64.239998,65.449997,64.239998,65.029999,33.83625,22700
7265,2011-10-19,64.300003,65.360001,63.98,64.699997,33.664528000000004,14400
7266,2011-10-20,64.269997,65.260002,64.010002,65.16999799999999,33.909077,15200
7267,2011-10-21,64.940002,65.900002,64.940002,65.709999,34.190052,21800
7268,2011-10-24,65.900002,66.639999,65.58000200000001,66.25,34.471035,26600
7269,2011-10-25,66.059998,66.730003,65.529999,66.410004,34.554287,15000
7270,2011-10-26,66.5,66.889999,65.989998,66.650002,34.679157000000004,17900
7271,2011-10-27,66.900002,67.440002,66.339996,66.480003,34.590694,26100
7272,2011-10-28,65.690002,66.349998,65.690002,66.32,34.507446,10700
7273,2011-10-31,66.459999,66.849998,66.0,66.029999,34.356528999999995,13500
7274,2011-11-01,65.0,66.400002,64.510002,65.760002,34.216072,20100
7275,2011-11-02,65.5,66.480003,65.5,66.190002,34.4398,6500
7276,2011-11-03,66.190002,66.82,65.440002,66.18,34.434597,21700
7277,2011-11-04,65.760002,66.440002,65.0,66.360001,34.528263,16500
7278,2011-11-07,65.440002,66.519997,65.440002,66.290001,34.491848,18600
7279,2011-11-08,66.5,66.730003,66.199997,66.449997,34.575069,6900
7280,2011-11-09,65.07,66.989998,65.07,65.760002,34.216072,21800
7281,2011-11-10,65.519997,66.129997,65.230003,66.129997,34.528296999999995,23100
7282,2011-11-11,66.5,67.059998,66.470001,66.970001,34.966892,11300
7283,2011-11-14,66.870003,66.889999,65.57,66.199997,34.564854,10200
7284,2011-11-15,65.790001,66.480003,65.57,65.760002,34.335117,15200
7285,2011-11-16,65.370003,66.160004,64.5,66.139999,34.533516,12600
7286,2011-11-17,66.059998,66.059998,65.059998,65.360001,34.126247,9300
7287,2011-11-18,65.360001,66.0,65.360001,65.559998,34.230682,4300
7288,2011-11-21,64.970001,65.279999,64.440002,65.0,33.938305,12000
7289,2011-11-22,64.949997,65.940002,64.620003,65.529999,34.215015,30800
7290,2011-11-23,64.83000200000001,65.760002,64.83000200000001,65.33000200000001,34.1106,10200
7291,2011-11-25,64.720001,65.75,64.720001,64.879997,33.875645,3300
7292,2011-11-28,66.07,66.089996,64.959999,65.239998,34.063598999999996,10800
7293,2011-11-29,65.25,66.349998,64.91999799999999,65.470001,34.183704,18800
7294,2011-11-30,66.91999799999999,66.91999799999999,64.870003,66.139999,34.533516,15600
7295,2011-12-01,65.68,66.540001,65.650002,66.190002,34.55962,16100
7296,2011-12-02,66.010002,66.41999799999999,65.160004,66.239998,34.585732,13400
7297,2011-12-05,66.410004,66.650002,65.629997,66.290001,34.611832,20200
7298,2011-12-06,66.639999,66.690002,64.989998,66.139999,34.533516,27400
7299,2011-12-07,65.949997,65.949997,64.5,65.529999,34.215015,10200
7300,2011-12-08,65.25,65.629997,64.25,64.910004,33.891304,8600
7301,2011-12-09,65.5,65.980003,65.230003,65.809998,34.361216999999996,14500
7302,2011-12-12,65.660004,65.660004,65.0,65.440002,34.168037,7000
7303,2011-12-13,65.25,65.349998,64.559998,64.559998,33.863293,7500
7304,2011-12-14,64.550003,64.75,63.709998999999996,63.75,33.438423,11200
7305,2011-12-15,64.110001,64.160004,63.709998999999996,64.110001,33.627251,3600
7306,2011-12-16,64.019997,65.599998,64.019997,65.160004,34.178013,5000
7307,2011-12-19,64.879997,64.879997,63.950001,64.07,33.606285,5800
7308,2011-12-20,64.099998,65.0,64.059998,64.660004,33.915729999999996,8200
7309,2011-12-21,64.93,65.07,64.0,64.620003,33.894768,10900
7310,2011-12-22,64.099998,64.470001,63.75,64.279999,33.716423,6900
7311,2011-12-23,64.07,64.629997,63.0,63.900002,33.517097,13300
7312,2011-12-27,64.040001,64.690002,63.700001,63.880001,33.506615000000004,8100
7313,2011-12-28,63.5,63.900002,62.009997999999996,63.009997999999996,33.050255,9600
7314,2011-12-29,63.220001,63.990002000000004,62.860001000000004,63.459998999999996,33.28632,10800
7315,2011-12-30,63.299999,63.959998999999996,63.0,63.049999,33.071243,8900
7316,2012-01-03,63.049999,64.309998,63.049999,63.799999,33.464642,17900
7317,2012-01-04,63.799999,65.08000200000001,63.799999,64.529999,33.847546,25500
7318,2012-01-05,64.220001,65.110001,63.459998999999996,64.379997,33.76886,9700
7319,2012-01-06,64.040001,65.25,64.040001,64.559998,33.863293,9700
7320,2012-01-09,65.199997,65.459999,64.08000200000001,64.239998,33.695434999999996,12100
7321,2012-01-10,65.120003,65.449997,64.5,64.660004,33.915729999999996,21400
7322,2012-01-11,64.660004,64.660004,63.720001,64.25,33.700672,17800
7323,2012-01-12,63.82,64.199997,62.720001,62.91,33.185307,27200
7324,2012-01-13,62.549999,62.849998,62.049999,62.560001,33.000683,17100
7325,2012-01-17,62.5,62.599998,60.630001,60.720001,32.03009,33600
7326,2012-01-18,60.279999,60.68,60.0,60.02,31.660829999999997,61500
7327,2012-01-19,60.0,61.389998999999996,60.0,60.09,31.697744,53500
7328,2012-01-20,60.0,60.599998,60.0,60.560001,31.945662,16100
7329,2012-01-23,62.07,62.290001000000004,60.939999,61.68,32.536471999999996,20500
7330,2012-01-24,61.279999,62.419998,61.200001,61.41,32.394062,13500
7331,2012-01-25,61.400002,63.099998,61.349998,62.200001,32.810783,18900
7332,2012-01-26,62.75,62.950001,61.549999,61.880001,32.641964,19900
7333,2012-01-27,62.0,62.049999,61.57,61.919998,32.663082,16000
7334,2012-01-30,61.77,62.169998,61.41,61.860001000000004,32.631434999999996,21500
7335,2012-01-31,62.049999,62.099998,61.560001,62.0,32.705284000000006,17000
7336,2012-02-01,62.25,62.259997999999996,61.610001000000004,61.82,32.610344,22700
7337,2012-02-02,61.860001000000004,62.619999,61.669998,62.099998,32.75803,13400
7338,2012-02-03,62.16,62.16,61.630001,61.740002000000004,32.568119,15500
7339,2012-02-06,61.360001000000004,61.889998999999996,61.049999,61.639998999999996,32.515377,23300
7340,2012-02-07,61.369999,61.970001,61.259997999999996,61.84,32.62088,18700
7341,2012-02-08,62.099998,62.490002000000004,61.0,61.73,32.562847,20500
7342,2012-02-09,62.139998999999996,62.439999,61.959998999999996,62.220001,32.821323,9500
7343,2012-02-10,62.16,62.16,61.700001,61.869999,32.636703000000004,7500
7344,2012-02-13,61.66,62.490002000000004,61.599998,62.040001000000004,32.888512,14200
7345,2012-02-14,62.259997999999996,63.5,62.16,62.939999,33.36562,34300
7346,2012-02-15,62.849998,64.029999,62.849998,63.5,33.662471999999994,24600
7347,2012-02-16,63.259997999999996,64.959999,63.259997999999996,64.550003,34.219109,11500
7348,2012-02-17,64.5,65.400002,64.5,65.230003,34.579582,32700
7349,2012-02-21,65.550003,66.5,65.33000200000001,66.379997,35.189213,29600
7350,2012-02-22,66.120003,66.5,65.949997,66.370003,35.183914,11000
7351,2012-02-23,65.309998,66.360001,65.050003,65.900002,34.934765000000006,13600
7352,2012-02-24,66.110001,66.300003,65.879997,65.949997,34.961254,11800
7353,2012-02-27,65.800003,66.0,65.279999,65.449997,34.696201,9900
7354,2012-02-28,65.099998,65.459999,63.799999,64.699997,34.298618,24600
7355,2012-02-29,64.510002,65.269997,63.799999,64.32,34.097183,10900
7356,2012-03-01,65.089996,65.360001,64.010002,64.720001,34.309212,18000
7357,2012-03-02,65.150002,65.360001,63.799999,63.849998,33.848022,15000
7358,2012-03-05,63.849998,64.25,63.240002000000004,63.459998999999996,33.641273,10900
7359,2012-03-06,63.0,63.060001,61.75,62.330002,33.042248,22600
7360,2012-03-07,62.259997999999996,63.18,62.259997999999996,62.740002000000004,33.259571,25000
7361,2012-03-08,63.07,63.450001,62.77,63.0,33.397411,4400
7362,2012-03-09,62.73,63.700001,62.73,63.220001,33.514046,13800
7363,2012-03-12,63.25,63.77,63.220001,63.490002000000004,33.657188,11600
7364,2012-03-13,63.5,63.939999,62.150002,62.91,33.497966999999996,21000
7365,2012-03-14,62.75,63.189999,62.23,62.799999,33.439396,15200
7366,2012-03-15,62.630001,62.630001,61.549999,61.849998,32.933559,16000
7367,2012-03-16,61.869999,62.299999,61.509997999999996,61.610001000000004,32.805766999999996,25100
7368,2012-03-19,61.509997999999996,62.049999,61.049999,61.669998,32.837708,18600
7369,2012-03-20,61.400002,61.73,60.66,60.66,32.299904,22800
7370,2012-03-21,60.41,60.84,60.310001,60.689999,32.315891,25600
7371,2012-03-22,60.299999,60.650002,59.610001000000004,59.610001000000004,31.740807,40200
7372,2012-03-23,59.610001000000004,60.810001,59.610001000000004,60.810001,32.379784,12100
7373,2012-03-26,60.66,61.459998999999996,60.27,60.5,32.214706,21400
7374,2012-03-27,60.299999,60.599998,59.709998999999996,60.029999,31.964458,23900
7375,2012-03-28,59.799999,60.68,59.799999,60.18,32.044308,14400
7376,2012-03-29,60.450001,60.450001,59.700001,60.130001,32.017696,12200
7377,2012-03-30,60.299999,60.619999,59.869999,60.139998999999996,32.023006,10100
7378,2012-04-02,59.799999,61.84,59.799999,61.57,32.784465999999995,22300
7379,2012-04-03,61.84,63.0,61.439999,62.139998999999996,33.087963,21000
7380,2012-04-04,61.799999,62.220001,60.759997999999996,61.139998999999996,32.555489,15100
7381,2012-04-05,61.130001,61.599998,61.080002,61.349998,32.667324,13300
7382,2012-04-09,60.869999,61.91,60.669998,61.240002000000004,32.608727,17400
7383,2012-04-10,61.400002,61.720001,59.130001,60.009997999999996,31.9538,42700
7384,2012-04-11,60.5,60.82,60.009997999999996,60.32,32.118854999999996,14700
7385,2012-04-12,60.23,61.25,60.18,60.919998,32.665257000000004,14400
7386,2012-04-13,61.41,61.450001,61.0,61.119999,32.772503,8800
7387,2012-04-16,61.119999,61.119999,59.790001000000004,60.040001000000004,32.193394,11700
7388,2012-04-17,60.5,60.509997999999996,59.549999,59.610001000000004,31.962815999999997,10500
7389,2012-04-18,59.200001,59.290001000000004,56.48,57.43,30.793915000000002,80500
7390,2012-04-19,57.139998999999996,57.290001000000004,56.470001,57.040001000000004,30.584806,29800
7391,2012-04-20,57.200001,57.669998,56.709998999999996,57.599998,30.88508,28000
7392,2012-04-23,57.349998,57.439999,55.25,57.02,30.574071999999997,56000
7393,2012-04-24,56.860001000000004,56.900002,55.860001000000004,56.049999,30.05397,30000
7394,2012-04-25,57.41,57.41,56.080002,56.720001,30.413219,28800
7395,2012-04-26,56.709998999999996,57.98,56.709998999999996,57.459998999999996,30.810003000000002,26700
7396,2012-04-27,57.419998,57.450001,56.5,57.43,30.793915000000002,25200
7397,2012-04-30,57.439999,57.889998999999996,57.029999,57.799999,30.9923,11000
7398,2012-05-01,57.759997999999996,58.98,57.650002,57.779999,30.981588000000002,25800
7399,2012-05-02,58.130001,58.369999,57.759997999999996,57.889998999999996,31.04055,9100
7400,2012-05-03,57.73,57.73,56.18,56.799999,30.45611,20000
7401,2012-05-04,56.220001,57.16,56.110001000000004,56.709998999999996,30.40785,28200
7402,2012-05-07,56.400002,56.970001,55.709998999999996,56.880001,30.499015999999997,26000
7403,2012-05-08,56.509997999999996,57.139998999999996,55.900002,56.380001,30.230896,27800
7404,2012-05-09,56.279999,56.939999,55.75,56.139998999999996,30.102207,20000
7405,2012-05-10,56.529999,57.77,56.18,56.509997999999996,30.300606,26700
7406,2012-05-11,56.23,56.720001,55.91,56.099998,30.218722999999997,7800
7407,2012-05-14,55.869999,56.0,55.529999,55.529999,29.911690000000004,15300
7408,2012-05-15,55.740002000000004,55.740002000000004,53.580002,54.130001,29.157567999999998,71000
7409,2012-05-16,53.869999,54.880001,53.0,53.16,28.635071000000003,35700
7410,2012-05-17,53.0,53.48,50.799999,51.060001,27.503901000000003,53300
7411,2012-05-18,51.0,51.09,49.740002000000004,49.77,26.809023,40200
7412,2012-05-21,49.529999,51.419998,49.009997999999996,50.810001,27.369225,39500
7413,2012-05-22,50.810001,51.32,50.27,50.490002000000004,27.196866999999997,18000
7414,2012-05-23,50.419998,50.650002,49.009997999999996,49.939999,26.900591,30000
7415,2012-05-24,49.959998999999996,49.98,49.009997999999996,49.450001,26.636658,32100
7416,2012-05-25,49.25,49.869999,49.009997999999996,49.75,26.798252,25000
7417,2012-05-29,50.0,50.75,49.700001,50.459998999999996,27.180696,30600
7418,2012-05-30,50.330002,50.330002,49.099998,49.419998,26.620493,21600
7419,2012-05-31,49.330002,49.360001000000004,48.509997999999996,49.060001,26.426577,19000
7420,2012-06-01,48.16,48.419998,47.650002,47.830002,25.764027,22000
7421,2012-06-04,47.439999,47.5,45.57,46.16,24.864464,53900
7422,2012-06-05,46.32,48.0,46.009997999999996,47.82,25.758636,44400
7423,2012-06-06,47.900002,48.91,47.580002,48.549999,26.151867000000003,36800
7424,2012-06-07,49.07,49.450001,48.009997999999996,48.189999,25.957935,19900
7425,2012-06-08,48.110001000000004,48.700001,47.290001000000004,48.34,26.03874,23900
7426,2012-06-11,48.400002,48.990002000000004,48.400002,48.5,26.124931,24000
7427,2012-06-12,48.630001,49.549999,48.630001,49.5,26.663574,29800
7428,2012-06-13,48.790001000000004,49.27,48.029999,48.220001,26.15855,28800
7429,2012-06-14,48.169998,48.720001,48.009997999999996,48.02,26.050037,19900
7430,2012-06-15,47.990002000000004,48.290001000000004,47.220001,47.759997999999996,25.908993,33600
7431,2012-06-18,47.57,48.299999,47.16,47.91,25.990372,29200
7432,2012-06-19,48.02,49.77,47.709998999999996,49.400002,26.798651,21100
7433,2012-06-20,49.419998,49.919998,49.259997999999996,49.549999,26.880043,22700
7434,2012-06-21,49.790001000000004,49.790001000000004,47.599998,47.709998999999996,25.881874,27300
7435,2012-06-22,47.919998,48.5,47.5,48.169998,26.131413000000002,29100
7436,2012-06-25,47.52,48.259997999999996,47.009997999999996,47.34,25.681151999999997,16300
7437,2012-06-26,47.07,47.810001,46.740002000000004,47.610001000000004,25.82762,19600
7438,2012-06-27,47.939999,49.849998,47.650002,49.34,26.766104,29300
7439,2012-06-28,49.380001,49.57,48.610001000000004,49.150002,26.663027000000003,7500
7440,2012-06-29,49.689999,50.740002000000004,49.400002,50.119999,27.189262,22000
7441,2012-07-02,50.43,51.169998,50.099998,51.150002,27.748014,27300
7442,2012-07-03,51.450001,54.009997999999996,51.450001,53.419998,28.979464,33100
7443,2012-07-05,53.02,54.360001000000004,52.799999,53.630001,29.093372,44700
7444,2012-07-06,53.16,54.669998,52.540001000000004,54.27,29.440566999999998,27100
7445,2012-07-09,54.419998,56.009997999999996,54.25,56.009997999999996,30.384476,39600
7446,2012-07-10,55.310001,55.310001,53.009997999999996,53.669998,29.115074,30700
7447,2012-07-11,54.029999,54.130001,53.110001000000004,54.040001000000004,29.315786,20900
7448,2012-07-12,53.380001,54.0,52.549999,53.869999,29.427228999999997,19900
7449,2012-07-13,53.970001,54.099998,53.0,53.099998,29.006603000000002,11700
7450,2012-07-16,53.48,53.75,52.630001,53.34,29.137714000000003,23000
7451,2012-07-17,53.009997999999996,53.84,52.790001000000004,53.43,29.186885999999998,14500
7452,2012-07-18,53.5,54.529999,53.27,54.25,29.6348,19400
7453,2012-07-19,55.200001,55.200001,53.959998999999996,54.310001,29.667599,25000
7454,2012-07-20,54.23,54.23,52.48,53.560001,29.257873999999997,20800
7455,2012-07-23,53.099998,53.459998999999996,52.560001,53.169998,29.044846999999997,14600
7456,2012-07-24,52.830002,53.330002,52.099998,52.91,28.902811,12200
7457,2012-07-25,53.209998999999996,53.48,52.25,53.200001,29.061226,29400
7458,2012-07-26,53.799999,53.799999,52.200001,52.540001000000004,28.700695,12800
7459,2012-07-27,53.0,53.709998999999996,52.09,52.91,28.902811,21500
7460,2012-07-30,53.529999,54.299999,53.009997999999996,53.799999,29.388992,11100
7461,2012-07-31,54.119999,54.119999,53.360001000000004,53.389998999999996,29.165015999999998,13700
7462,2012-08-01,53.459998999999996,53.459998999999996,52.540001000000004,53.169998,29.044846999999997,6800
7463,2012-08-02,52.599998,53.240002000000004,51.599998,52.200001,28.514967,12700
7464,2012-08-03,52.84,53.669998,52.650002,52.950001,28.924653999999997,8200
7465,2012-08-06,52.779999,53.849998,52.18,53.43,29.186885999999998,14800
7466,2012-08-07,53.009997999999996,55.110001000000004,53.009997999999996,54.439999,29.738590000000002,27200
7467,2012-08-08,55.049999,56.0,54.0,54.799999,29.935265,22800
7468,2012-08-09,54.41,55.970001,54.400002,54.400002,29.716742,18200
7469,2012-08-10,54.650002,55.919998,54.299999,55.610001000000004,30.377729,26500
7470,2012-08-13,55.0,55.52,54.490002000000004,54.560001,29.986408,10900
7471,2012-08-14,54.939999,55.830002,54.490002000000004,55.82,30.678909,11000
7472,2012-08-15,55.580002,55.580002,54.5,55.189999,30.332659000000003,8700
7473,2012-08-16,54.630001,55.790001000000004,54.630001,55.099998,30.283184000000002,11800
7474,2012-08-17,55.029999,55.209998999999996,54.5,54.950001,30.200745,10300
7475,2012-08-20,55.110001000000004,55.5,54.110001000000004,54.34,29.865496000000004,13200
7476,2012-08-21,54.889998999999996,55.369999,53.799999,53.799999,29.568708,21300
7477,2012-08-22,53.549999,54.0,52.740002000000004,53.490002000000004,29.39834,36500
7478,2012-08-23,53.450001,53.869999,53.0,53.23,29.255428000000002,15100
7479,2012-08-24,53.380001,53.900002,53.189999,53.43,29.365365999999998,19100
7480,2012-08-27,52.959998999999996,53.919998,52.509997999999996,52.810001,29.024595,41800
7481,2012-08-28,53.240002000000004,53.25,50.73,51.389998999999996,28.244171,44800
7482,2012-08-29,52.029999,54.060001,51.029999,51.290001000000004,28.189211,49800
7483,2012-08-30,51.279999,52.360001000000004,50.0,52.049999,28.606903000000003,57400
7484,2012-08-31,51.200001,52.959998999999996,51.200001,52.650002,28.936657,21200
7485,2012-09-04,52.279999,53.330002,51.400002,52.400002,28.799266999999997,23600
7486,2012-09-05,52.57,53.200001,52.450001,52.740002000000004,28.986132,15100
7487,2012-09-06,52.919998,53.0,52.150002,52.27,28.727812,39300
7488,2012-09-07,52.400002,52.400002,51.0,52.16,28.667364000000003,59400
7489,2012-09-10,52.330002,53.73,52.0,53.139998999999996,29.205982000000002,43400
7490,2012-09-11,53.060001,53.860001000000004,53.060001,53.240002000000004,29.260939,32800
7491,2012-09-12,53.849998,53.849998,52.610001000000004,53.450001,29.376347999999997,19900
7492,2012-09-13,53.450001,53.459998999999996,52.0,52.970001,29.248262,23500
7493,2012-09-14,53.099998,53.259997999999996,52.740002000000004,53.240002000000004,29.397340999999997,13200
7494,2012-09-17,53.41,53.549999,53.0,53.27,29.413887,24700
7495,2012-09-18,53.299999,53.299999,52.900002,53.029999,29.281384000000003,20700
7496,2012-09-19,53.23,53.290001000000004,52.75,53.240002000000004,29.397340999999997,29400
7497,2012-09-20,53.299999,53.299999,52.650002,52.73,29.115723,16500
7498,2012-09-21,52.52,53.139998999999996,52.5,52.68,29.088115999999996,18000
7499,2012-09-24,52.5,52.950001,52.5,52.669998,29.082590000000003,8300
7500,2012-09-25,52.5,52.75,52.02,52.139998999999996,28.789946,24100
7501,2012-09-26,52.110001000000004,52.349998,51.27,51.970001,28.696064,28300
7502,2012-09-27,52.0,52.0,51.400002,51.689999,28.541479,14500
7503,2012-09-28,51.889998999999996,51.889998999999996,51.029999,51.650002,28.519388,15200
7504,2012-10-01,51.950001,52.0,51.32,51.470001,28.42,24000
7505,2012-10-02,51.799999,51.799999,50.990002000000004,51.25,28.298519,15700
7506,2012-10-03,51.099998,51.360001000000004,50.5,51.09,28.210163,16900
7507,2012-10-04,51.009997999999996,52.349998,50.5,51.900002,28.657434000000002,22200
7508,2012-10-05,51.700001,51.990002000000004,51.52,51.560001,28.469690000000003,5300
7509,2012-10-08,51.610001000000004,52.09,51.560001,51.720001,28.558027000000003,7700
7510,2012-10-09,51.619999,52.09,51.560001,51.970001,28.696064,11000
7511,2012-10-10,52.0,52.0,51.57,51.66,28.52491,7200
7512,2012-10-11,51.419998,51.650002,51.150002,51.470001,28.548204,5700
7513,2012-10-12,51.400002,51.41,51.0,51.16,28.376259,9700
7514,2012-10-15,51.16,51.200001,50.669998,50.740002000000004,28.143314,6500
7515,2012-10-16,50.91,51.200001,49.52,49.66,27.544264000000002,49100
7516,2012-10-17,49.860001000000004,50.490002000000004,49.66,50.189999,27.838238,21900
7517,2012-10-18,50.009997999999996,50.48,50.0,50.060001,27.766147999999998,6200
7518,2012-10-19,50.0,50.459998999999996,49.779999,50.0,27.732854999999997,12000
7519,2012-10-22,49.810001,49.98,49.5,49.630001,27.527639,30500
7520,2012-10-23,49.389998999999996,49.43,48.299999,49.099998,27.233665000000002,29500
7521,2012-10-24,49.349998,49.799999,49.25,49.630001,27.527639,17700
7522,2012-10-25,49.529999,49.59,47.810001,49.470001,27.438892,20200
7523,2012-10-26,49.23,49.360001000000004,48.610001000000004,48.970001,27.161556,30700
7524,2012-10-31,49.0,49.689999,47.790001000000004,48.049999,26.65127,20800
7525,2012-11-01,47.759997999999996,48.5,47.5,48.490002000000004,26.895329999999998,13700
7526,2012-11-02,48.450001,48.5,47.259997999999996,47.369999,26.274115000000002,19300
7527,2012-11-05,47.560001,48.5,47.310001,48.23,26.751122,20100
7528,2012-11-06,48.23,48.959998999999996,48.150002,48.43,26.862049,32100
7529,2012-11-07,48.57,48.68,47.91,48.310001,26.795486,18900
7530,2012-11-08,48.080002,48.34,47.52,47.919998,26.579176,23400
7531,2012-11-09,47.34,47.509997999999996,46.450001,46.82,25.969046,49900
7532,2012-11-12,46.950001,47.509997999999996,45.119999,45.939999,25.480947,41600
7533,2012-11-13,45.139998999999996,45.389998999999996,44.18,45.110001000000004,25.198833,72000
7534,2012-11-14,44.810001,45.200001,44.200001,44.470001,24.841347,41300
7535,2012-11-15,44.099998,44.48,43.549999,44.0,24.578798000000003,43200
7536,2012-11-16,43.459998999999996,44.450001,43.09,44.279999,24.735210000000002,45600
7537,2012-11-19,44.439999,46.349998,44.27,46.009997999999996,25.701595,44800
7538,2012-11-20,46.099998,46.110001000000004,44.880001,45.220001,25.260303,27000
7539,2012-11-21,45.009997999999996,45.959998999999996,45.009997999999996,45.720001,25.539595000000002,14000
7540,2012-11-23,46.259997999999996,46.73,45.68,46.619999,26.042360000000002,2900
7541,2012-11-26,46.75,47.84,46.400002,47.0,26.254625,31300
7542,2012-11-27,47.25,47.349998,46.0,46.509997999999996,25.980895999999998,27600
7543,2012-11-28,46.5,47.950001,46.5,47.779999,26.690321,21700
7544,2012-11-29,48.0,48.240002000000004,47.630001,47.93,26.774134000000004,13500
7545,2012-11-30,47.689999,48.189999,47.130001,47.889998999999996,26.751783000000003,16600
7546,2012-12-03,47.849998,47.91,47.23,47.509997999999996,26.539526000000002,11400
7547,2012-12-04,47.259997999999996,47.43,46.41,46.5,25.975319,27200
7548,2012-12-05,46.919998,47.25,46.5,46.540001000000004,25.99766,14400
7549,2012-12-06,46.080002,46.610001000000004,44.169998,45.0,25.137398,38700
7550,2012-12-07,44.099998,45.380001,44.099998,45.290001000000004,25.299412,19900
7551,2012-12-10,44.529999,45.150002,44.509997999999996,44.91,25.087132,42400
7552,2012-12-11,44.75,45.0,44.75,44.860001000000004,25.059198000000002,19200
7553,2012-12-12,44.939999,45.189999,44.700001,44.75,24.997753,21700
7554,2012-12-13,44.400002,44.540001000000004,43.790001000000004,44.540001000000004,24.997187,20200
7555,2012-12-14,44.240002000000004,44.900002,43.5,43.880001,24.626778,30700
7556,2012-12-17,43.700001,44.380001,43.110001000000004,43.470001,24.396667,32900
7557,2012-12-18,43.290001000000004,44.450001,43.290001000000004,43.830002,24.598717,32800
7558,2012-12-19,44.0,44.34,43.16,43.16,24.222689000000003,21000
7559,2012-12-20,43.16,43.599998,41.080002,41.630001,23.364008,79300
7560,2012-12-21,41.950001,42.0,39.860001000000004,40.16,22.539020999999998,85900
7561,2012-12-24,40.18,40.66,39.0,40.27,22.60074,48400
7562,2012-12-26,39.139998999999996,40.259997999999996,38.860001000000004,39.669998,22.264,61700
7563,2012-12-27,39.560001,40.48,39.16,39.77,22.320131,153300
7564,2012-12-28,39.689999,40.009997999999996,39.18,39.369999,22.095625,58100
7565,2012-12-31,39.200001,40.18,39.099998,39.790001000000004,22.331347,58600
7566,2013-01-02,40.369999,40.73,39.939999,40.66,22.819613,60700
7567,2013-01-03,40.669998,42.610001000000004,40.66,42.099998,23.62779,76300
7568,2013-01-04,42.48,44.09,42.48,43.639998999999996,24.492073,38500
7569,2013-01-07,44.049999,44.450001,43.41,44.25,24.834442000000003,30900
7570,2013-01-08,44.599998,44.84,43.549999,44.439999,24.941074,32400
7571,2013-01-09,44.77,44.790001000000004,44.450001,44.5,24.974745000000002,17600
7572,2013-01-10,44.669998,44.669998,44.0,44.200001,24.806366,12600
7573,2013-01-11,44.0,44.490002000000004,43.240002000000004,44.360001000000004,25.038359,23200
7574,2013-01-14,43.970001,44.610001000000004,43.810001,44.290001000000004,24.998842,32000
7575,2013-01-15,44.240002000000004,44.759997999999996,44.0,44.619999,25.185106,8400
7576,2013-01-16,44.619999,45.200001,44.040001000000004,44.919998,25.354441,19100
7577,2013-01-17,45.150002,45.189999,44.700001,45.0,25.399597,10800
7578,2013-01-18,44.830002,46.099998,44.279999,45.93,25.92452,19300
7579,2013-01-22,45.900002,47.48,45.419998,47.240002000000004,26.663922999999997,21600
7580,2013-01-23,47.220001,47.23,46.419998,46.419998,26.201082,27900
7581,2013-01-24,46.759997999999996,47.209998999999996,45.509997999999996,46.130001,26.037411,20100
7582,2013-01-25,46.07,46.900002,46.0,46.330002,26.150297,9700
7583,2013-01-28,46.669998,47.240002000000004,46.299999,46.900002,26.472025,16200
7584,2013-01-29,46.810001,47.400002,46.740002000000004,47.16,26.618774,15100
7585,2013-01-30,47.299999,47.900002,46.900002,46.950001,26.500242,20400
7586,2013-01-31,47.080002,47.560001,46.799999,46.849998,26.443802,17800
7587,2013-02-01,46.720001,47.18,46.389998999999996,46.450001,26.218021000000004,24900
7588,2013-02-04,46.400002,46.66,46.150002,46.32,26.144648,9500
7589,2013-02-05,46.66,48.200001,46.349998,48.0,27.092896000000003,38500
7590,2013-02-06,48.220001,48.59,47.790001000000004,48.150002,27.177565,18500
7591,2013-02-07,47.5,48.049999,47.5,47.73,26.940502000000002,7500
7592,2013-02-08,48.0,48.450001,47.720001,48.279999,27.250952,8700
7593,2013-02-11,48.169998,48.299999,47.810001,47.990002000000004,27.087257,12400
7594,2013-02-12,47.990002000000004,48.43,47.830002,48.139998999999996,27.171934000000004,26000
7595,2013-02-13,47.41,48.0,47.41,47.810001,27.1742,11700
7596,2013-02-14,47.810001,48.23,47.810001,48.220001,27.407244,10100
7597,2013-02-15,47.91,48.150002,47.400002,47.669998,27.094634999999997,13600
7598,2013-02-19,47.299999,47.689999,47.200001,47.34,26.907063,11600
7599,2013-02-20,47.369999,47.549999,46.91,46.91,26.662653000000002,16200
7600,2013-02-21,46.599998,46.639998999999996,44.669998,45.0,25.577059,40700
7601,2013-02-22,44.990002000000004,46.599998,44.009997999999996,46.599998,26.486466999999998,29600
7602,2013-02-25,46.599998,47.150002,46.310001,46.439999,26.395516999999998,14300
7603,2013-02-26,46.970001,46.970001,45.139998999999996,45.709998999999996,25.980593,18100
7604,2013-02-27,45.400002,47.119999,45.400002,46.990002000000004,26.708132,11700
7605,2013-02-28,47.099998,47.450001,46.580002,46.580002,26.47509,10900
7606,2013-03-01,46.700001,47.470001,46.630001,46.799999,26.600122,23900
7607,2013-03-04,47.07,47.07,46.0,46.560001,26.463732,14000
7608,2013-03-05,46.330002,46.330002,45.349998,45.450001,25.832821,10300
7609,2013-03-06,45.259997999999996,45.549999,45.200001,45.360001000000004,25.781666,21300
7610,2013-03-07,45.619999,45.919998,45.150002,45.59,25.912397,23200
7611,2013-03-08,45.900002,46.0,45.419998,45.900002,26.088576999999997,13900
7612,2013-03-11,47.080002,47.310001,46.290001000000004,46.959998999999996,26.691086,17100
7613,2013-03-12,46.959998999999996,47.619999,46.959998999999996,47.619999,27.066209999999998,18100
7614,2013-03-13,47.009997999999996,47.200001,46.650002,46.650002,26.657061,7800
7615,2013-03-14,46.889998999999996,47.0,46.099998,46.400002,26.5142,9100
7616,2013-03-15,46.400002,46.599998,46.200001,46.599998,26.628496000000002,19700
7617,2013-03-18,46.599998,46.599998,46.310001,46.599998,26.628496000000002,8600
7618,2013-03-19,46.689999,46.689999,45.75,45.75,26.142784,15600
7619,2013-03-20,45.869999,46.43,45.639998999999996,45.799999,26.171362,12600
7620,2013-03-21,45.91,46.299999,45.91,46.02,26.297072999999997,8500
7621,2013-03-22,46.09,46.470001,45.799999,45.950001,26.257054999999998,8500
7622,2013-03-25,46.110001000000004,46.110001000000004,45.639998999999996,45.639998999999996,26.079931,8400
7623,2013-03-26,45.639998999999996,46.950001,45.639998999999996,46.130001,26.359921999999997,13700
7624,2013-03-27,45.950001,46.490002000000004,45.84,46.310001,26.462778000000004,17400
7625,2013-03-28,46.700001,46.990002000000004,46.41,46.639998999999996,26.65134,18500
7626,2013-04-01,46.75,46.799999,46.130001,46.57,26.611355,8000
7627,2013-04-02,47.0,47.150002,46.799999,47.119999,26.925628999999997,14800
7628,2013-04-03,46.810001,47.669998,46.220001,47.330002,27.045624,17500
7629,2013-04-04,47.779999,47.849998,47.360001000000004,47.450001,27.114201,17400
7630,2013-04-05,46.560001,49.630001,46.5,49.200001,28.114203999999997,37000
7631,2013-04-08,48.68,50.5,48.439999,50.32,28.7542,36400
7632,2013-04-09,50.34,51.0,50.32,50.549999,28.885633000000002,36500
7633,2013-04-10,50.869999,50.869999,50.0,50.470001,28.839903000000003,18100
7634,2013-04-11,49.849998,50.389998999999996,49.549999,50.080002,28.869312,13000
7635,2013-04-12,49.599998,50.32,48.98,49.75,28.679077000000003,15000
7636,2013-04-15,49.759997999999996,49.810001,47.700001,47.709998999999996,27.503088,24600
7637,2013-04-16,47.709998999999996,48.279999,47.18,48.16,27.762490999999997,15900
7638,2013-04-17,48.48,48.790001000000004,47.150002,47.23,27.226389,22700
7639,2013-04-18,47.040001000000004,48.650002,47.040001000000004,48.150002,27.756737,27900
7640,2013-04-19,48.0,49.48,48.0,49.419998,28.48885,18000
7641,2013-04-22,49.630001,49.73,48.619999,49.459998999999996,28.511906,12500
7642,2013-04-23,49.869999,49.900002,49.25,49.299999,28.41967,12900
7643,2013-04-24,49.599998,50.0,49.0,49.5,28.534962,21000
7644,2013-04-25,49.869999,50.5,49.52,50.490002000000004,29.105675,13100
7645,2013-04-26,49.860001000000004,50.25,49.5,50.209998999999996,28.944247999999998,9300
7646,2013-04-29,50.529999,50.970001,50.099998,50.48,29.099905,28800
7647,2013-04-30,50.720001,51.0,50.259997999999996,50.849998,29.313191999999997,11900
7648,2013-05-01,50.990002000000004,51.75,50.700001,50.73,29.244020000000003,39700
7649,2013-05-02,50.889998999999996,51.07,50.509997999999996,50.889998999999996,29.336246000000003,15100
7650,2013-05-03,51.0,51.41,50.77,51.080002,29.445771999999998,19200
7651,2013-05-06,51.299999,51.830002,50.509997999999996,50.509997999999996,29.117195000000002,17900
7652,2013-05-07,51.119999,51.5,50.610001000000004,51.470001,29.670590999999998,18100
7653,2013-05-08,51.549999,51.73,51.200001,51.240002000000004,29.538033000000002,16800
7654,2013-05-09,51.209998999999996,51.779999,51.209998999999996,51.419998,29.641769,12700
7655,2013-05-10,51.669998,51.75,51.240002000000004,51.709998999999996,29.808943,17100
7656,2013-05-13,51.310001,54.209998999999996,51.049999,54.209998999999996,31.464273,68000
7657,2013-05-14,54.200001,55.0,54.200001,54.209998999999996,31.464273,42500
7658,2013-05-15,54.419998,54.419998,53.299999,53.580002,31.098618,27100
7659,2013-05-16,53.470001,53.529999,52.169998,52.200001,30.297659000000003,19200
7660,2013-05-17,52.799999,53.0,52.16,53.0,30.761971999999997,14100
7661,2013-05-20,53.0,53.240002000000004,52.240002000000004,53.0,30.761971999999997,19100
7662,2013-05-21,52.599998,53.619999,52.400002,53.509997999999996,31.058006,11100
7663,2013-05-22,53.75,53.970001,53.5,53.66,31.145065000000002,7700
7664,2013-05-23,53.650002,54.939999,53.02,54.740002000000004,31.771917,14900
7665,2013-05-24,54.740002000000004,54.950001,54.0,54.950001,31.893803000000002,8900
7666,2013-05-28,54.470001,54.939999,53.02,53.18,30.866463,16100
7667,2013-05-29,52.950001,53.939999,50.889998999999996,52.959998999999996,30.738762,27900
7668,2013-05-30,52.75,53.75,52.48,52.669998,30.570452000000003,18700
7669,2013-05-31,52.610001000000004,53.580002,52.0,52.720001,30.59948,17400
7670,2013-06-03,52.700001,53.580002,51.900002,52.790001000000004,30.640095000000002,10300
7671,2013-06-04,53.200001,53.599998,52.549999,53.150002,30.849052,10500
7672,2013-06-05,52.799999,53.860001000000004,51.619999,52.279999,30.344084000000002,25300
7673,2013-06-06,52.0,52.939999,51.169998,52.349998,30.38472,18700
7674,2013-06-07,52.900002,52.900002,51.900002,52.380001,30.402134000000004,8400
7675,2013-06-10,52.0,53.450001,52.0,52.959998999999996,30.738762,14100
7676,2013-06-11,52.5,52.869999,52.0,52.759997999999996,30.622684000000003,7500
7677,2013-06-12,52.98,53.41,51.900002,53.34,30.959329999999998,9300
7678,2013-06-13,52.779999,53.02,51.669998,52.790001000000004,30.780915999999998,6800
7679,2013-06-14,52.77,52.77,51.549999,51.549999,30.057877,9300
7680,2013-06-17,52.139998999999996,52.25,51.299999,51.41,29.976257,9700
7681,2013-06-18,51.41,52.349998,51.009997999999996,51.25,29.882960999999998,16700
7682,2013-06-19,51.0,52.330002,51.0,52.330002,30.512688,14100
7683,2013-06-20,51.580002,52.240002000000004,50.25,50.82,29.632236,22000
7684,2013-06-21,50.919998,51.84,50.279999,50.93,29.696369,16100
7685,2013-06-24,50.34,50.84,49.25,49.799999,29.037497,18400
7686,2013-06-25,50.0,51.459998999999996,49.400002,51.0,29.737190000000002,18600
7687,2013-06-26,51.389998999999996,52.0,51.0,51.990002000000004,30.314428000000003,9900
7688,2013-06-27,52.0,52.27,51.439999,51.689999,30.139505,10200
7689,2013-06-28,51.84,52.16,51.509997999999996,51.669998,30.127869,11400
7690,2013-07-01,52.310001,52.669998,51.529999,51.880001,30.250313000000002,16400
7691,2013-07-02,51.830002,52.32,50.009997999999996,51.709998999999996,30.151161,22600
7692,2013-07-03,50.18,51.299999,50.049999,50.779999,29.608887,9900
7693,2013-07-05,50.66,51.259997999999996,50.330002,50.639998999999996,29.527281,9900
7694,2013-07-08,51.07,51.509997999999996,50.68,51.509997999999996,30.034557,14100
7695,2013-07-09,51.5,52.110001000000004,51.0,51.5,30.028740000000003,11100
7696,2013-07-10,51.310001,52.189999,51.080002,51.23,29.871302000000004,6600
7697,2013-07-11,52.459998999999996,52.68,50.709998999999996,51.48,30.196841999999997,11500
7698,2013-07-12,51.040001000000004,51.919998,50.709998999999996,51.43,30.167515,19000
7699,2013-07-15,51.43,51.43,50.880001,51.099998,29.973953,10700
7700,2013-07-16,51.099998,51.41,50.810001,50.810001,29.803839,7000
7701,2013-07-17,50.889998999999996,51.310001,50.689999,50.970001,29.897688,25100
7702,2013-07-18,50.830002,51.810001,50.830002,51.369999,30.13233,23500
7703,2013-07-19,51.040001000000004,51.400002,50.84,51.139998999999996,29.99741,13300
7704,2013-07-22,51.139998999999996,51.650002,50.689999,51.389998999999996,30.144059999999996,17200
7705,2013-07-23,51.099998,51.560001,50.720001,51.049999,29.944609000000003,9900
7706,2013-07-24,51.41,52.0,51.040001000000004,51.290001000000004,30.085409000000002,15000
7707,2013-07-25,51.110001000000004,51.669998,51.110001000000004,51.25,30.061937,16300
7708,2013-07-26,51.25,51.75,51.200001,51.740002000000004,30.349375,7000
7709,2013-07-29,51.970001,51.970001,51.0,51.169998,30.015001,8200
7710,2013-07-30,51.490002000000004,51.560001,51.0,51.400002,30.14992,13900
7711,2013-07-31,51.25,51.529999,51.209998999999996,51.25,30.061937,9800
7712,2013-08-01,51.25,51.599998,51.25,51.25,30.061937,12900
7713,2013-08-02,51.200001,51.98,51.0,51.98,30.490140999999998,13800
7714,2013-08-05,51.490002000000004,52.849998,51.490002000000004,52.84,30.994596,22900
7715,2013-08-06,52.849998,53.0,52.310001,52.720001,30.9242,15000
7716,2013-08-07,53.25,53.400002,52.77,53.139998999999996,31.170553,20600
7717,2013-08-08,53.419998,53.700001,52.639998999999996,53.34,31.287878000000003,14700
7718,2013-08-09,53.419998,53.689999,52.84,53.59,31.434509000000002,13900
7719,2013-08-12,53.369999,53.639998999999996,52.709998999999996,53.189999,31.199892,15700
7720,2013-08-13,53.23,53.299999,52.23,52.330002,30.957361,7000
7721,2013-08-14,52.380001,53.209998999999996,51.400002,52.110001000000004,30.827188,14000
7722,2013-08-15,51.490002000000004,52.18,50.91,50.91,30.117302000000002,13400
7723,2013-08-16,50.560001,51.75,50.549999,51.439999,30.430828,20700
7724,2013-08-19,51.360001000000004,51.779999,51.009997999999996,51.419998,30.419006,9500
7725,2013-08-20,51.389998999999996,52.400002,51.189999,51.91,30.70887,18000
7726,2013-08-21,51.41,52.080002,50.75,51.299999,30.348013,14600
7727,2013-08-22,51.5,52.299999,51.5,51.810001,30.649727000000002,12300
7728,2013-08-23,52.240002000000004,53.360001000000004,51.939999,52.810001,31.241301,15900
7729,2013-08-26,52.32,53.799999,52.32,53.799999,31.826963,28000
7730,2013-08-27,53.380001,53.700001,52.330002,53.310001,31.537104,15500
7731,2013-08-28,53.549999,53.950001,52.5,52.5,31.057917,17500
7732,2013-08-29,52.990002000000004,53.509997999999996,52.450001,53.040001000000004,31.377347999999998,9000
7733,2013-08-30,53.419998,53.419998,52.0,52.029999,30.779873,15200
7734,2013-09-03,52.689999,53.150002,52.0,52.02,30.773962,12300
7735,2013-09-04,52.0,52.5,51.82,52.299999,30.939594,14800
7736,2013-09-05,52.02,52.48,52.02,52.130001,30.839024,14000
7737,2013-09-06,52.200001,52.639998999999996,51.52,51.849998,30.673384000000002,11500
7738,2013-09-09,51.830002,52.349998,51.599998,51.639998999999996,30.549159999999997,15400
7739,2013-09-10,51.5,52.18,51.5,51.720001,30.596472,14600
7740,2013-09-11,51.799999,52.049999,51.5,51.860001000000004,30.679295,10600
7741,2013-09-12,51.599998,51.779999,51.200001,51.52,30.662046000000004,18400
7742,2013-09-13,51.799999,51.830002,50.709998999999996,50.959998999999996,30.328749,16600
7743,2013-09-16,51.23,51.66,51.009997999999996,51.139998999999996,30.435877,9100
7744,2013-09-17,51.200001,51.73,51.029999,51.73,30.787015999999998,12100
7745,2013-09-18,51.799999,51.799999,51.0,51.16,30.4478,33000
7746,2013-09-19,51.110001000000004,51.5,51.110001000000004,51.25,30.501347999999997,13500
7747,2013-09-20,51.25,51.540001000000004,51.150002,51.389998999999996,30.584660999999997,15400
7748,2013-09-23,51.349998,51.639998999999996,50.959998999999996,51.57,30.691810999999998,21300
7749,2013-09-24,51.509997999999996,51.700001,51.279999,51.5,30.650139000000003,13600
7750,2013-09-25,51.740002000000004,52.0,51.549999,51.73,30.787015999999998,9400
7751,2013-09-26,51.57,51.75,51.5,51.509997999999996,30.656094,7800
7752,2013-09-27,51.669998,51.990002000000004,51.110001000000004,51.150002,30.441839,9900
7753,2013-09-30,50.990002000000004,51.470001,50.689999,50.849998,30.263278999999997,16100
7754,2013-10-01,51.0,51.259997999999996,50.099998,50.580002,30.102596000000002,15700
7755,2013-10-02,50.349998,51.669998,50.049999,51.669998,30.751307,23000
7756,2013-10-03,51.709998999999996,52.32,51.16,52.32,31.138161,28300
7757,2013-10-04,52.32,53.16,51.650002,52.75,31.394077000000003,23900
7758,2013-10-07,52.73,53.16,52.25,52.450001,31.215544,16000
7759,2013-10-08,52.169998,52.360001000000004,51.540001000000004,51.75,30.798933,16400
7760,2013-10-09,51.970001,51.970001,51.5,51.599998,30.709652000000002,15600
7761,2013-10-10,51.619999,52.439999,51.299999,51.549999,30.91596,10200
7762,2013-10-11,51.41,52.169998,51.41,51.560001,30.921967,8100
7763,2013-10-14,51.77,52.299999,51.610001000000004,51.880001,31.113874,10000
7764,2013-10-15,51.950001,52.290001000000004,51.59,52.16,31.281782,12200
7765,2013-10-16,52.150002,52.490002000000004,51.669998,51.720001,31.017895000000003,19800
7766,2013-10-17,51.720001,52.119999,51.700001,52.09,31.239817,8000
7767,2013-10-18,51.639998999999996,51.900002,50.77,51.130001,30.664071999999997,30700
7768,2013-10-21,50.889998999999996,51.200001,50.700001,50.990002000000004,30.580118,14600
7769,2013-10-22,50.82,51.389998999999996,50.610001000000004,50.970001,30.568121,20900
7770,2013-10-23,50.700001,51.02,50.509997999999996,50.82,30.478171999999997,12100
7771,2013-10-24,51.139998999999996,51.25,50.700001,50.93,30.544128000000004,21900
7772,2013-10-25,51.18,51.459998999999996,50.52,50.529999,30.304240999999998,22500
7773,2013-10-28,50.549999,51.080002,50.23,50.709998999999996,30.41218,15500
7774,2013-10-29,51.029999,51.23,50.75,51.209998999999996,30.712065000000003,6900
7775,2013-10-30,50.950001,51.400002,50.560001,50.740002000000004,30.430182000000002,12300
7776,2013-10-31,50.970001,50.970001,50.5,50.779999,30.454165999999997,8800
7777,2013-11-01,51.0,51.060001,50.779999,50.93,30.544128000000004,9700
7778,2013-11-04,51.290001000000004,51.290001000000004,50.990002000000004,51.27,30.748040999999997,11000
7779,2013-11-05,51.060001,51.380001,50.900002,51.23,30.72403,14100
7780,2013-11-06,50.880001,51.200001,50.84,51.029999,30.604101,14700
7781,2013-11-07,51.049999,51.349998,51.049999,51.279999,30.754028,14100
7782,2013-11-08,51.049999,51.549999,51.049999,51.549999,30.91596,14100
7783,2013-11-11,51.599998,52.279999,51.580002,52.07,31.227819,28700
7784,2013-11-12,52.259997999999996,52.259997999999996,51.299999,51.41,30.832005,20100
7785,2013-11-13,50.91,51.459998999999996,50.689999,50.98,30.791531,7600
7786,2013-11-14,51.0,51.5,50.990002000000004,51.369999,31.027084000000002,10300
7787,2013-11-15,51.450001,51.529999,51.060001,51.119999,30.876089,8800
7788,2013-11-18,51.18,51.310001,51.049999,51.290001000000004,30.978771000000002,10700
7789,2013-11-19,51.049999,51.380001,51.049999,51.330002,31.002932,8600
7790,2013-11-20,51.400002,51.400002,51.0,51.380001,31.033113,7800
7791,2013-11-21,51.380001,51.560001,50.990002000000004,51.560001,31.141834000000003,11700
7792,2013-11-22,51.5,51.93,51.16,51.830002,31.304921999999998,14900
7793,2013-11-25,51.689999,51.959998999999996,51.5,51.5,31.105604,19100
7794,2013-11-26,51.490002000000004,51.75,51.220001,51.220001,30.936495,11700
7795,2013-11-27,51.25,51.549999,51.25,51.450001,31.075409000000004,12100
7796,2013-11-29,51.669998,51.830002,51.669998,51.689999,31.220366,6200
7797,2013-12-02,51.830002,51.830002,51.450001,51.740002000000004,31.250559000000003,17700
7798,2013-12-03,51.59,51.799999,51.509997999999996,51.720001,31.238487,8300
7799,2013-12-04,51.73,52.0,51.299999,51.490002000000004,31.099559999999997,26900
7800,2013-12-05,51.349998,51.549999,51.110001000000004,51.23,30.942514000000003,7300
7801,2013-12-06,51.700001,51.700001,51.099998,51.209998999999996,30.930456,10700
7802,2013-12-09,51.299999,51.5,51.150002,51.209998999999996,30.930456,9600
7803,2013-12-10,51.5,51.580002,51.310001,51.32,30.996887,12500
7804,2013-12-11,51.369999,52.0,51.330002,51.34,31.008984,19400
7805,2013-12-12,51.34,51.459998999999996,51.099998,51.459998999999996,31.213385,6500
7806,2013-12-13,51.200001,51.509997999999996,51.200001,51.419998,31.189114,13700
7807,2013-12-16,51.529999,51.700001,51.110001000000004,51.48,31.225496000000003,22500
7808,2013-12-17,51.279999,51.279999,50.779999,50.779999,30.80092,10500
7809,2013-12-18,50.799999,50.91,50.599998,50.810001,30.819101,5700
7810,2013-12-19,50.529999,51.0,50.529999,50.540001000000004,30.655334000000003,6800
7811,2013-12-20,50.529999,51.0,50.279999,50.330002,30.527977000000003,18500
7812,2013-12-23,50.169998,50.490002000000004,50.16,50.389998999999996,30.564353999999998,12500
7813,2013-12-24,50.43,50.91,50.290001000000004,50.540001000000004,30.655334000000003,6100
7814,2013-12-26,50.799999,50.799999,50.25,50.25,30.479445000000002,12100
7815,2013-12-27,50.189999,50.52,50.0,50.150002,30.418796999999998,14100
7816,2013-12-30,50.0,50.139998999999996,49.75,49.75,30.176174,30500
7817,2013-12-31,49.900002,50.889998999999996,49.5,50.560001,30.667475,20400
7818,2014-01-02,50.130001,50.459998999999996,50.07,50.310001,30.515822999999997,10000
7819,2014-01-03,50.439999,50.93,49.950001,50.41,30.576481,24100
7820,2014-01-06,50.5,51.349998,50.5,50.98,30.922232,40000
7821,2014-01-07,51.25,51.25,50.5,50.849998,30.84337,30100
7822,2014-01-08,50.849998,51.099998,50.07,50.389998999999996,30.564353999999998,39000
7823,2014-01-09,50.310001,50.32,49.0,49.700001,30.145842,35100
7824,2014-01-10,49.68,50.099998,49.540001000000004,49.810001,30.212549,25100
7825,2014-01-13,49.599998,49.82,49.299999,49.639998999999996,30.329874,16900
7826,2014-01-14,49.599998,50.0,49.540001000000004,49.990002000000004,30.543728,18900
7827,2014-01-15,49.990002000000004,50.25,49.75,50.060001,30.586502000000003,6400
7828,2014-01-16,50.060001,50.189999,49.580002,49.75,30.397078999999998,17100
7829,2014-01-17,49.639998999999996,50.060001,49.5,49.740002000000004,30.390978000000004,11600
7830,2014-01-21,49.650002,50.119999,49.599998,49.990002000000004,30.543728,19900
7831,2014-01-22,49.830002,50.119999,49.5,49.990002000000004,30.543728,14700
7832,2014-01-23,49.98,50.119999,49.75,49.93,30.507061,23400
7833,2014-01-24,49.810001,49.990002000000004,49.610001000000004,49.919998,30.50095,19800
7834,2014-01-27,51.5,51.5,49.799999,50.200001,30.672024,22400
7835,2014-01-28,50.459998999999996,50.459998999999996,49.75,49.759997999999996,30.403171999999998,14200
7836,2014-01-29,49.52,50.470001,49.52,50.169998,30.653702000000003,14300
7837,2014-01-30,50.529999,50.599998,50.299999,50.549999,30.885871999999996,20100
7838,2014-01-31,50.049999,50.75,50.049999,50.689999,30.971409,15800
7839,2014-02-03,50.509997999999996,51.060001,50.509997999999996,50.720001,30.98975,14900
7840,2014-02-04,50.919998,51.490002000000004,50.52,51.490002000000004,31.460207,12100
7841,2014-02-05,51.599998,51.889998999999996,50.619999,51.18,31.2708,26400
7842,2014-02-06,51.009997999999996,51.299999,50.75,51.299999,31.344115999999996,7200
7843,2014-02-07,51.02,51.369999,51.0,51.060001,31.197496,11100
7844,2014-02-10,51.040001000000004,51.200001,50.799999,50.799999,31.038618,11700
7845,2014-02-11,51.099998,51.240002000000004,50.84,51.150002,31.252474,12300
7846,2014-02-12,51.150002,51.450001,50.799999,51.400002,31.405233000000003,38200
7847,2014-02-13,50.900002,51.779999,50.900002,51.599998,31.695156,14200
7848,2014-02-14,51.950001,51.970001,51.349998,51.43,31.590727,16200
7849,2014-02-18,51.84,51.84,50.73,51.279999,31.498575,29800
7850,2014-02-19,51.009997999999996,51.369999,51.0,51.040001000000004,31.351162,17100
7851,2014-02-20,51.040001000000004,51.400002,51.040001000000004,51.310001,31.517014,12500
7852,2014-02-21,51.580002,51.580002,51.009997999999996,51.009997999999996,31.332734999999996,10900
7853,2014-02-24,51.150002,51.400002,50.900002,51.009997999999996,31.332734999999996,21300
7854,2014-02-25,51.110001000000004,51.27,50.599998,50.599998,31.080908,12300
7855,2014-02-26,50.650002,51.040001000000004,50.490002000000004,50.5,31.019474,11000
7856,2014-02-27,50.25,50.27,47.810001,49.959998999999996,30.687778,99500
7857,2014-02-28,50.34,51.18,49.209998999999996,50.84,31.228313,33700
7858,2014-03-03,51.07,51.189999,50.220001,50.880001,31.252892,13600
7859,2014-03-04,50.720001,51.07,50.5,50.52,31.031754,9000
7860,2014-03-05,50.34,50.779999,49.529999,49.650002,30.497355,32000
7861,2014-03-06,49.740002000000004,50.0,49.68,49.93,30.669357,20300
7862,2014-03-07,49.799999,50.740002000000004,49.799999,50.400002,30.958047999999998,23800
7863,2014-03-10,50.52,50.75,50.41,50.689999,31.136177000000004,13100
7864,2014-03-11,50.48,50.75,49.799999,49.799999,30.589506,11800
7865,2014-03-12,49.82,49.82,49.110001000000004,49.310001,30.288511,28100
7866,2014-03-13,49.310001,49.84,49.310001,49.310001,30.411241999999998,20500
7867,2014-03-14,49.400002,49.610001000000004,49.25,49.459998999999996,30.503767,8300
7868,2014-03-17,49.5,49.669998,49.119999,49.669998,30.63327,13800
7869,2014-03-18,49.459998999999996,49.75,49.380001,49.389998999999996,30.460590000000003,11300
7870,2014-03-19,49.299999,49.73,49.209998999999996,49.25,30.374239000000003,16700
7871,2014-03-20,49.439999,49.73,49.099998,49.279999,30.392747999999997,14800
7872,2014-03-21,49.27,49.73,49.150002,49.73,30.670282,14700
7873,2014-03-24,49.5,49.73,49.259997999999996,49.259997999999996,30.380409000000004,10600
7874,2014-03-25,49.259997999999996,49.41,49.099998,49.16,30.31875,12800
7875,2014-03-26,49.200001,49.75,49.110001000000004,49.630001,30.608624,24600
7876,2014-03-27,49.389998999999996,49.639998999999996,49.099998,49.259997999999996,30.380409000000004,19200
7877,2014-03-28,49.599998,49.720001,49.110001000000004,49.369999,30.44825,20200
7878,2014-03-31,49.57,49.799999,49.330002,49.5,30.528421,13400
7879,2014-04-01,49.709998999999996,49.799999,49.139998999999996,49.419998,30.479078,15600
7880,2014-04-02,49.209998999999996,49.799999,49.200001,49.650002,30.620934000000002,20900
7881,2014-04-03,49.720001,50.799999,49.650002,50.790001000000004,31.324021999999996,27600
7882,2014-04-04,50.880001,51.419998,50.880001,51.419998,31.712568,33700
7883,2014-04-07,51.040001000000004,51.439999,50.709998999999996,50.939999,31.416535999999997,33500
7884,2014-04-08,51.080002,51.349998,50.959998999999996,51.25,31.607721,23400
7885,2014-04-09,51.5,51.73,51.169998,51.73,31.903751,29600
7886,2014-04-10,51.75,51.759997999999996,51.389998999999996,51.389998999999996,31.694042,33900
7887,2014-04-11,51.299999,51.389998999999996,50.669998,51.07,31.75812,30700
7888,2014-04-14,51.189999,51.240002000000004,50.77,51.07,31.75812,21100
7889,2014-04-15,50.91,51.240002000000004,50.77,50.950001,31.6835,24100
7890,2014-04-16,51.0,51.049999,50.790001000000004,51.02,31.727021999999998,25400
7891,2014-04-17,51.220001,51.5,50.75,50.810001,31.596420000000002,21900
7892,2014-04-21,51.0,51.369999,50.82,51.0,31.71459,6100
7893,2014-04-22,51.130001,51.299999,51.0,51.150002,31.807872999999997,8600
7894,2014-04-23,51.400002,51.689999,51.27,51.549999,32.056606,19200
7895,2014-04-24,51.66,51.970001,51.150002,51.150002,31.807872999999997,17500
7896,2014-04-25,51.200001,51.200001,50.799999,50.970001,31.695929,17000
7897,2014-04-28,51.060001,51.57,50.799999,51.439999,31.988184000000004,18400
7898,2014-04-29,51.400002,51.580002,51.330002,51.560001,32.062824,16800
7899,2014-04-30,51.59,51.990002000000004,51.349998,51.740002000000004,32.174755,16400
7900,2014-05-01,51.950001,51.970001,51.27,51.369999,31.944665999999998,13400
7901,2014-05-02,52.299999,53.740002000000004,52.299999,53.48,33.256805,83100
7902,2014-05-05,53.560001,54.0,53.25,53.990002000000004,33.573929,44500
7903,2014-05-06,54.0,54.75,54.0,54.099998,33.642334000000005,38500
7904,2014-05-07,54.5,54.650002,54.200001,54.490002000000004,33.884853,37700
7905,2014-05-08,54.27,54.5,53.990002000000004,54.209998999999996,33.710743,33800
7906,2014-05-09,54.209998999999996,54.299999,53.799999,54.119999,33.654751,12500
7907,2014-05-12,54.310001,54.59,54.0,54.040001000000004,33.60503,24400
7908,2014-05-13,54.130001,54.25,53.610001000000004,53.950001,33.797973999999996,18200
7909,2014-05-14,54.0,54.23,53.849998,53.849998,33.735336,16500
7910,2014-05-15,53.990002000000004,53.990002000000004,53.360001000000004,53.799999,33.703998999999996,16700
7911,2014-05-16,53.639998999999996,53.990002000000004,53.529999,53.75,33.672684000000004,31900
7912,2014-05-19,53.950001,54.93,53.950001,54.689999,34.261565999999995,49200
7913,2014-05-20,54.73,54.990002000000004,54.360001000000004,54.709998999999996,34.274086,29400
7914,2014-05-21,54.779999,55.68,54.5,55.330002,34.662495,34000
7915,2014-05-22,55.610001000000004,55.939999,55.23,55.700001,34.894290999999996,25900
7916,2014-05-23,55.900002,55.939999,55.5,55.639998999999996,34.856705,27200
7917,2014-05-27,55.599998,55.75,55.599998,55.610001000000004,34.837906,24300
7918,2014-05-28,55.759997999999996,55.790001000000004,55.529999,55.619999,34.844184999999996,22100
7919,2014-05-29,55.5,57.0,55.099998,56.470001,35.376671,54800
7920,2014-05-30,56.650002,56.880001,55.860001000000004,56.779999,35.570885,36900
7921,2014-06-02,57.380001,57.400002,56.700001,57.279999,35.884113,49600
7922,2014-06-03,57.369999,57.5,57.02,57.25,35.86533,28800
7923,2014-06-04,57.0,57.869999,56.84,57.779999,36.197346,34000
7924,2014-06-05,57.77,59.049999,57.700001,59.040001000000004,36.986706,51600
7925,2014-06-06,59.25,59.880001,59.25,59.810001,37.46909,32100
7926,2014-06-09,59.950001,60.619999,59.57,60.110001000000004,37.657021,53300
7927,2014-06-10,60.110001000000004,60.330002,59.799999,59.830002,37.481613,40900
7928,2014-06-11,60.5,60.5,59.580002,59.990002000000004,37.581844,28800
7929,2014-06-12,59.610001000000004,60.360001000000004,59.209998999999996,60.049999,37.88657,32800
7930,2014-06-13,60.279999,60.720001,60.02,60.720001,38.309296,22000
7931,2014-06-16,60.950001,61.459998999999996,60.25,61.279999,38.662609,25100
7932,2014-06-17,61.400002,61.950001,61.209998999999996,61.700001,38.927582,17400
7933,2014-06-18,61.939999,62.279999,60.630001,62.029999,39.135799,47100
7934,2014-06-19,62.310001,63.759997999999996,62.0,63.48,40.050613,39200
7935,2014-06-20,63.91,63.91,63.02,63.02,39.760399,40400
7936,2014-06-23,63.02,63.470001,62.27,62.400002,39.369228,29300
7937,2014-06-24,62.490002000000004,62.490002000000004,58.41,58.759997999999996,37.072689000000004,121100
7938,2014-06-25,58.73,60.209998999999996,58.5,59.740002000000004,37.690994,36200
7939,2014-06-26,60.029999,60.790001000000004,59.540001000000004,60.5,38.170486,28100
7940,2014-06-27,60.009997999999996,60.490002000000004,59.5,60.330002,38.063225,17000
7941,2014-06-30,60.939999,60.98,59.810001,60.599998,38.233574,20500
7942,2014-07-01,60.939999,60.939999,59.82,59.82,37.741478,22300
7943,2014-07-02,59.490002000000004,59.75,58.700001,59.549999,37.571121000000005,36200
7944,2014-07-03,59.599998,59.84,58.900002,59.0,37.224109999999996,19800
7945,2014-07-07,58.709998999999996,58.759997999999996,58.080002,58.43,36.864494,35200
7946,2014-07-08,58.34,59.119999,58.049999,58.990002000000004,37.217808000000005,26300
7947,2014-07-09,59.060001,59.130001,58.25,58.82,37.110558000000005,24200
7948,2014-07-10,58.540001000000004,59.119999,58.349998,58.73,37.053761,12100
7949,2014-07-11,58.360001000000004,58.740002000000004,57.32,58.060001,36.790165,27100
7950,2014-07-14,58.07,58.709998999999996,58.07,58.09,36.809185,14300
7951,2014-07-15,58.049999,58.700001,57.32,57.900002,36.688789,30200
7952,2014-07-16,57.720001,58.279999,57.599998,58.009997999999996,36.75848,10600
7953,2014-07-17,58.0,58.700001,57.990002000000004,58.369999,36.986595,13200
7954,2014-07-18,58.509997999999996,58.959998999999996,58.299999,58.889998999999996,37.316109000000004,7400
7955,2014-07-21,58.639998999999996,58.889998999999996,58.5,58.889998999999996,37.316109000000004,12900
7956,2014-07-22,58.900002,59.18,58.599998,58.799999,37.259068,15100
7957,2014-07-23,58.889998999999996,59.209998999999996,58.5,58.5,37.06897,17100
7958,2014-07-24,58.75,59.299999,58.0,58.0,36.752140000000004,14500
7959,2014-07-25,57.900002,58.419998,57.869999,58.330002,36.961262,7600
7960,2014-07-28,58.049999,58.299999,57.5,57.810001,36.631756,16500
7961,2014-07-29,58.25,59.0,58.130001,58.779999,37.246403,11600
7962,2014-07-30,59.32,59.32,58.0,58.369999,36.986595,18000
7963,2014-07-31,58.360001000000004,58.66,56.740002000000004,56.75,35.960091,38200
7964,2014-08-01,56.43,57.169998,55.75,56.810001,35.998081,23000
7965,2014-08-04,56.669998,57.790001000000004,56.529999,57.02,36.131153000000005,13600
7966,2014-08-05,57.18,57.32,56.349998,56.349998,35.706612,16800
7967,2014-08-06,56.5,57.18,56.43,57.029999,36.137496999999996,13300
7968,2014-08-07,57.759997999999996,57.790001000000004,56.73,56.779999,35.979088,15600
7969,2014-08-08,57.189999,57.75,56.5,57.740002000000004,36.587383,15100
7970,2014-08-11,57.700001,58.560001,57.310001,57.889998999999996,36.682442,9700
7971,2014-08-12,57.880001,58.549999,57.119999,57.790001000000004,36.619068,20900
7972,2014-08-13,57.98,58.689999,57.200001,57.450001,36.648418,11700
7973,2014-08-14,57.73,57.73,56.799999,57.099998,36.425144,19900
7974,2014-08-15,56.849998,58.040001000000004,56.849998,57.419998,36.629265000000004,8400
7975,2014-08-18,57.799999,57.919998,56.509997999999996,56.639998999999996,36.13171,33000
7976,2014-08-19,56.700001,56.77,56.299999,56.400002,35.978607000000004,20000
7977,2014-08-20,56.200001,57.57,56.119999,56.950001,36.329475,24600
7978,2014-08-21,56.950001,57.150002,56.560001,56.650002,36.138096000000004,21200
7979,2014-08-22,56.599998,56.650002,55.75,55.900002,35.659641,24800
7980,2014-08-25,55.889998999999996,56.639998999999996,54.009997999999996,54.84,34.983459,87000
7981,2014-08-26,55.0,55.849998,54.459998999999996,55.849998,35.627758,38900
7982,2014-08-27,55.990002000000004,55.990002000000004,54.59,54.700001,34.894154,45900
7983,2014-08-28,54.84,56.0,54.400002,55.880001,35.646904,23700
7984,2014-08-29,56.169998,57.240002000000004,55.59,57.009997999999996,36.367737,24700
7985,2014-09-02,57.139998999999996,57.139998999999996,55.0,55.5,35.40448,26200
7986,2014-09-03,55.52,57.189999,55.52,57.189999,36.482555,27900
7987,2014-09-04,56.98,57.189999,55.310001,55.93,35.678776,19100
7988,2014-09-05,55.700001,55.700001,55.009997999999996,55.25,35.245018,44200
7989,2014-09-08,55.130001,56.299999,55.130001,56.0,35.723431,28900
7990,2014-09-09,56.0,56.0,55.0,55.119999,35.162079,25300
7991,2014-09-10,55.0,56.200001,55.0,55.98,35.710678,41700
7992,2014-09-11,55.25,55.450001,54.400002,54.860001000000004,35.236668,19800
7993,2014-09-12,54.68,55.25,54.25,55.0,35.32658,16700
7994,2014-09-15,54.73,54.73,53.68,54.0,34.684265,26900
7995,2014-09-16,53.720001,55.48,53.720001,55.189999,35.448608,24900
7996,2014-09-17,55.0,55.900002,54.220001,54.240002000000004,34.838432,11400
7997,2014-09-18,54.259997999999996,54.790001000000004,53.759997999999996,54.790001000000004,35.191691999999996,22900
7998,2014-09-19,54.98,55.490002000000004,54.09,54.450001,34.973328,8000
7999,2014-09-22,54.639998999999996,55.860001000000004,54.639998999999996,55.860001000000004,35.878963,16000
8000,2014-09-23,55.889998999999996,55.889998999999996,53.75,53.779999,34.542961,38100
8001,2014-09-24,54.099998,55.009997999999996,53.91,55.0,35.32658,15500
8002,2014-09-25,55.099998,55.810001,54.900002,55.810001,35.846844,31600
8003,2014-09-26,55.77,55.77,54.23,54.25,34.844868,30700
8004,2014-09-29,54.200001,55.720001,53.849998,55.720001,35.789035999999996,13200
8005,2014-09-30,56.0,56.0,53.950001,54.240002000000004,34.838432,23300
8006,2014-10-01,54.099998,55.48,53.869999,55.279999,35.506428,30500
8007,2014-10-02,55.110001000000004,55.299999,53.849998,54.099998,34.748523999999996,31000
8008,2014-10-03,54.32,54.529999,53.25,53.400002,34.298901,38800
8009,2014-10-06,53.360001000000004,53.849998,51.73,53.849998,34.587948,62300
8010,2014-10-07,53.349998,53.900002,53.09,53.419998,34.311741,18900
8011,2014-10-08,53.060001,53.060001,51.470001,52.02,33.412529,47800
8012,2014-10-09,51.75,51.950001,50.02,51.459998999999996,33.052849,42300
8013,2014-10-10,50.950001,50.950001,45.599998,49.0,31.762249,103000
8014,2014-10-13,48.549999,49.23,46.099998,47.52,30.802891,72400
8015,2014-10-14,47.52,48.919998,47.52,48.209998999999996,31.250158000000003,48100
8016,2014-10-15,47.5,47.869999,46.490002000000004,47.709998999999996,30.926061999999998,48200
8017,2014-10-16,46.5,50.779999,46.360001000000004,50.240002000000004,32.566036,54600
8018,2014-10-17,50.150002,51.0,49.0,49.099998,31.827078000000004,30700
8019,2014-10-20,49.099998,50.990002000000004,49.099998,50.990002000000004,33.052193,24900
8020,2014-10-21,51.0,53.990002000000004,50.830002,53.009997999999996,34.361584,46800
8021,2014-10-22,53.23,53.23,51.099998,51.549999,33.41518,22900
8022,2014-10-23,52.009997999999996,52.209998999999996,51.009997999999996,51.040001000000004,33.084602000000004,15700
8023,2014-10-24,51.0,51.049999,49.580002,50.330002,32.624363,18100
8024,2014-10-27,50.0,50.150002,49.599998,49.619999,32.164139,18400
8025,2014-10-28,49.619999,52.099998,49.619999,52.099998,33.771709,21600
8026,2014-10-29,52.490002000000004,52.490002000000004,51.169998,51.25,33.220718,26500
8027,2014-10-30,51.23,51.57,50.41,50.790001000000004,32.922543,20400
8028,2014-10-31,51.490002000000004,52.130001,50.799999,52.09,33.765209000000006,23700
8029,2014-11-03,52.09,52.610001000000004,50.5,50.509997999999996,32.741043,23400
8030,2014-11-04,50.5,50.59,49.099998,50.009997999999996,32.416942999999996,27300
8031,2014-11-05,49.950001,51.290001000000004,49.599998,51.150002,33.15591,15900
8032,2014-11-06,51.049999,51.099998,50.5,50.790001000000004,32.922543,15000
8033,2014-11-07,50.939999,51.75,50.939999,51.700001,33.512409000000005,19500
8034,2014-11-10,51.700001,52.450001,51.52,51.599998,33.447586,18400
8035,2014-11-11,51.669998,52.549999,50.5,52.299999,33.901348,12200
8036,2014-11-12,51.759997999999996,52.459998999999996,50.77,50.779999,32.916069,20800
8037,2014-11-13,50.689999,51.200001,49.639998999999996,50.130001,32.722839,20300
8038,2014-11-14,50.0,51.450001,49.599998,51.09,33.349486999999996,18800
8039,2014-11-17,50.689999,51.0,50.25,50.5,32.964371,12300
8040,2014-11-18,50.84,51.529999,49.830002,51.23,33.440872,21300
8041,2014-11-19,51.0,52.0,50.450001,52.0,33.943497,26000
8042,2014-11-20,51.639998999999996,52.290001000000004,51.619999,52.279999,34.12627,10000
8043,2014-11-21,52.5,52.59,51.630001,52.220001,34.087109000000005,14900
8044,2014-11-24,51.970001,52.5,51.599998,52.200001,34.074062,21800
8045,2014-11-25,51.82,52.0,51.0,51.470001,33.597553000000005,25000
8046,2014-11-26,51.209998999999996,51.459998999999996,50.040001000000004,50.07,32.683681,27500
8047,2014-11-28,49.5,50.209998999999996,48.139998999999996,48.25,31.495661,41900
8048,2014-12-01,48.84,48.84,44.200001,44.860001000000004,29.282806,116400
8049,2014-12-02,44.25,44.98,42.25,44.5,29.04781,91100
8050,2014-12-03,44.189999,46.82,43.970001,46.060001,30.066109,48500
8051,2014-12-04,45.549999,46.27,43.509997999999996,44.369999,28.962954999999997,36000
8052,2014-12-05,44.0,45.369999,43.5,45.0,29.374190999999996,21500
8053,2014-12-08,44.099998,44.560001,40.080002,41.0,26.763159,118100
8054,2014-12-09,38.060001,41.82,38.029999,41.5,27.089529,72200
8055,2014-12-10,41.0,41.48,38.040001000000004,39.18,25.575138,73200
8056,2014-12-11,38.150002,41.470001,38.150002,39.130001,25.657754999999998,41600
8057,2014-12-12,37.869999,38.98,37.830002,38.240002000000004,25.074167000000003,54800
8058,2014-12-15,37.860001000000004,39.0,35.099998,36.049999,23.638176,92700
8059,2014-12-16,35.27,37.09,33.77,36.009997999999996,23.611946,164500
8060,2014-12-17,35.759997999999996,40.0,35.759997999999996,39.57,25.946259,54500
8061,2014-12-18,41.009997999999996,41.009997999999996,37.540001000000004,37.849998,24.818439,53800
8062,2014-12-19,37.900002,38.790001000000004,37.5,38.32,25.126627,32800
8063,2014-12-22,39.200001,39.509997999999996,37.060001,38.279999,25.100388,43900
8064,2014-12-23,38.029999,39.220001,37.549999,38.32,25.126627,34900
8065,2014-12-24,38.560001,38.560001,37.200001,37.240002000000004,24.418468,25500
8066,2014-12-26,37.75,38.189999,36.25,36.639998999999996,24.025033999999998,28300
8067,2014-12-29,37.049999,37.68,36.380001,36.689999,24.057823000000003,38500
8068,2014-12-30,36.189999,36.389998999999996,35.400002,35.59,23.336559,66100
8069,2014-12-31,35.349998,36.040001000000004,35.0,35.779999,23.461128,90600
8070,2015-01-02,36.349998,38.290001000000004,36.0,37.75,24.752876,24200
8071,2015-01-05,37.490002000000004,37.490002000000004,35.849998,36.360001000000004,23.841444,37200
8072,2015-01-06,36.360001000000004,36.990002000000004,35.490002000000004,36.169998,23.716854,25200
8073,2015-01-07,37.080002,37.68,35.639998999999996,35.639998999999996,23.369331,30400
8074,2015-01-08,36.130001,38.0,36.0,37.720001,24.733206,37100
8075,2015-01-09,38.0,38.939999,36.98,38.16,25.021715,32700
8076,2015-01-12,38.16,38.790001000000004,37.119999,37.150002,24.359451,46600
8077,2015-01-13,37.150002,37.720001,36.720001,36.75,24.282152,31900
8078,2015-01-14,36.709998999999996,37.900002,36.5,36.919998,24.394461,31700
8079,2015-01-15,37.299999,37.869999,37.150002,37.439999,24.738045,18100
8080,2015-01-16,37.77,39.959998999999996,36.939999,39.75,26.264355,25100
8081,2015-01-20,39.349998,39.959998999999996,38.349998,38.889998999999996,25.696123,35400
8082,2015-01-21,39.23,39.75,38.650002,39.07,25.815057999999997,19000
8083,2015-01-22,39.68,39.77,38.790001000000004,39.459998999999996,26.072746,22600
8084,2015-01-23,39.779999,39.970001,39.400002,39.799999,26.297397999999998,15400
8085,2015-01-26,39.799999,42.130001,39.549999,39.639998999999996,26.191682999999998,74100
8086,2015-01-27,39.66,40.470001,39.509997999999996,40.209998999999996,26.568303999999998,16800
8087,2015-01-28,40.400002,41.450001,39.5,39.84,26.323826,30800
8088,2015-01-29,40.25,40.25,38.240002000000004,39.110001000000004,25.841494,25500
8089,2015-01-30,38.619999,39.950001,38.599998,39.700001,26.231325,16200
8090,2015-02-02,40.189999,41.740002000000004,40.0,41.740002000000004,27.579227000000003,39000
8091,2015-02-03,41.950001,43.68,41.549999,42.290001000000004,27.94264,32900
8092,2015-02-04,41.700001,42.259997999999996,40.049999,40.52,26.773125,27900
8093,2015-02-05,41.68,42.07,40.610001000000004,41.75,27.585838,32300
8094,2015-02-06,42.139998999999996,42.799999,41.080002,42.060001,27.790663000000002,21800
8095,2015-02-09,41.959998999999996,42.970001,41.689999,42.970001,28.391932,30300
8096,2015-02-10,43.27,43.27,42.150002,42.790001000000004,28.273001,18600
8097,2015-02-11,42.310001,42.669998,42.02,42.029999,27.770840000000003,12200
8098,2015-02-12,42.009997999999996,42.509997999999996,40.25,41.049999,27.303266999999998,28600
8099,2015-02-13,41.049999,42.18,40.869999,42.009997999999996,27.941782,19900
8100,2015-02-17,42.220001,42.540001000000004,42.0,42.400002,28.201181,20800
8101,2015-02-18,42.009997999999996,42.77,42.0,42.0,27.935118,12400
8102,2015-02-19,41.740002000000004,42.700001,41.009997999999996,41.939999,27.895227000000002,16600
8103,2015-02-20,41.939999,42.459998999999996,41.209998999999996,41.400002,27.536068,13000
8104,2015-02-23,41.740002000000004,42.799999,41.259997999999996,41.889998999999996,27.861975,16700
8105,2015-02-24,42.400002,43.389998999999996,41.939999,42.610001000000004,28.340854999999998,20900
8106,2015-02-25,43.279999,43.279999,42.369999,43.029999,28.620209000000003,10000
8107,2015-02-26,42.900002,43.299999,42.5,43.0,28.60025,18300
8108,2015-02-27,42.77,43.27,42.700001,42.709998999999996,28.407372,16100
8109,2015-03-02,43.209998999999996,44.389998999999996,42.709998999999996,43.950001,29.232124,38100
8110,2015-03-03,44.240002000000004,45.02,42.700001,44.32,29.478215999999996,26800
8111,2015-03-04,44.619999,45.0,43.439999,44.52,29.611240000000002,38600
8112,2015-03-05,44.290001000000004,44.959998999999996,43.400002,43.400002,28.866301,22100
8113,2015-03-06,43.93,43.93,42.610001000000004,42.610001000000004,28.340854999999998,25700
8114,2015-03-09,42.599998,43.52,42.5,42.509997999999996,28.274340000000002,19300
8115,2015-03-10,42.41,43.360001000000004,42.25,42.330002,28.154627,12800
8116,2015-03-11,42.959998999999996,42.959998999999996,42.259997999999996,42.580002,28.320898,21100
8117,2015-03-12,42.029999,42.400002,40.689999,41.209998999999996,27.698515000000004,24900
8118,2015-03-13,40.73,40.73,39.610001000000004,40.34,27.113753999999997,29200
8119,2015-03-16,39.799999,40.189999,38.299999,38.82,26.092121,71900
8120,2015-03-17,38.82,39.25,38.5,39.139998999999996,26.307201,33600
8121,2015-03-18,38.68,40.84,38.529999,40.84,27.449802000000002,23100
8122,2015-03-19,40.360001000000004,40.84,39.02,39.200001,26.34753,38700
8123,2015-03-20,39.720001,40.73,39.049999,39.619999,26.629820000000002,28500
8124,2015-03-23,39.720001,40.400002,39.52,39.52,26.562614,23300
8125,2015-03-24,39.950001,40.169998,39.509997999999996,39.560001,26.589508000000002,15700
8126,2015-03-25,39.939999,39.950001,39.34,39.599998,26.616366999999997,40300
8127,2015-03-26,39.82,40.959998999999996,39.610001000000004,39.880001,26.804577000000002,22400
8128,2015-03-27,39.759997999999996,40.0,39.259997999999996,39.41,26.488668,13500
8129,2015-03-30,39.900002,40.869999,39.389998999999996,40.43,27.174253000000004,23700
8130,2015-03-31,40.68,40.689999,39.18,39.34,26.441628,33800
8131,2015-04-01,39.299999,40.259997999999996,38.610001000000004,39.009997999999996,26.219818,34600
8132,2015-04-02,38.990002000000004,40.0,38.990002000000004,39.860001000000004,26.791135999999998,23400
8133,2015-04-06,39.5,41.25,39.5,40.16,26.992779,30300
8134,2015-04-07,39.82,40.799999,39.82,40.23,27.039816,23400
8135,2015-04-08,40.0,40.25,39.59,39.82,26.764248,23800
8136,2015-04-09,39.810001,40.0,39.810001,39.970001,26.865078000000004,36600
8137,2015-04-10,40.0,40.330002,39.889998999999996,39.900002,26.818014,41200
8138,2015-04-13,39.720001,40.0,39.720001,40.0,27.073180999999998,14100
8139,2015-04-14,40.0,40.099998,39.830002,39.98,27.059642999999998,20200
8140,2015-04-15,40.130001,41.509997999999996,39.849998,41.470001,28.068127,33100
8141,2015-04-16,41.52,41.970001,41.0,41.689999,28.217015999999997,26300
8142,2015-04-17,41.630001,42.049999,41.259997999999996,41.950001,28.392996000000004,18200
8143,2015-04-20,41.98,42.740002000000004,41.41,41.41,28.027497999999998,28000
8144,2015-04-21,41.599998,42.450001,41.549999,41.599998,28.156091999999997,21200
8145,2015-04-22,41.599998,42.310001,41.599998,42.119999,28.508049,13200
8146,2015-04-23,41.759997999999996,42.080002,41.349998,41.57,28.135801,18900
8147,2015-04-24,41.639998999999996,41.639998999999996,41.060001,41.470001,28.068127,13000
8148,2015-04-27,41.209998999999996,41.220001,40.009997999999996,40.009997999999996,27.079946999999997,58300
8149,2015-04-28,40.25,40.439999,39.549999,39.810001,26.944584000000003,30400
8150,2015-04-29,40.0,40.450001,39.630001,40.450001,27.377754,28300
8151,2015-04-30,40.169998,40.450001,39.869999,40.34,27.303301,27500
8152,2015-05-01,40.139998999999996,40.450001,40.080002,40.220001,27.222084000000002,13200
8153,2015-05-04,40.450001,40.450001,39.75,39.77,26.917503000000004,26500
8154,2015-05-05,40.040001000000004,40.450001,39.93,40.23,27.228841999999997,20600
8155,2015-05-06,40.259997999999996,41.380001,39.990002000000004,40.279999,27.262690999999997,27900
8156,2015-05-07,40.099998,40.700001,39.779999,39.98,27.059642999999998,18800
8157,2015-05-08,40.080002,40.27,39.830002,40.23,27.228841999999997,14900
8158,2015-05-11,40.389998999999996,40.389998999999996,40.0,40.02,27.086714,22900
8159,2015-05-12,40.209998999999996,40.880001,39.799999,39.93,27.025801,23000
8160,2015-05-13,39.810001,40.5,39.52,39.52,26.902592,26100
8161,2015-05-14,39.57,39.59,39.279999,39.349998,26.786869,15300
8162,2015-05-15,39.349998,39.959998999999996,39.09,39.860001000000004,27.134045,17500
8163,2015-05-18,39.860001000000004,40.849998,39.740002000000004,40.400002,27.501634999999997,15300
8164,2015-05-19,40.060001,40.889998999999996,39.16,40.490002000000004,27.562896999999996,37300
8165,2015-05-20,40.259997999999996,40.740002000000004,39.509997999999996,39.529999,26.909407,23500
8166,2015-05-21,39.759997999999996,40.060001,39.27,39.59,26.950249,19900
8167,2015-05-22,39.220001,39.740002000000004,39.009997999999996,39.279999,26.739218,14900
8168,2015-05-26,39.02,39.509997999999996,38.0,39.02,26.562215999999996,33800
8169,2015-05-27,39.02,39.48,38.0,39.360001000000004,26.793667,35500
8170,2015-05-28,39.139998999999996,39.34,38.950001,39.27,26.732418,6300
8171,2015-05-29,39.43,39.48,39.009997999999996,39.48,26.875353000000004,11100
8172,2015-06-01,39.470001,39.48,39.220001,39.23,26.705173,13400
8173,2015-06-02,39.220001,39.93,39.200001,39.849998,27.127235,7000
8174,2015-06-03,39.619999,39.959998999999996,39.5,39.650002,26.991084999999998,7300
8175,2015-06-04,39.66,39.66,38.950001,39.169998,26.664334999999998,13500
8176,2015-06-05,39.029999,40.0,39.029999,39.259997999999996,26.725594,20600
8177,2015-06-08,39.470001,39.98,39.369999,39.400002,26.820906,19100
8178,2015-06-09,39.82,39.860001000000004,39.529999,39.549999,26.923012,13000
8179,2015-06-10,39.77,39.950001,39.57,39.580002,26.943440999999996,11400
8180,2015-06-11,39.439999,39.73,39.330002,39.48,27.024887,8900
8181,2015-06-12,39.34,39.950001,39.099998,39.099998,26.764776,10900
8182,2015-06-15,39.099998,39.330002,39.029999,39.23,26.853759999999998,10200
8183,2015-06-16,39.360001000000004,39.759997999999996,39.029999,39.029999,26.716843,17900
8184,2015-06-17,39.150002,39.75,39.150002,39.32,26.915352000000002,14400
8185,2015-06-18,39.18,39.57,39.049999,39.220001,26.846914,17000
8186,2015-06-19,39.049999,39.380001,39.049999,39.150002,26.799006,13800
8187,2015-06-22,39.16,39.5,39.0,39.040001000000004,26.723698,38600
8188,2015-06-23,39.040001000000004,39.720001,39.040001000000004,39.200001,26.833229,24900
8189,2015-06-24,39.310001,39.43,39.009997999999996,39.049999,26.730546999999998,17700
8190,2015-06-25,39.0,39.240002000000004,38.970001,38.970001,26.675796999999996,21600
8191,2015-06-26,39.0,39.040001000000004,38.009997999999996,38.169998,26.128172,23500
8192,2015-06-29,38.139998999999996,38.380001,37.880001,38.0,26.011795000000003,19800
8193,2015-06-30,38.07,38.240002000000004,37.5,37.75,25.840673000000002,26400
8194,2015-07-01,37.709998999999996,37.709998999999996,36.75,37.040001000000004,25.354662,25700
8195,2015-07-02,37.009997999999996,38.5,37.009997999999996,37.950001,25.977570999999998,32600
8196,2015-07-06,37.52,38.32,37.52,37.889998999999996,25.936501,28100
8197,2015-07-07,37.720001,38.549999,37.5,38.549999,26.38829,34200
8198,2015-07-08,38.119999,39.439999,37.990002000000004,38.849998,26.593639000000003,25900
8199,2015-07-09,39.0,39.43,38.52,38.860001000000004,26.600494,30200
8200,2015-07-10,38.689999,39.23,38.5,38.740002000000004,26.518342999999998,12900
8201,2015-07-13,38.75,39.0,38.07,38.400002,26.410365999999996,18000
8202,2015-07-14,38.150002,38.150002,37.439999,37.490002000000004,25.784496,17400
8203,2015-07-15,37.490002000000004,37.490002000000004,35.740002000000004,36.540001000000004,25.131113,71400
8204,2015-07-16,36.349998,37.169998,35.5,35.689999,24.546503,39600
8205,2015-07-17,35.799999,35.98,35.720001,35.869999,24.670305,18000
8206,2015-07-20,35.630001,35.779999,34.110001000000004,34.349998,23.624899,51700
8207,2015-07-21,34.259997999999996,35.799999,34.0,35.279999,24.264532,41600
8208,2015-07-22,35.509997999999996,36.689999,34.0,34.830002,23.955025,28100
8209,2015-07-23,34.580002,35.709998999999996,34.189999,35.27,24.257645,31600
8210,2015-07-24,35.029999,35.75,34.139998999999996,34.139998999999996,23.480467,39000
8211,2015-07-27,34.189999,34.25,32.25,32.990002000000004,22.689529,60400
8212,2015-07-28,33.23,35.040001000000004,32.799999,34.849998,23.968784,46500
8213,2015-07-29,34.91,35.599998,34.200001,35.07,24.120094,29600
8214,2015-07-30,35.27,35.59,33.57,34.310001,23.597387,16600
8215,2015-07-31,33.98,33.98,32.860001000000004,33.09,22.758305,48000
8216,2015-08-03,32.939999,32.939999,31.4,31.58,21.719769,58900
8217,2015-08-04,31.799999,31.950001,30.51,31.299999,21.527199,36600
8218,2015-08-05,30.85,31.83,30.51,31.27,21.506567,92400
8219,2015-08-06,30.969998999999998,32.240002000000004,30.51,32.200001,22.146191,47800
8220,2015-08-07,31.76,32.990002000000004,31.76,32.16,22.118679,17300
8221,2015-08-10,33.0,33.950001,32.400002,33.700001,23.177849,31500
8222,2015-08-11,33.16,34.099998,32.799999,33.709998999999996,23.184727,36300
8223,2015-08-12,33.75,34.48,33.080002,33.529999,23.060925,34700
8224,2015-08-13,33.200001,33.200001,31.6,31.82,22.103033,28900
8225,2015-08-14,31.799999,31.950001,31.0,31.5,21.880751,37500
8226,2015-08-17,31.35,31.639999,30.360001,30.370001000000002,21.095829000000002,60400
8227,2015-08-18,30.17,31.0,29.74,29.950001,20.804083,51100
8228,2015-08-19,29.790001,29.950001,27.1,28.040001,19.47735,120700
8229,2015-08-20,27.950001,29.91,27.66,29.709999,20.637373,48500
8230,2015-08-21,29.629998999999998,30.280001000000002,28.77,29.190001000000002,20.276169,42000
8231,2015-08-24,26.559998999999998,29.34,26.559998999999998,28.940001000000002,20.102510000000002,44200
8232,2015-08-25,29.01,30.5,28.82,30.5,21.186123000000002,43300
8233,2015-08-26,31.190001000000002,32.48,30.01,31.879998999999998,22.144709,62000
8234,2015-08-27,32.470001,33.529999,31.85,32.34,22.464243,21100
8235,2015-08-28,32.689999,34.599998,32.32,32.810001,22.790722,28400
8236,2015-08-31,34.009997999999996,34.490002000000004,32.290001000000004,32.720001,22.728197,61900
8237,2015-09-01,32.5,32.5,31.059998999999998,31.24,21.700153,54900
8238,2015-09-02,31.17,31.6,30.190001000000002,31.16,21.644581,61200
8239,2015-09-03,30.84,32.759997999999996,30.76,31.0,21.53344,56700
8240,2015-09-04,30.799999,31.549999,30.709999,31.450001,21.846022,54100
8241,2015-09-08,31.469998999999998,32.5,31.0,31.690001000000002,22.012729999999998,40900
8242,2015-09-09,31.98,32.919998,31.35,31.4,21.811293,51900
8243,2015-09-10,31.75,32.23,31.65,31.77,22.0683,11400
8244,2015-09-11,31.07,32.299999,30.25,30.33,21.304768,40100
8245,2015-09-14,30.879998999999998,30.91,30.01,30.450001,21.389063,41000
8246,2015-09-15,30.4,31.700001,30.200001,30.799999,21.634899,32900
8247,2015-09-16,31.18,32.200001,30.870001000000002,32.099998,22.548067,67900
8248,2015-09-17,32.189999,33.75,31.15,31.709999,22.274115,74300
8249,2015-09-18,31.01,33.0,31.01,31.84,22.365437,49700
8250,2015-09-21,32.049999,32.450001,31.25,32.029999,22.498892,40900
8251,2015-09-22,31.66,32.540001000000004,31.440001000000002,31.719998999999998,22.281139000000003,52900
8252,2015-09-23,31.780001000000002,32.540001000000004,31.049999,31.059998999999998,21.817535,41700
8253,2015-09-24,31.139999,32.290001000000004,31.059998999999998,31.469998999999998,22.105532,39200
8254,2015-09-25,31.299999,31.9,31.01,31.280001000000002,21.972067000000003,24400
8255,2015-09-28,31.0,31.799999,30.280001000000002,30.379998999999998,21.339876,47400
8256,2015-09-29,30.360001,30.77,29.0,29.6,20.791985999999998,80400
8257,2015-09-30,29.549999,30.76,29.48,30.559998999999998,21.46632,31300
8258,2015-10-01,30.940001000000002,31.6,30.6,30.93,21.726217000000002,34700
8259,2015-10-02,30.74,31.42,30.57,31.33,22.007187,40100
8260,2015-10-05,31.469998999999998,33.0,31.1,32.450001,22.793920999999997,81400
8261,2015-10-06,32.5,34.779999,32.25,34.299999,24.093414000000003,68500
8262,2015-10-07,34.990002000000004,35.040001000000004,34.099998,34.490002000000004,24.226882999999997,65200
8263,2015-10-08,35.040001000000004,35.799999,34.049999,35.75,25.111937,49100
8264,2015-10-09,35.59,36.0,34.75,35.5,24.936338,30700
8265,2015-10-12,35.5,35.990002000000004,34.009997999999996,34.599998,24.30414,33700
8266,2015-10-13,34.5,35.41,33.84,34.470001,24.348644,44300
8267,2015-10-14,34.57,35.610001000000004,34.57,35.27,24.913748000000002,28100
8268,2015-10-15,34.57,35.560001,34.02,34.669998,24.489923,46600
8269,2015-10-16,34.950001,34.950001,33.599998,34.799999,24.581747,64400
8270,2015-10-19,34.689999,35.450001,33.400002,35.369999,24.984373,48200
8271,2015-10-20,35.150002,35.740002000000004,34.52,35.02,24.737154,21200
8272,2015-10-21,34.75,34.990002000000004,33.639998999999996,34.5,24.369837,23300
8273,2015-10-22,34.959998999999996,35.139998999999996,33.740002000000004,33.740002000000004,23.832998,16300
8274,2015-10-23,33.549999,34.279999,32.57,33.330002,23.543388,62600
8275,2015-10-26,33.029999,34.200001,33.0,33.139998999999996,23.409174,29600
8276,2015-10-27,32.709998999999996,32.75,30.6,31.66,22.363735000000002,62600
8277,2015-10-28,31.73,32.400002,31.01,31.969998999999998,22.582716,45900
8278,2015-10-29,32.299999,33.139998999999996,31.809998999999998,32.360001000000004,22.858198,24800
8279,2015-10-30,32.709998999999996,32.709998999999996,31.27,32.150002,22.709854,19000
8280,2015-11-02,32.400002,33.099998,32.169998,32.470001,22.935902,40500
8281,2015-11-03,32.459998999999996,32.950001,32.029999,32.48,22.942966000000002,27400
8282,2015-11-04,32.5,32.5,31.6,32.470001,22.935902,33600
8283,2015-11-05,32.040001000000004,32.360001000000004,31.549999,32.150002,22.709854,18800
8284,2015-11-06,32.060001,32.290001000000004,31.799999,31.959999,22.575653,23300
8285,2015-11-09,32.299999,32.299999,31.639999,31.799999,22.462633,23200
8286,2015-11-10,31.66,32.299999,31.549999,31.780001000000002,22.448511,25500
8287,2015-11-11,31.9,32.5,31.73,32.18,22.731054,38200
8288,2015-11-12,31.219998999999998,32.189999,31.110001,31.629998999999998,22.535137,39700
8289,2015-11-13,31.629998999999998,31.719998999999998,30.799999,31.4,22.371264,39100
8290,2015-11-16,31.209999,31.77,31.209999,31.68,22.570755,13000
8291,2015-11-17,31.82,31.959999,30.74,31.1,22.15752,27600
8292,2015-11-18,31.459999,31.549999,30.790001,31.549999,22.47813,13100
8293,2015-11-19,31.43,31.809998999999998,30.799999,31.66,22.556498,23900
8294,2015-11-20,31.540001,31.74,31.01,31.5,22.442505,21200
8295,2015-11-23,31.559998999999998,31.65,31.110001,31.17,22.207401,15500
8296,2015-11-24,31.23,32.43,31.23,32.169998,22.919855,28800
8297,2015-11-25,32.009997999999996,32.490002000000004,31.74,32.0,22.798733,11600
8298,2015-11-27,32.130001,32.5,32.009997999999996,32.16,22.912737,5600
8299,2015-11-30,32.360001000000004,33.0,32.200001,32.939999,23.468451,44900
8300,2015-12-01,32.990002000000004,33.5,32.970001,33.259997999999996,23.696442,26900
8301,2015-12-02,33.200001,33.27,32.560001,32.650002,23.261839000000002,39500
8302,2015-12-03,32.689999,32.779999,30.57,30.76,21.915293,93100
8303,2015-12-04,30.5,30.5,29.33,29.73,21.181452,68300
8304,2015-12-07,29.469998999999998,29.469998999999998,27.85,28.5,20.30513,71600
8305,2015-12-08,28.01,28.719998999999998,28.0,28.219998999999998,20.105635,41800
8306,2015-12-09,28.16,28.99,28.16,28.469998999999998,20.283762,21700
8307,2015-12-10,28.450001,29.870001000000002,28.25,28.950001,20.62574,36100
8308,2015-12-11,28.309998999999998,28.860001,28.110001,28.549999,20.371002,31200
8309,2015-12-14,28.299999,28.299999,27.129998999999998,27.450001,19.586142000000002,37200
8310,2015-12-15,27.190001000000002,27.66,27.1,27.66,19.735981,34000
8311,2015-12-16,27.43,28.200001,27.200001,27.75,19.80019,25400
8312,2015-12-17,27.57,27.75,27.110001,27.17,19.386354,79100
8313,2015-12-18,27.1,27.5,25.530001000000002,25.92,18.494446,93800
8314,2015-12-21,25.9,26.120001000000002,25.52,25.540001,18.223309,44000
8315,2015-12-22,25.75,26.83,25.5,26.16,18.665689,148800
8316,2015-12-23,26.27,28.15,26.0,27.969998999999998,19.957163,82700
8317,2015-12-24,28.0,28.0,27.4,27.530001000000002,19.643221,19100
8318,2015-12-28,26.57,26.58,25.93,26.43,18.858341,39700
8319,2015-12-29,26.870001000000002,27.110001,26.33,26.690001000000002,19.043858,44700
8320,2015-12-30,26.25,26.889999,25.65,26.42,18.851213,55400
8321,2015-12-31,26.5,27.51,25.84,26.26,18.737051,137300
8322,2016-01-04,26.43,26.700001,26.0,26.01,18.558666,53400
8323,2016-01-05,26.0,26.85,25.709999,26.690001000000002,19.043858,51900
8324,2016-01-06,26.360001,26.780001000000002,26.0,26.07,18.601473000000002,24700
8325,2016-01-07,26.0,26.91,25.93,26.190001000000002,18.687092,49900
8326,2016-01-08,26.440001000000002,27.629998999999998,26.42,27.309998999999998,19.486245999999998,23100
8327,2016-01-11,27.309998999999998,27.35,26.51,26.92,19.207973000000003,47500
8328,2016-01-12,27.23,27.23,26.5,26.76,19.093811,49100
8329,2016-01-13,26.719998999999998,27.0,25.9,26.059998999999998,18.788124,51200
8330,2016-01-14,26.059998999999998,26.950001,25.799999,26.629998999999998,19.199064,90600
8331,2016-01-15,25.809998999999998,26.73,25.51,26.629998999999998,19.199064,47600
8332,2016-01-19,26.25,26.25,24.0,24.219998999999998,17.461557,82700
8333,2016-01-20,23.450001,26.0,22.75,25.719998999999998,18.542997,110200
8334,2016-01-21,25.68,27.24,25.18,26.76,19.292795,95200
8335,2016-01-22,27.0,28.110001,26.85,27.01,19.473035999999997,35200
8336,2016-01-25,26.77,26.799999,25.74,25.74,18.557409,17500
8337,2016-01-26,26.139999,27.91,26.0,27.709999,19.977707000000002,30900
8338,2016-01-27,27.75,28.99,27.34,28.790001,20.756329,31000
8339,2016-01-28,29.52,30.5,28.540001,30.43,21.938698000000002,81600
8340,2016-01-29,30.99,32.990002000000004,30.639999,32.799999,23.647367000000003,93500
8341,2016-02-01,31.42,31.809998999999998,30.16,31.809998999999998,22.933622,83900
8342,2016-02-02,31.129998999999998,32.23,30.139999,32.080002,23.128281,26700
8343,2016-02-03,32.259997999999996,33.860001000000004,32.0,33.450001,24.115993,65900
8344,2016-02-04,33.150002,34.75,32.0,32.09,23.135489,58900
8345,2016-02-05,31.780001000000002,32.099998,31.219998999999998,31.629998999999998,22.803854,39500
8346,2016-02-08,30.02,31.98,29.98,31.700001,22.854315,20400
8347,2016-02-09,31.48,31.48,30.0,30.540001,22.018005,36600
8348,2016-02-10,30.620001000000002,32.830002,30.1,30.99,22.342438,43200
8349,2016-02-11,29.75,30.690001000000002,28.860001,30.4,22.012251000000003,20200
8350,2016-02-12,30.92,31.9,30.51,31.32,22.678410999999997,36100
8351,2016-02-16,32.439999,32.439999,30.040001,31.16,22.562559,55700
8352,2016-02-17,31.780001000000002,33.91,31.26,33.34,24.141068,97400
8353,2016-02-18,33.66,33.869999,32.389998999999996,33.18,24.025217,36100
8354,2016-02-19,32.48,32.790001000000004,31.700001,31.860001,23.069426999999997,24300
8355,2016-02-22,32.52,32.84,31.719998999999998,32.25,23.351807,29300
8356,2016-02-23,31.92,32.5,31.35,31.450001,22.772541,16400
8357,2016-02-24,31.200001,32.389998999999996,31.200001,32.279999,23.373539,29700
8358,2016-02-25,32.279999,32.279999,31.5,32.099998,23.243195999999998,15400
8359,2016-02-26,32.299999,33.0,31.9,32.200001,23.315607,31700
8360,2016-02-29,32.48,32.990002000000004,31.639999,31.98,23.156313,33400
8361,2016-03-01,32.369999,32.369999,31.200001,31.870001000000002,23.076664,21500
8362,2016-03-02,32.080002,32.68,31.77,32.540001000000004,23.561811,33600
8363,2016-03-03,32.23,33.349998,32.23,32.849998,23.786261,25700
8364,2016-03-04,32.990002000000004,33.799999,32.599998,33.349998,24.148305999999998,23600
8365,2016-03-07,33.080002,34.400002,33.080002,34.0,24.618965,60500
8366,2016-03-08,33.509997999999996,33.599998,32.0,32.25,23.351807,20400
8367,2016-03-09,32.200001,33.150002,32.049999,32.669998,23.655931,37700
8368,2016-03-10,32.919998,33.330002,31.200001,31.41,22.743578,104800
8369,2016-03-11,31.35,32.139998999999996,31.35,31.92,23.214855,25300
8370,2016-03-14,31.67,32.200001,31.6,31.66,23.025761,20300
8371,2016-03-15,31.629998999999998,32.02,31.110001,31.58,22.967582999999998,13000
8372,2016-03-16,31.83,32.990002000000004,31.83,32.619999,23.723955,27000
8373,2016-03-17,32.509997999999996,33.310001,32.509997999999996,32.900002,23.927597,24800
8374,2016-03-18,33.009997999999996,33.060001,32.049999,32.049999,23.309406,40300
8375,2016-03-21,31.959999,32.419998,31.959999,32.200001,23.418495,8000
8376,2016-03-22,31.85,32.59,31.059998999999998,31.950001,23.236677,38100
8377,2016-03-23,31.93,32.490002000000004,31.059998999999998,31.5,22.909397,31600
8378,2016-03-24,30.110001,30.629998999999998,29.27,30.379998999999998,22.094839,78300
8379,2016-03-28,30.1,30.290001,29.059998999999998,29.629998999999998,21.549385,30400
8380,2016-03-29,29.5,29.5,27.75,29.209999,21.243921,53400
8381,2016-03-30,29.66,30.52,28.93,29.5,21.454833999999998,36300
8382,2016-03-31,29.5,29.870001000000002,29.5,29.6,21.527563,14200
8383,2016-04-01,29.42,29.85,28.93,29.110001,21.1712,12300
8384,2016-04-04,29.02,29.620001000000002,29.0,29.16,21.207561,31800
8385,2016-04-05,29.01,30.1,28.99,29.98,21.803933999999998,27100
8386,2016-04-06,29.91,31.129998999999998,29.77,30.530001000000002,22.203945,20900
8387,2016-04-07,30.200001,30.34,29.01,29.34,21.338472,85600
8388,2016-04-08,29.76,31.379998999999998,29.559998999999998,30.34,22.065756,73100
8389,2016-04-11,30.5,30.5,30.0,30.16,21.934841,32000
8390,2016-04-12,30.27,31.940001000000002,30.27,31.27,22.742126000000003,24600
8391,2016-04-13,30.9,32.0,30.799999,31.83,23.252768,46500
8392,2016-04-14,31.889999,32.0,31.26,31.59,23.07744,30800
8393,2016-04-15,31.440001000000002,31.610001,30.66,30.91,22.580681,11600
8394,2016-04-18,30.16,31.99,30.16,31.469998999999998,22.989769,34200
8395,2016-04-19,31.57,32.470001,31.57,32.130001,23.471926,33800
8396,2016-04-20,31.860001,32.529999,31.34,32.200001,23.523062,24400
8397,2016-04-21,32.200001,32.290001000000004,31.67,31.9,23.303904,14200
8398,2016-04-22,31.879998999999998,32.400002,31.67,31.73,23.179714,67600
8399,2016-04-25,31.940001000000002,32.169998,31.389999,31.48,22.997082000000002,24900
8400,2016-04-26,31.42,32.389998999999996,31.379998999999998,32.32,23.610727,24400
8401,2016-04-27,31.91,32.970001,31.91,32.84,23.990602,36300
8402,2016-04-28,32.75,33.32,32.5,32.639998999999996,23.8445,32200
8403,2016-04-29,32.959998999999996,33.5,32.41,32.549999,23.778751,28800
8404,2016-05-02,32.639998999999996,32.869999,32.049999,32.619999,23.82988,21900
8405,2016-05-03,32.16,32.709998999999996,32.099998,32.41,23.676472,21400
8406,2016-05-04,32.450001,33.07,32.450001,32.490002000000004,23.734921,15800
8407,2016-05-05,32.98,33.279999,32.139998999999996,32.810001,23.968691,20600
8408,2016-05-06,32.150002,33.0,32.150002,32.349998,23.632641,30800
8409,2016-05-09,32.25,32.740002000000004,32.049999,32.32,23.610727,35100
8410,2016-05-10,32.349998,33.450001,32.349998,32.810001,23.968691,28400
8411,2016-05-11,32.57,33.689999,32.57,33.299999,24.326645000000003,22500
8412,2016-05-12,33.200001,33.52,33.029999,33.23,24.395657,26900
8413,2016-05-13,33.290001000000004,33.57,32.650002,33.0,24.226809,17100
8414,2016-05-16,33.41,33.900002,32.830002,33.450001,24.557173000000002,40200
8415,2016-05-17,33.700001,34.889998999999996,33.700001,34.720001,25.489534,45800
8416,2016-05-18,34.889998999999996,34.889998999999996,34.400002,34.650002,25.438141,20000
8417,2016-05-19,34.650002,34.75,33.400002,34.5,25.328018,25600
8418,2016-05-20,34.57,34.950001,34.18,34.950001,25.65839,27300
8419,2016-05-23,34.709998999999996,35.0,34.419998,34.669998,25.452822,9300
8420,2016-05-24,34.34,34.959998999999996,34.34,34.599998,25.401426,29300
8421,2016-05-25,34.549999,34.98,34.529999,34.669998,25.452822,17000
8422,2016-05-26,34.860001000000004,34.900002,34.09,34.349998,25.217901,39900
8423,2016-05-27,34.639998999999996,34.650002,33.709998999999996,34.380001,25.239918,13900
8424,2016-05-31,34.5,34.509997999999996,33.700001,34.139998999999996,25.063732,13300
8425,2016-06-01,34.09,34.169998,33.66,33.73,24.762728,12400
8426,2016-06-02,33.509997999999996,33.509997999999996,33.07,33.490002000000004,24.586535,19400
8427,2016-06-03,33.439999,33.75,33.029999,33.59,24.659948,18000
8428,2016-06-06,33.84,34.34,33.529999,34.200001,25.107775,26100
8429,2016-06-07,34.099998,35.150002,33.959998999999996,34.959998999999996,25.665726,53900
8430,2016-06-08,35.389998999999996,35.549999,34.849998,35.290001000000004,25.907997,22500
8431,2016-06-09,35.040001000000004,35.490002000000004,34.540001000000004,35.43,26.010778,22000
8432,2016-06-10,35.099998,35.470001,34.599998,34.650002,25.438141,17800
8433,2016-06-13,34.389998999999996,34.470001,33.75,34.02,25.050086999999998,18300
8434,2016-06-14,33.68,34.169998,33.349998,33.990002000000004,25.028006,21300
8435,2016-06-15,33.990002000000004,35.099998,33.0,34.720001,25.565527,75300
8436,2016-06-16,34.419998,35.220001,33.57,34.459998999999996,25.374075,31500
8437,2016-06-17,34.759997999999996,35.779999,34.009997999999996,34.299999,25.256264,12300
8438,2016-06-20,34.790001000000004,34.98,34.0,34.43,25.351983999999998,21400
8439,2016-06-21,34.380001,34.82,34.040001000000004,34.549999,25.440342,51300
8440,2016-06-22,34.549999,34.779999,33.73,34.349998,25.293083,22700
8441,2016-06-23,34.400002,34.599998,34.0,34.419998,25.344627,18400
8442,2016-06-24,33.099998,34.41,33.099998,33.740002000000004,24.843923999999998,35700
8443,2016-06-27,33.25,33.5,32.220001,32.849998,24.188581,40200
8444,2016-06-28,32.990002000000004,34.18,32.779999,33.189999,24.438935999999998,24600
8445,2016-06-29,33.630001,33.990002000000004,33.419998,33.77,24.866009,19800
8446,2016-06-30,33.68,33.68,33.099998,33.41,24.600924,19600
8447,2016-07-01,33.75,34.299999,33.32,34.18,25.167901999999998,19900
8448,2016-07-05,33.880001,33.93,33.200001,33.48,24.65247,20600
8449,2016-07-06,33.209998999999996,33.580002,33.009997999999996,33.139998999999996,24.402119,16800
8450,2016-07-07,33.900002,36.48,33.900002,35.77,26.338676,109700
8451,2016-07-08,36.27,36.790001000000004,36.040001000000004,36.450001,26.839385999999998,26400
8452,2016-07-11,37.0,37.25,35.84,36.209998999999996,26.662665999999998,26400
8453,2016-07-12,36.400002,37.119999,36.310001,36.369999,26.780485,40500
8454,2016-07-13,36.52,36.889998999999996,36.23,36.32,26.743664000000003,32000
8455,2016-07-14,36.41,36.77,35.380001,35.470001,26.215219,20000
8456,2016-07-15,35.360001000000004,35.77,35.360001000000004,35.43,26.185659,20800
8457,2016-07-18,35.290001000000004,35.990002000000004,35.130001,35.490002000000004,26.229996000000003,18800
8458,2016-07-19,35.689999,35.939999,35.119999,35.200001,26.015667,30500
8459,2016-07-20,35.240002000000004,35.849998,35.23,35.23,26.037836,25200
8460,2016-07-21,35.130001,35.849998,35.130001,35.240002000000004,26.045229,33900
8461,2016-07-22,35.259997999999996,35.75,35.259997999999996,35.59,26.303911,22200
8462,2016-07-25,35.59,35.990002000000004,35.400002,35.82,26.473903999999997,36300
8463,2016-07-26,35.52,36.48,35.52,36.32,26.843441,26400
8464,2016-07-27,36.389998999999996,36.75,36.200001,36.549999,27.013432,31900
8465,2016-07-28,36.75,37.0,36.599998,36.77,27.176021999999996,20000
8466,2016-07-29,36.91,37.450001,36.75,36.790001000000004,27.190802,29500
8467,2016-08-01,37.189999,37.400002,35.5,36.060001,26.651276,55200
8468,2016-08-02,36.110001000000004,36.259997999999996,35.029999,35.110001000000004,25.94915,91800
8469,2016-08-03,35.27,36.16,35.27,35.639998999999996,26.340858,27500
8470,2016-08-04,35.790001000000004,37.18,35.790001000000004,36.799999,27.198193,51300
8471,2016-08-05,37.0,37.490002000000004,36.810001,37.450001,27.678603999999996,37000
8472,2016-08-08,37.490002000000004,38.900002,37.470001,38.900002,28.750275,54400
8473,2016-08-09,38.709998999999996,39.25,37.790001000000004,39.150002,28.93504,42400
8474,2016-08-10,39.110001000000004,39.91,38.540001000000004,39.59,29.260237,45800
8475,2016-08-11,39.619999,40.990002000000004,39.349998,40.82,30.272543,52200
8476,2016-08-12,40.720001,40.869999,39.330002,39.630001,29.390022,40800
8477,2016-08-15,39.360001000000004,39.869999,38.580002,39.150002,29.03404,56400
8478,2016-08-16,38.549999,38.950001,37.189999,37.23,27.610151000000002,43900
8479,2016-08-17,37.299999,37.849998,36.84,37.32,27.676901,37200
8480,2016-08-18,37.16,38.130001,36.919998,38.110001000000004,28.262766,22400
8481,2016-08-19,38.110001000000004,38.110001000000004,37.200001,37.52,27.825215999999998,14500
8482,2016-08-22,37.310001,37.310001,36.689999,36.939999,27.395090000000003,25200
8483,2016-08-23,37.09,37.279999,36.349998,37.049999,27.47666,26600
8484,2016-08-24,36.799999,37.130001,36.360001000000004,36.82,27.306101,17900
8485,2016-08-25,36.66,37.380001,36.43,36.720001,27.231928000000003,27600
8486,2016-08-26,36.77,37.099998,36.439999,36.919998,27.380259000000002,12000
8487,2016-08-29,37.0,37.080002,36.599998,36.830002,27.313505,16800
8488,2016-08-30,36.950001,37.32,36.509997999999996,36.549999,27.105853999999997,31400
8489,2016-08-31,36.509997999999996,36.790001000000004,36.09,36.25,26.883387,18800
8490,2016-09-01,36.349998,36.529999,36.099998,36.32,26.935292999999998,16400
8491,2016-09-02,36.450001,36.900002,36.099998,36.799999,27.291264,23800
8492,2016-09-06,36.490002000000004,36.990002000000004,36.259997999999996,36.849998,27.328339,27300
8493,2016-09-07,36.75,37.200001,36.509997999999996,37.200001,27.587909999999997,12800
8494,2016-09-08,37.259997999999996,38.0,37.040001000000004,37.93,28.129285999999997,26700
8495,2016-09-09,37.709998999999996,37.959998999999996,36.560001,37.130001,27.535999,27500
8496,2016-09-12,36.860001000000004,36.970001,36.5,36.93,27.387666999999997,18100
8497,2016-09-13,36.75,37.119999,36.509997999999996,36.799999,27.291264,24300
8498,2016-09-14,36.709998999999996,36.799999,36.279999,36.400002,27.153990000000004,22800
8499,2016-09-15,36.369999,37.23,36.369999,37.049999,27.638884,16800
8500,2016-09-16,36.75,37.049999,36.669998,37.040001000000004,27.631434999999996,12500
8501,2016-09-19,37.029999,37.029999,36.290001000000004,36.549999,27.265890000000002,19000
8502,2016-09-20,36.759997999999996,37.290001000000004,36.52,36.52,27.243513,21100
8503,2016-09-21,36.669998,37.259997999999996,36.669998,36.900002,27.526999,14900
8504,2016-09-22,37.139998999999996,37.369999,36.759997999999996,36.759997999999996,27.422558000000002,17600
8505,2016-09-23,36.849998,36.849998,36.16,36.439999,27.183840000000004,26200
8506,2016-09-26,36.419998,37.150002,36.419998,36.540001000000004,27.258442,11500
8507,2016-09-27,36.619999,37.799999,36.540001000000004,37.310001,27.832851,24100
8508,2016-09-28,37.580002,38.32,36.959998999999996,38.259997999999996,28.541533,28000
8509,2016-09-29,38.299999,38.389998999999996,37.91,37.91,28.280451,14200
8510,2016-09-30,38.220001,38.220001,36.459998999999996,36.759997999999996,27.422558000000002,28800
8511,2016-10-03,36.98,37.52,36.459998999999996,37.049999,27.638884,31100
8512,2016-10-04,37.139998999999996,37.360001000000004,36.400002,36.560001,27.273352000000003,19100
8513,2016-10-05,36.580002,37.490002000000004,36.580002,37.060001,27.646357000000002,36000
8514,2016-10-06,37.0,37.400002,36.709998999999996,37.02,27.616512,30500
8515,2016-10-07,36.830002,37.240002000000004,36.830002,37.049999,27.638884,39700
8516,2016-10-10,37.400002,37.849998,37.240002000000004,37.290001000000004,27.817923999999998,22700
8517,2016-10-11,37.439999,37.669998,36.34,36.490002000000004,27.221135999999998,44600
8518,2016-10-12,36.639998999999996,37.150002,36.400002,37.150002,27.713495,23400
8519,2016-10-13,36.700001,37.439999,36.700001,37.049999,27.813332,15500
8520,2016-10-14,37.220001,37.220001,36.900002,36.970001,27.753281,14400
8521,2016-10-17,37.009997999999996,37.400002,36.970001,37.0,27.775803000000003,10000
8522,2016-10-18,37.060001,37.41,37.040001000000004,37.169998,27.903415999999996,13700
8523,2016-10-19,37.150002,37.830002,37.060001,37.68,28.286274,15500
8524,2016-10-20,37.77,37.790001000000004,37.049999,37.099998,27.850863,14100
8525,2016-10-21,37.049999,37.23,37.049999,37.110001000000004,27.858379,13600
8526,2016-10-24,37.209998999999996,37.290001000000004,36.560001,36.900002,27.700733000000003,22200
8527,2016-10-25,36.91,36.91,36.66,36.709998999999996,27.558084,12000
8528,2016-10-26,36.73,37.41,36.529999,36.970001,27.753281,18300
8529,2016-10-27,37.009997999999996,37.130001,36.610001000000004,36.93,27.723247999999998,28900
8530,2016-10-28,36.880001,36.889998999999996,36.360001000000004,36.380001,27.310369,19900
8531,2016-10-31,36.5,36.57,35.75,36.200001,27.175235999999998,11000
8532,2016-11-01,36.0,36.279999,35.799999,36.0,27.025101,16400
8533,2016-11-02,35.75,37.049999,35.75,36.450001,27.362923,18900
8534,2016-11-03,36.400002,37.200001,36.25,36.75,27.588125,20600
8535,2016-11-04,36.75,37.0,36.25,37.0,27.775803000000003,24000
8536,2016-11-07,37.0,37.0,36.259997999999996,36.5,27.400457,14100
8537,2016-11-08,36.400002,36.599998,35.799999,35.990002000000004,27.017590999999996,15300
8538,2016-11-09,35.650002,37.060001,35.650002,36.799999,27.625659999999996,19800
8539,2016-11-10,36.549999,36.950001,35.75,36.5,27.48785,12300
8540,2016-11-11,36.599998,36.599998,35.900002,35.900002,27.035995,12500
8541,2016-11-14,36.150002,36.150002,35.150002,35.299999,26.584131,20500
8542,2016-11-15,35.299999,35.599998,35.25,35.5,26.734762,30600
8543,2016-11-16,35.450001,35.619999,35.200001,35.450001,26.697107,20300
8544,2016-11-17,35.400002,35.849998,35.389998999999996,35.650002,26.847711999999998,14300
8545,2016-11-18,35.5,35.799999,35.200001,35.75,26.923021000000002,19000
8546,2016-11-21,35.849998,36.27,35.720001,35.900002,27.035995,26400
8547,2016-11-22,35.900002,35.950001,35.299999,35.549999,26.772403999999998,24300
8548,2016-11-23,35.5,36.139998999999996,35.5,36.0,27.111303000000003,9000
8549,2016-11-25,36.0,36.0,35.75,36.0,27.111303000000003,1900
8550,2016-11-28,35.75,35.75,35.0,35.299999,26.584131,14900
8551,2016-11-29,35.299999,35.57,33.459998999999996,34.75,26.169935,36100
8552,2016-11-30,35.0,35.73,34.799999,35.099998,26.433514000000002,34100
8553,2016-12-01,35.349998,35.990002000000004,35.349998,35.799999,26.960684000000004,25500
8554,2016-12-02,35.599998,35.900002,35.599998,35.900002,27.035995,9500
8555,2016-12-05,36.0,36.84,36.0,36.099998,27.186604,24400
8556,2016-12-06,36.150002,36.5,36.049999,36.099998,27.186604,28800
8557,2016-12-07,36.200001,36.580002,36.200001,36.25,27.299578000000004,6300
8558,2016-12-08,36.25,36.5,36.099998,36.299999,27.337221000000003,19600
8559,2016-12-09,36.299999,36.700001,35.41,36.599998,27.563145000000002,31100
8560,2016-12-12,36.799999,37.029999,36.599998,37.0,27.864403000000003,28500
8561,2016-12-13,36.75,37.5,36.0,36.200001,27.369164,22600
8562,2016-12-14,36.200001,36.650002,35.950001,35.950001,27.180162,15000
8563,2016-12-15,35.950001,36.470001,35.849998,35.849998,27.104553000000003,13700
8564,2016-12-16,35.900002,36.349998,35.75,35.75,27.028946,21800
8565,2016-12-19,35.950001,36.049999,35.400002,35.950001,27.180162,26000
8566,2016-12-20,35.900002,36.450001,35.549999,35.75,27.028946,11700
8567,2016-12-21,35.650002,35.900002,35.349998,35.549999,26.877737,27400
8568,2016-12-22,35.5,35.790001000000004,35.349998,35.5,26.839947,11800
8569,2016-12-23,35.400002,35.849998,35.200001,35.290001000000004,26.68116,17000
8570,2016-12-27,35.099998,35.299999,34.75,35.0,26.461911999999998,35200
8571,2016-12-28,34.950001,34.950001,34.5,34.799999,26.310699,23900
8572,2016-12-29,34.549999,34.799999,34.099998,34.700001,26.235096000000002,38900
8573,2016-12-30,34.5,35.25,34.299999,35.150002,26.575319,33100
8574,2017-01-03,35.5,36.389998999999996,35.5,36.200001,27.369164,31000
8575,2017-01-04,36.299999,36.650002,36.0,36.150002,27.331373,26300
8576,2017-01-05,36.200001,36.599998,36.0,36.25,27.406984,17100
8577,2017-01-06,36.349998,37.099998,35.599998,36.900002,27.898426,26600
8578,2017-01-09,36.849998,36.900002,36.25,36.400002,27.520386,18300
8579,2017-01-10,36.450001,36.900002,36.450001,36.549999,27.633789,10300
8580,2017-01-11,36.849998,36.950001,36.599998,36.849998,27.8606,11500
8581,2017-01-12,36.950001,37.23,36.099998,36.950001,28.098634999999998,25800
8582,2017-01-13,36.75,36.950001,36.009997999999996,36.950001,28.098634999999998,15900
8583,2017-01-17,37.099998,37.150002,36.099998,36.450001,27.718415999999998,23200
8584,2017-01-18,36.25,36.650002,36.150002,36.200001,27.528284000000003,13400
8585,2017-01-19,36.099998,37.130001,36.060001,37.0,28.136665,20800
8586,2017-01-20,37.150002,37.849998,37.150002,37.650002,28.630951,16700
8587,2017-01-23,37.75,38.150002,37.52,37.799999,28.745017999999998,16000
8588,2017-01-24,37.650002,38.049999,37.220001,37.650002,28.630951,16000
8589,2017-01-25,37.75,38.349998,37.709998999999996,38.299999,29.125231,18200
8590,2017-01-26,38.5,39.849998,38.23,39.5,30.037775,29300
8591,2017-01-27,39.150002,39.799999,38.599998,39.049999,29.69558,14600
8592,2017-01-30,39.0,39.049999,38.5,38.950001,29.619539000000003,21000
8593,2017-01-31,39.150002,39.799999,38.779999,39.799999,30.265907000000002,20000
8594,2017-02-01,39.5,39.900002,39.049999,39.099998,29.733601,18800
8595,2017-02-02,39.099998,39.400002,38.5,38.799999,29.505454999999998,10900
8596,2017-02-03,39.0,39.700001,38.720001,39.150002,29.771631,12200
8597,2017-02-06,39.150002,39.849998,39.139998999999996,39.799999,30.265907000000002,27200
8598,2017-02-07,39.900002,39.950001,39.200001,39.849998,30.303936,31600
8599,2017-02-08,39.75,39.900002,39.330002,39.849998,30.303936,31800
8600,2017-02-09,39.849998,39.900002,39.599998,39.700001,30.189878000000004,22700
8601,2017-02-10,39.549999,40.299999,39.41,39.900002,30.341955,17600
8602,2017-02-13,39.799999,40.450001,39.419998,39.900002,30.489439,27300
8603,2017-02-14,40.200001,40.400002,39.400002,40.0,30.565845,27400
8604,2017-02-15,40.0,40.400002,39.950001,40.349998,30.833305,27900
8605,2017-02-16,40.049999,40.5,39.869999,40.349998,30.833305,21600
8606,2017-02-17,40.0,40.200001,39.25,39.599998,30.260193,10700
8607,2017-02-21,39.349998,40.0,38.5,38.549999,29.457848,17300
8608,2017-02-22,38.5,38.599998,37.0,37.200001,28.42625,34800
8609,2017-02-23,37.299999,37.43,36.869999,37.099998,28.349828999999996,13800
8610,2017-02-24,37.099998,37.099998,36.599998,36.700001,28.044173999999998,11600
8611,2017-02-27,36.5,36.830002,36.400002,36.650002,28.005959000000004,13300
8612,2017-02-28,36.349998,36.799999,36.299999,36.700001,28.044173999999998,33600
8613,2017-03-01,37.099998,37.849998,36.450001,37.099998,28.349828999999996,20800
8614,2017-03-02,36.75,37.25,36.400002,36.799999,28.120594,22300
8615,2017-03-03,36.650002,37.16,36.349998,36.799999,28.120594,23200
8616,2017-03-06,36.75,37.299999,36.650002,36.880001,28.181726,13700
8617,2017-03-07,36.700001,37.349998,36.700001,37.299999,28.502665999999998,14500
8618,2017-03-08,36.900002,37.099998,36.25,36.25,27.700308000000003,28100
8619,2017-03-09,36.25,36.560001,35.549999,35.75,27.31823,28600
8620,2017-03-10,35.650002,35.950001,35.299999,35.950001,27.471062,23100
8621,2017-03-13,35.549999,36.150002,35.509997999999996,36.150002,27.729561,10400
8622,2017-03-14,36.049999,36.299999,35.41,36.25,27.806274,21100
8623,2017-03-15,36.25,36.450001,35.150002,36.450001,27.959694,49000
8624,2017-03-16,36.400002,36.400002,35.0,35.049999,26.885788,33200
8625,2017-03-17,35.0,35.549999,34.200001,35.299999,27.077548999999998,21000
8626,2017-03-20,35.099998,35.400002,34.200001,35.099998,26.924139,17900
8627,2017-03-21,35.0,35.200001,34.950001,35.0,26.847431,10200
8628,2017-03-22,34.549999,34.799999,33.5,33.900002,26.003651,36000
8629,2017-03-23,33.599998,34.599998,33.599998,34.25,26.272127,23000
8630,2017-03-24,34.049999,34.599998,33.950001,34.349998,26.348839,12300
8631,2017-03-27,33.900002,34.450001,33.900002,34.099998,26.157072,21800
8632,2017-03-28,33.799999,34.650002,33.650002,34.450001,26.425542999999998,24400
8633,2017-03-29,34.5,35.200001,34.450001,35.0,26.847431,14600
8634,2017-03-30,35.25,35.299999,33.5,33.900002,26.003651,80100
8635,2017-03-31,34.150002,35.599998,34.0,35.599998,27.307682,64700
8636,2017-04-03,35.25,35.25,34.200001,34.400002,26.387192,20400
8637,2017-04-04,34.599998,35.299999,34.599998,35.25,27.0392,14200
8638,2017-04-05,35.349998,36.099998,35.200001,35.200001,27.000853999999997,21900
8639,2017-04-06,35.25,36.740002000000004,35.25,36.5,27.998046999999996,41100
8640,2017-04-07,36.650002,37.299999,36.549999,36.650002,28.113094,33500
8641,2017-04-10,36.75,37.75,36.75,37.349998,28.650046999999997,40200
8642,2017-04-11,37.349998,38.400002,37.349998,38.400002,29.455475,31400
8643,2017-04-12,37.849998,37.880001,37.049999,37.150002,28.752709999999997,22100
8644,2017-04-13,37.200001,37.200001,36.349998,36.5,28.512362,13700
8645,2017-04-17,36.349998,37.200001,36.299999,37.049999,28.941999,10900
8646,2017-04-18,36.700001,36.700001,36.279999,36.349998,28.395184000000004,10800
8647,2017-04-19,36.650002,36.849998,36.400002,36.549999,28.551410999999998,8800
8648,2017-04-20,36.549999,36.630001,36.049999,36.049999,28.160835,10800
8649,2017-04-21,36.0,36.57,35.799999,36.549999,28.551410999999998,14100
8650,2017-04-24,36.200001,36.5,36.029999,36.099998,28.199896000000003,14000
8651,2017-04-25,36.299999,37.200001,36.200001,37.200001,29.059168,21900
8652,2017-04-26,37.150002,37.650002,36.599998,37.299999,29.137295,29100
8653,2017-04-27,37.150002,37.5,36.5,37.049999,28.941999,46800
8654,2017-04-28,37.400002,37.599998,37.099998,37.200001,29.059168,17800
8655,2017-05-01,37.5,37.790001000000004,37.349998,37.700001,29.449749,16400
8656,2017-05-02,37.450001,38.009997999999996,37.450001,37.799999,29.527867999999998,33800
8657,2017-05-03,38.0,38.200001,37.599998,37.599998,29.371626000000003,39500
8658,2017-05-04,37.799999,37.900002,36.849998,37.400002,29.215401,57800
8659,2017-05-05,37.400002,38.150002,37.25,37.950001,29.645027000000002,15900
8660,2017-05-08,38.0,38.200001,37.799999,38.0,29.68409,22300
8661,2017-05-09,38.049999,38.049999,37.150002,37.450001,29.254461,8000
8662,2017-05-10,37.450001,38.099998,36.950001,38.099998,29.762210999999997,8900
8663,2017-05-11,38.099998,38.099998,37.099998,37.299999,29.266344,6800
8664,2017-05-12,37.5,37.700001,37.099998,37.599998,29.501715,7000
8665,2017-05-15,37.549999,37.900002,36.849998,37.049999,29.070177,21700
8666,2017-05-16,37.400002,37.75,37.049999,37.700001,29.580189,12100
8667,2017-05-17,37.25,37.349998,37.0,37.299999,29.266344,15600
8668,2017-05-18,37.150002,37.349998,36.799999,37.25,29.227103999999997,15300
8669,2017-05-19,37.25,38.0,37.0,37.849998,29.697874,17500
8670,2017-05-22,37.700001,38.0,37.450001,37.799999,29.658653,9700
8671,2017-05-23,37.700001,37.900002,37.299999,37.700001,29.580189,18500
8672,2017-05-24,37.849998,38.0,37.549999,37.799999,29.658653,22400
8673,2017-05-25,37.799999,38.0,37.349998,37.700001,29.580189,16100
8674,2017-05-26,37.849998,38.349998,37.75,38.25,30.011719,19800
8675,2017-05-30,37.950001,38.169998,37.57,38.099998,29.894023999999998,15700
8676,2017-05-31,38.099998,38.400002,37.700001,38.349998,30.090176,10000
8677,2017-06-01,38.200001,38.599998,38.0,38.150002,29.933253999999998,19800
8678,2017-06-02,38.150002,38.25,37.720001,37.75,29.619417,11700
8679,2017-06-05,37.099998,37.650002,36.849998,37.049999,29.070177,40000
8680,2017-06-06,37.0,38.200001,37.0,38.0,29.815563,22300
8681,2017-06-07,37.950001,38.150002,37.299999,38.0,29.815563,12000
8682,2017-06-08,37.400002,37.700001,37.200001,37.25,29.227103999999997,15900
8683,2017-06-09,37.200001,37.650002,37.200001,37.599998,29.501715,10100
8684,2017-06-12,38.0,38.0,37.200001,37.25,29.227103999999997,13500
8685,2017-06-13,37.25,37.900002,37.25,37.599998,29.671381,21000
8686,2017-06-14,37.5,37.900002,36.799999,37.200001,29.355729999999998,21200
8687,2017-06-15,37.5,37.5,36.939999,37.150002,29.316275,13300
8688,2017-06-16,37.0,37.400002,36.799999,37.150002,29.316275,29400
8689,2017-06-19,37.150002,37.700001,37.029999,37.400002,29.513559000000004,17000
8690,2017-06-20,37.0,37.75,36.849998,37.049999,29.23736,22300
8691,2017-06-21,37.200001,37.5,36.799999,36.799999,29.040079,24900
8692,2017-06-22,36.900002,37.799999,36.799999,37.700001,29.750304999999997,29100
8693,2017-06-23,37.5,37.84,37.150002,37.549999,29.631933,21100
8694,2017-06-26,37.650002,37.900002,37.16,37.400002,29.513559000000004,22500
8695,2017-06-27,37.549999,38.25,37.400002,38.150002,30.105402,69700
8696,2017-06-28,37.900002,38.599998,37.799999,38.450001,30.342146000000003,37500
8697,2017-06-29,38.599998,39.0,37.950001,38.900002,30.697259999999996,34200
8698,2017-06-30,39.0,39.0,38.41,38.75,30.578879999999998,19800
8699,2017-07-03,39.049999,39.75,38.849998,39.5,31.170740000000002,20700
8700,2017-07-05,39.400002,39.75,39.150002,39.75,31.368021000000002,35400
8701,2017-07-06,39.75,39.900002,38.91,39.25,30.973463,18300
8702,2017-07-07,39.0,39.0,38.0,38.049999,30.026495,19500
8703,2017-07-10,37.700001,38.450001,37.700001,37.75,29.789757,21600
8704,2017-07-11,37.75,38.150002,37.5,38.049999,30.026495,26300
8705,2017-07-12,38.439999,38.650002,37.549999,37.700001,29.750304999999997,30400
8706,2017-07-13,37.5,37.799999,37.0,37.799999,29.957144,20600
8707,2017-07-14,37.799999,38.5,37.66,38.450001,30.472275,20400
8708,2017-07-17,38.450001,39.200001,38.25,38.950001,30.868540000000003,20000
8709,2017-07-18,38.900002,39.5,38.5,39.0,30.908165000000004,35100
8710,2017-07-19,39.049999,39.5,38.75,39.25,31.106293,32200
8711,2017-07-20,39.099998,40.0,38.950001,39.849998,31.581792999999998,22100
8712,2017-07-21,39.299999,40.0,39.119999,39.700001,31.462921,22800
8713,2017-07-24,39.75,40.0,39.25,39.799999,31.542171000000003,14500
8714,2017-07-25,39.400002,40.400002,39.400002,40.049999,31.740301000000002,58400
8715,2017-07-26,39.849998,40.32,39.700001,39.700001,31.462921,21700
8716,2017-07-27,39.900002,40.049999,39.75,39.799999,31.542171000000003,16200
8717,2017-07-28,39.75,40.400002,39.200001,40.400002,32.017685,31000
8718,2017-07-31,40.299999,40.549999,39.849998,40.150002,31.819563,14300
8719,2017-08-01,40.349998,40.349998,39.049999,39.400002,31.225178000000003,24400
8720,2017-08-02,39.099998,39.299999,38.799999,39.0,30.908165000000004,7700
8721,2017-08-03,38.549999,39.099998,38.549999,38.700001,30.670414,25200
8722,2017-08-04,38.549999,39.349998,38.5,39.150002,31.027047999999997,14000
8723,2017-08-07,39.0,39.299999,38.700001,38.849998,30.789289,11100
8724,2017-08-08,39.0,40.299999,39.0,39.799999,31.542171000000003,15100
8725,2017-08-09,39.5,39.900002,38.900002,39.349998,31.185543,23700
8726,2017-08-10,39.5,40.0,38.950001,40.0,31.700682,11700
8727,2017-08-11,39.200001,39.849998,38.099998,38.200001,30.439284999999998,100500
8728,2017-08-14,38.25,39.049999,38.25,39.049999,31.116602,26800
8729,2017-08-15,38.950001,39.450001,38.299999,39.450001,31.435335,15000
8730,2017-08-16,39.349998,39.349998,38.549999,38.799999,30.917378999999997,10100
8731,2017-08-17,38.75,39.099998,38.5,38.650002,30.797860999999997,17600
8732,2017-08-18,38.799999,39.25,38.549999,38.880001,30.981140000000003,11000
8733,2017-08-21,39.09,39.09,38.259997999999996,38.599998,30.758013000000002,12700
8734,2017-08-22,38.5,39.599998,38.349998,39.25,31.275969,14700
8735,2017-08-23,39.299999,39.599998,38.75,39.25,31.275969,22000
8736,2017-08-24,39.450001,39.599998,39.200001,39.25,31.275969,12000
8737,2017-08-25,39.299999,39.650002,39.25,39.400002,31.395494,5800
8738,2017-08-28,39.349998,39.849998,38.700001,39.200001,31.236116,30100
8739,2017-08-29,39.299999,39.849998,39.099998,39.400002,31.395494,18500
8740,2017-08-30,39.599998,39.900002,39.139998999999996,39.799999,31.71423,11200
8741,2017-08-31,39.599998,40.450001,39.25,40.299999,32.112652000000004,29800
8742,2017-09-01,40.150002,40.700001,40.049999,40.549999,32.311859000000005,25800
8743,2017-09-05,40.599998,41.5,40.25,40.900002,32.590752,27200
8744,2017-09-06,40.700001,41.349998,40.700001,41.049999,32.710281,13700
8745,2017-09-07,41.299999,41.450001,40.599998,40.700001,32.431377000000005,12600
8746,2017-09-08,40.349998,40.349998,39.400002,39.900002,31.793910999999998,9000
8747,2017-09-11,39.5,40.0,38.98,39.5,31.475178000000003,16200
8748,2017-09-12,39.299999,39.75,39.009997999999996,39.450001,31.435335,8500
8749,2017-09-13,39.299999,39.610001000000004,39.099998,39.549999,31.51502,18200
8750,2017-09-14,39.049999,40.040001000000004,39.049999,39.5,31.475178000000003,23100
8751,2017-09-15,39.049999,39.5,39.029999,39.150002,31.36862,15200
8752,2017-09-18,39.560001,39.959998999999996,38.75,38.849998,31.128234999999997,18400
8753,2017-09-19,38.75,39.490002000000004,38.75,39.0,31.248419000000002,6700
8754,2017-09-20,39.349998,39.650002,38.919998,39.0,31.248419000000002,12500
8755,2017-09-21,39.279999,39.599998,39.0,39.400002,31.568926,10300
8756,2017-09-22,39.389998999999996,40.0,39.330002,39.900002,31.969535999999998,6500
8757,2017-09-25,39.900002,40.689999,39.900002,40.560001,32.49836,20300
8758,2017-09-26,40.400002,41.5,40.400002,41.5,33.251521999999994,20800
8759,2017-09-27,41.25,41.700001,40.049999,41.0,32.85091,21900
8760,2017-09-28,41.099998,41.5,39.900002,41.049999,32.890976,30900
8761,2017-09-29,41.299999,41.599998,40.689999,40.799999,32.690659000000004,17500
8762,2017-10-02,41.25,41.43,40.849998,41.25,33.051224,10500
8763,2017-10-03,41.099998,41.860001000000004,41.0,41.150002,32.9711,7400
8764,2017-10-04,41.0,41.200001,40.369999,40.799999,32.690659000000004,5500
8765,2017-10-05,40.349998,40.900002,40.0,40.299999,32.290046999999994,16600
8766,2017-10-06,40.0,40.450001,39.549999,40.450001,32.410229,9100
8767,2017-10-09,40.0,40.650002,40.0,40.400002,32.370159,13400
8768,2017-10-10,40.5,41.0,40.310001,40.900002,32.770786,11500
8769,2017-10-11,40.799999,40.849998,40.150002,40.75,32.650589000000004,13000
8770,2017-10-12,40.799999,41.049999,40.5,40.900002,32.770786,34600
8771,2017-10-13,40.799999,41.25,40.700001,41.099998,33.053055,11800
8772,2017-10-16,40.650002,41.099998,40.549999,40.650002,32.691174,12800
8773,2017-10-17,40.549999,41.099998,40.32,40.950001,32.932434,11000
8774,2017-10-18,41.099998,41.5,40.639998999999996,41.400002,33.294323,12100
8775,2017-10-19,41.25,41.41,40.799999,40.799999,32.811794,17700
8776,2017-10-20,40.549999,41.400002,40.450001,40.849998,32.85202,11900
8777,2017-10-23,41.200001,41.349998,40.810001,40.950001,32.932434,8500
8778,2017-10-24,41.0,41.150002,40.849998,40.900002,32.892212,5900
8779,2017-10-25,41.0,41.099998,40.400002,40.82,32.827877,10400
8780,2017-10-26,40.700001,41.0,40.0,40.599998,32.650959,20800
8781,2017-10-27,40.599998,41.75,40.599998,41.549999,33.414951,11900
8782,2017-10-30,41.650002,41.950001,41.279999,41.950001,33.736633000000005,11600
8783,2017-10-31,41.950001,42.700001,41.419998,42.299999,34.018105,17200
8784,2017-11-01,42.650002,42.799999,42.389998999999996,42.650002,34.299587,12400
8785,2017-11-02,42.799999,42.849998,41.450001,41.599998,33.455172999999995,19400
8786,2017-11-03,41.650002,42.599998,41.650002,42.599998,34.259369,7600
8787,2017-11-06,42.700001,43.599998,42.59,43.25,34.782115999999995,18200
8788,2017-11-07,43.75,43.75,42.939999,43.400002,34.902747999999995,10900
8789,2017-11-08,43.400002,43.450001,42.75,43.099998,34.66148,6500
8790,2017-11-09,42.75,43.700001,41.200001,42.25,33.977897999999996,26600
8791,2017-11-10,42.200001,43.049999,42.009997999999996,42.650002,34.299587,8100
8792,2017-11-13,42.849998,42.849998,42.060001,42.599998,34.259369,4700
8793,2017-11-14,42.349998,42.950001,42.0,42.150002,34.022873,17300
8794,2017-11-15,42.150002,42.450001,41.400002,42.450001,34.265029999999996,21900
8795,2017-11-16,41.900002,42.75,41.900002,42.650002,34.426464,22500
8796,2017-11-17,42.700001,42.700001,42.049999,42.349998,34.184311,9700
8797,2017-11-20,42.5,42.900002,41.950001,42.650002,34.426464,17700
8798,2017-11-21,43.0,43.0,42.25,42.450001,34.265029999999996,5000
8799,2017-11-22,42.299999,43.099998,42.259997999999996,43.049999,34.749340000000004,32200
8800,2017-11-24,43.099998,44.549999,43.080002,44.549999,35.96011,25900
8801,2017-11-27,44.450001,44.599998,43.869999,43.900002,35.435455,79800
8802,2017-11-28,44.25,44.68,44.080002,44.450001,35.879395,15000
8803,2017-11-29,44.799999,44.799999,44.0,44.0,35.516159,12800
8804,2017-11-30,44.5,44.700001,43.5,43.599998,35.193295,24500
8805,2017-12-01,43.950001,44.509997999999996,43.75,43.75,35.314362,14500
8806,2017-12-04,43.849998,44.259997999999996,42.93,43.599998,35.193295,27500
8807,2017-12-05,43.599998,44.150002,42.450001,43.299999,34.95113,18400
8808,2017-12-06,42.799999,43.27,42.400002,42.549999,34.345745,13700
8809,2017-12-07,42.599998,43.5,42.599998,43.099998,34.789696,11400
8810,2017-12-08,43.150002,44.889998999999996,42.650002,43.150002,34.830067,17400
8811,2017-12-11,43.700001,45.080002,43.400002,44.0,35.516159,24400
8812,2017-12-12,44.0,44.02,43.200001,43.349998,34.991493,13100
8813,2017-12-13,43.650002,43.849998,43.25,43.599998,35.193295,16800
8814,2017-12-14,43.549999,43.75,43.0,43.0,34.868126000000004,8700
8815,2017-12-15,42.900002,44.299999,42.900002,44.299999,35.922272,30700
8816,2017-12-18,44.0,44.5,43.900002,44.150002,35.800644,13600
8817,2017-12-19,44.150002,44.450001,43.849998,43.900002,35.597923,9400
8818,2017-12-20,43.950001,45.049999,43.900002,44.900002,36.408806,16100
8819,2017-12-21,45.049999,45.650002,44.18,44.299999,35.922272,35900
8820,2017-12-22,44.049999,45.5,43.799999,45.450001,36.854794,35100
8821,2017-12-26,45.5,45.869999,45.18,45.5,36.895329,10100
8822,2017-12-27,45.400002,46.900002,45.349998,45.529999,36.91967,22600
8823,2017-12-28,45.700001,46.200001,45.099998,45.150002,36.611542,23500
8824,2017-12-29,45.650002,45.650002,44.599998,44.599998,36.165543,14500
8825,2018-01-02,45.25,45.599998,44.700001,45.349998,36.773701,18700
8826,2018-01-03,45.5,45.950001,44.98,45.799999,37.138603,12800
8827,2018-01-04,45.900002,46.299999,45.549999,45.759997999999996,37.106167,14300
8828,2018-01-05,46.049999,46.049999,45.0,45.700001,37.05751,15700
8829,2018-01-08,45.900002,46.349998,45.700001,46.200001,37.462967,23300
8830,2018-01-09,46.200001,47.200001,46.200001,47.200001,38.273849,20900
8831,2018-01-10,47.200001,48.5,46.849998,47.75,38.719837,20500
8832,2018-01-11,48.349998,50.0,47.560001,48.150002,39.044189,30400
8833,2018-01-12,48.299999,49.5,47.849998,48.740002000000004,39.709827000000004,27500
8834,2018-01-16,49.0,49.610001000000004,48.549999,48.849998,39.799442,37300
8835,2018-01-17,48.900002,49.200001,48.009997999999996,48.5,39.514282,17600
8836,2018-01-18,48.549999,48.900002,47.549999,47.849998,38.984707,16100
8837,2018-01-19,47.599998,49.25,47.450001,48.599998,39.595764,20300
8838,2018-01-22,48.599998,49.299999,47.75,49.099998,40.003109,38000
8839,2018-01-23,49.5,49.740002000000004,48.5,49.25,40.12534,20300
8840,2018-01-24,49.349998,49.349998,48.860001000000004,49.25,40.12534,12800
8841,2018-01-25,49.299999,49.400002,48.299999,49.099998,40.003109,15600
8842,2018-01-26,49.099998,49.299999,48.450001,48.450001,39.473549,12800
8843,2018-01-29,48.900002,48.900002,47.700001,47.700001,38.862507,22000
8844,2018-01-30,47.700001,47.700001,45.099998,46.200001,37.640415000000004,37200
8845,2018-01-31,46.75,46.75,46.049999,46.400002,37.80336,15400
8846,2018-02-01,46.25,46.490002000000004,45.849998,46.400002,37.80336,12000
8847,2018-02-02,46.349998,46.650002,45.110001000000004,46.0,37.477470000000004,20100
8848,2018-02-05,45.200001,45.900002,42.310001,43.75,35.644341,48800
8849,2018-02-06,42.700001,45.73,42.349998,45.400002,36.988640000000004,26900
8850,2018-02-07,45.400002,45.5,44.549999,45.0,36.662727000000004,14200
8851,2018-02-08,45.349998,45.419998,43.049999,44.799999,36.499790000000004,26700
8852,2018-02-09,45.099998,45.18,42.650002,44.200001,36.010956,37200
8853,2018-02-12,44.400002,45.099998,44.200001,45.099998,36.744217,15100
8854,2018-02-13,45.099998,45.099998,44.049999,44.549999,36.296116,10600
8855,2018-02-14,44.25,44.419998,43.599998,44.049999,36.043274,11100
8856,2018-02-15,44.200001,44.549999,43.049999,43.049999,35.225052000000005,20600
8857,2018-02-16,43.049999,43.75,43.049999,43.700001,35.756886,13200
8858,2018-02-20,43.75,43.799999,42.099998,42.650002,34.897743,26100
8859,2018-02-21,42.650002,43.349998,42.549999,42.900002,35.102306,20700
8860,2018-02-22,42.900002,43.75,42.709998999999996,43.200001,35.347782,5900
8861,2018-02-23,43.5,45.049999,43.349998,44.700001,36.575134000000006,16800
8862,2018-02-26,45.349998,45.900002,44.77,45.0,36.820602,11600
8863,2018-02-27,45.200001,45.200001,43.75,44.049999,36.043274,10000
8864,2018-02-28,43.900002,44.549999,42.5,43.0,35.184128,17000
8865,2018-03-01,43.200001,43.200001,42.299999,42.349998,34.652279,12600
8866,2018-03-02,42.25,43.450001,42.0,42.849998,35.061398,18400
8867,2018-03-05,42.849998,42.950001,42.099998,42.400002,34.693184,18400
8868,2018-03-06,42.450001,42.720001,42.0,42.200001,34.529545,17600
8869,2018-03-07,41.950001,42.5,41.900002,42.049999,34.406799,10200
8870,2018-03-08,42.5,42.5,41.299999,41.650002,34.07951,22500
8871,2018-03-09,41.849998,42.59,41.599998,42.049999,34.406799,53300
8872,2018-03-12,42.049999,42.41,41.5,42.200001,34.529545,29400
8873,2018-03-13,42.5,42.709998999999996,42.049999,42.450001,34.734103999999995,26800
8874,2018-03-14,42.200001,42.299999,41.200001,41.549999,34.167515,20800
8875,2018-03-15,41.650002,42.75,41.650002,42.349998,34.825382,17300
8876,2018-03-16,42.650002,43.490002000000004,42.240002000000004,43.0,35.359894,25300
8877,2018-03-19,43.0,43.150002,42.549999,43.049999,35.401005,20300
8878,2018-03-20,43.5,43.950001,42.549999,42.950001,35.318771000000005,15900
8879,2018-03-21,43.099998,43.860001000000004,43.099998,43.700001,35.935516,9800
8880,2018-03-22,43.450001,43.639998999999996,42.75,42.75,35.154312,17200
8881,2018-03-23,43.200001,43.75,42.560001,42.560001,34.998062,9600
8882,2018-03-26,42.799999,43.360001000000004,42.599998,42.599998,35.030968,14400
8883,2018-03-27,43.150002,43.400002,42.259997999999996,42.349998,34.825382,23000
8884,2018-03-28,42.599998,42.900002,42.419998,42.700001,35.113182,6600
8885,2018-03-29,42.75,44.549999,42.450001,43.950001,36.141090000000005,29800
8886,2018-04-02,44.400002,44.400002,42.599998,42.75,35.154312,17200
8887,2018-04-03,42.799999,43.0,42.5,42.700001,35.113182,10900
8888,2018-04-04,42.450001,43.099998,42.25,43.099998,35.442122999999995,10300
8889,2018-04-05,42.799999,43.5,42.799999,43.5,35.771049,13000
8890,2018-04-06,43.450001,43.869999,42.639998999999996,43.150002,35.48325,14000
8891,2018-04-09,43.450001,44.169998,43.290001000000004,43.549999,35.812164,14200
8892,2018-04-10,44.200001,44.200001,43.799999,43.950001,36.141090000000005,13200
8893,2018-04-11,43.700001,44.299999,43.700001,43.799999,36.01775,8600
8894,2018-04-12,43.799999,44.200001,43.450001,43.799999,36.01775,11500
8895,2018-04-13,43.549999,44.099998,43.400002,44.099998,36.496922,20200
8896,2018-04-16,44.400002,45.549999,44.25,45.200001,37.407276,20700
8897,2018-04-17,45.200001,45.599998,44.900002,45.150002,37.365906,12100
8898,2018-04-18,44.849998,46.049999,44.84,46.0,38.069359000000006,15600
8899,2018-04-19,45.900002,46.150002,44.959998999999996,45.5,37.655559999999994,9400
8900,2018-04-20,45.0,46.150002,44.700001,46.099998,38.152115,9100
8901,2018-04-23,45.75,45.950001,45.200001,45.200001,37.407276,23100
8902,2018-04-24,45.299999,45.380001,44.75,45.150002,37.365906,8900
8903,2018-04-25,44.400002,46.5,44.400002,46.5,38.483154,13400
8904,2018-04-26,46.799999,47.0,46.400002,46.549999,38.524532,13000
8905,2018-04-27,46.599998,46.599998,45.560001,46.25,38.276257,17600
8906,2018-04-30,46.25,46.5,46.099998,46.25,38.276257,9900
8907,2018-05-01,46.400002,46.450001,45.759997999999996,46.349998,38.359016,10000
8908,2018-05-02,45.950001,46.599998,45.950001,46.299999,38.317642,8300
8909,2018-05-03,46.25,46.5,45.450001,46.0,38.069359000000006,15200
8910,2018-05-04,45.549999,46.049999,45.549999,45.599998,37.738316,14500
8911,2018-05-07,45.849998,46.799999,45.849998,46.5,38.483154,20300
8912,2018-05-08,46.5,46.849998,46.099998,46.599998,38.565914,15300
8913,2018-05-09,46.950001,47.25,46.650002,46.700001,38.648666,24000
8914,2018-05-10,46.700001,47.25,46.5,47.25,39.103848,18300
8915,2018-05-11,47.099998,47.450001,46.889998999999996,47.450001,39.269371,8300
8916,2018-05-14,47.349998,47.5,47.099998,47.349998,39.422565000000006,15000
8917,2018-05-15,47.599998,47.599998,47.349998,47.349998,39.422565000000006,12700
8918,2018-05-16,47.349998,48.0,47.299999,48.0,39.963741,25000
8919,2018-05-17,48.0,48.799999,47.700001,48.700001,40.546539,16800
8920,2018-05-18,48.75,49.150002,48.75,49.099998,40.879574,11200
8921,2018-05-21,49.049999,49.950001,48.880001,49.450001,41.170971,7200
8922,2018-05-22,49.75,49.75,47.5,47.5,39.547451,13400
8923,2018-05-23,47.5,48.0,47.200001,47.900002,39.880486,12900
8924,2018-05-24,47.450001,49.349998,47.450001,48.400002,40.296772,14100
8925,2018-05-25,48.200001,48.5,47.549999,48.5,40.380024,8500
8926,2018-05-29,48.25,49.450001,48.099998,49.200001,40.96283,21400
8927,2018-05-30,49.5,49.5,48.599998,49.150002,40.921203999999996,20500
8928,2018-05-31,49.200001,49.200001,48.799999,49.0,40.796329,18000
8929,2018-06-01,49.0,49.0,48.150002,48.25,40.171886,8400
8930,2018-06-04,48.150002,49.139998999999996,47.75,48.549999,40.421665000000004,22400
8931,2018-06-05,48.549999,48.950001,48.150002,48.150002,40.088615000000004,11100
8932,2018-06-06,48.299999,48.299999,47.200001,47.200001,39.297684000000004,13500
8933,2018-06-07,47.200001,48.169998,47.200001,47.950001,39.922108,11900
8934,2018-06-08,47.950001,48.0,47.450001,47.549999,39.589073,11000
8935,2018-06-11,47.549999,48.150002,47.549999,47.75,39.7556,8400
8936,2018-06-12,47.700001,47.700001,47.049999,47.549999,39.589073,7000
8937,2018-06-13,47.299999,47.549999,47.049999,47.130001,39.239395,9200
8938,2018-06-14,47.349998,47.349998,45.759997999999996,46.5,38.958729,12400
8939,2018-06-15,46.5,46.5,45.200001,45.200001,37.869556,18900
8940,2018-06-18,45.099998,46.0,45.099998,45.549999,38.162807,16900
8941,2018-06-19,45.200001,46.130001,45.150002,45.849998,38.414143,20400
8942,2018-06-20,45.650002,45.939999,45.450001,45.5,38.120884000000004,5900
8943,2018-06-21,45.25,45.599998,45.0,45.400002,38.037128,12000
8944,2018-06-22,45.400002,46.0,45.400002,45.599998,38.204685,19000
8945,2018-06-25,45.400002,45.75,45.299999,45.400002,38.037128,10500
8946,2018-06-26,45.25,46.0,45.009997999999996,45.700001,38.288464000000005,12100
8947,2018-06-27,46.299999,47.349998,45.459998999999996,47.200001,39.545193,18800
8948,2018-06-28,47.049999,47.700001,46.68,47.450001,39.754653999999995,13700
8949,2018-06-29,47.599998,47.689999,47.049999,47.099998,39.461407,9200
8950,2018-07-02,47.299999,47.299999,46.5,46.5,38.958729,8400
8951,2018-07-03,46.400002,47.150002,46.099998,46.200001,38.707382,5300
8952,2018-07-05,46.150002,46.669998,46.150002,46.369999,38.849815,7400
8953,2018-07-06,46.450001,47.150002,46.060001,46.900002,39.293853999999996,17800
8954,2018-07-09,47.049999,47.060001,46.509997999999996,46.919998,39.310612,11900
8955,2018-07-10,47.0,47.41,46.509997999999996,46.650002,39.084396000000005,8000
8956,2018-07-11,46.599998,46.700001,45.860001000000004,46.0,38.539818,10600
8957,2018-07-12,46.0,46.450001,45.860001000000004,46.0,38.539818,9600
8958,2018-07-13,46.0,46.099998,45.790001000000004,45.900002,38.692398,6300
8959,2018-07-16,45.549999,45.630001,44.599998,44.599998,37.596531,13700
8960,2018-07-17,44.700001,45.900002,44.599998,44.75,37.72298,8000
8961,2018-07-18,45.450001,45.700001,44.91,45.599998,38.439499,10100
8962,2018-07-19,45.049999,45.610001000000004,45.0,45.349998,38.228756,11600
8963,2018-07-20,45.5,45.93,45.299999,45.799999,38.608096999999994,12700
8964,2018-07-23,45.799999,46.650002,45.0,46.650002,39.324622999999995,15000
8965,2018-07-24,45.75,46.400002,45.25,45.25,38.144465999999994,15700
8966,2018-07-25,45.049999,45.950001,45.049999,45.150002,38.060169,9900
8967,2018-07-26,45.400002,45.950001,45.25,45.75,38.565956,5500
8968,2018-07-27,45.75,45.900002,44.950001,45.450001,38.313053000000004,11600
8969,2018-07-30,46.049999,46.049999,45.23,45.549999,38.397366,10600
8970,2018-07-31,45.75,45.75,44.950001,45.299999,38.186596,15900
8971,2018-08-01,45.049999,45.349998,44.450001,45.349998,38.228756,7400
8972,2018-08-02,45.5,46.150002,44.700001,46.0,38.776691,17300
8973,2018-08-03,46.200001,46.349998,45.5,45.650002,38.481651,3300
8974,2018-08-06,45.849998,46.650002,45.700001,46.400002,39.113876,10000
8975,2018-08-07,46.900002,47.049999,46.470001,47.0,39.619659000000006,18500
8976,2018-08-08,47.049999,47.150002,46.75,46.950001,39.577507000000004,15000
8977,2018-08-09,46.799999,46.849998,46.200001,46.650002,39.324622999999995,9900
8978,2018-08-10,46.549999,46.700001,46.099998,46.299999,39.029587,9300
8979,2018-08-13,46.0,46.439999,45.779999,45.900002,38.692398,11400
8980,2018-08-14,46.200001,46.25,45.869999,46.25,39.192356,7900
8981,2018-08-15,46.0,46.25,45.369999,45.849998,38.853396999999994,6600
8982,2018-08-16,45.07,45.540001000000004,45.0,45.0,38.133117999999996,12400
8983,2018-08-17,45.0,45.5,45.0,45.099998,38.217853999999996,5200
8984,2018-08-20,45.599998,45.599998,45.0,45.099998,38.217853999999996,7000
8985,2018-08-21,45.0,45.34,45.0,45.0,38.133117999999996,20800
8986,2018-08-22,45.0,45.299999,44.799999,44.950001,38.090740000000004,15300
8987,2018-08-23,44.799999,44.950001,44.360001000000004,44.400002,37.624672,12600
8988,2018-08-24,44.75,44.849998,44.400002,44.700001,37.878890999999996,23300
8989,2018-08-27,44.650002,45.400002,44.599998,44.650002,37.836529,11600
8990,2018-08-28,44.599998,44.650002,44.060001,44.380001,37.607715999999996,9600
8991,2018-08-29,44.599998,44.599998,44.25,44.5,37.709412,16400
8992,2018-08-30,44.549999,44.799999,44.290001000000004,44.75,37.921257000000004,15000
8993,2018-08-31,44.5,44.68,43.849998,43.849998,37.158581,13300
8994,2018-09-04,43.799999,43.950001,42.509997999999996,43.349998,36.734901,20000
8995,2018-09-05,43.099998,43.5,42.860001000000004,43.0,36.438313,7100
8996,2018-09-06,42.75,43.099998,42.509997999999996,43.0,36.438313,18600
8997,2018-09-07,42.700001,42.849998,42.5,42.799999,36.268817999999996,8000
8998,2018-09-10,42.650002,43.040001000000004,42.599998,42.950001,36.395939,12300
8999,2018-09-11,42.700001,43.75,42.650002,43.0,36.438313,20800
9000,2018-09-12,43.0,44.200001,42.720001,43.990002000000004,37.277229,31100
9001,2018-09-13,43.799999,44.0,42.509997999999996,42.68,36.167141,26200
9002,2018-09-14,42.450001,42.599998,42.0,42.049999,35.854209999999995,12500
9003,2018-09-17,42.0,42.049999,40.57,40.950001,34.916294,16600
9004,2018-09-18,40.849998,41.27,40.75,41.200001,35.129448,17700
9005,2018-09-19,41.0,41.25,40.799999,40.900002,34.873653000000004,6900
9006,2018-09-20,40.900002,40.950001,40.0,40.349998,34.40469,18900
9007,2018-09-21,40.25,41.400002,39.799999,40.900002,34.873653000000004,35100
9008,2018-09-24,41.200001,41.549999,40.259997999999996,40.799999,34.788391,15000
9009,2018-09-25,40.700001,41.599998,40.599998,41.450001,35.342613,18900
9010,2018-09-26,41.599998,42.299999,41.599998,42.0,35.811581,13700
9011,2018-09-27,42.150002,42.400002,42.049999,42.299999,36.067378999999995,12400
9012,2018-09-28,42.400002,43.0,42.150002,42.200001,35.982109,11500
9013,2018-10-01,42.200001,42.5,41.360001000000004,41.82,35.6581,36700
9014,2018-10-02,41.639998999999996,42.740002000000004,41.540001000000004,42.43,36.178211,17500
9015,2018-10-03,42.48,42.619999,41.459998999999996,42.41,36.161159999999995,17200
9016,2018-10-04,42.970001,42.990002000000004,41.509997999999996,41.790001000000004,35.632519,29100
9017,2018-10-05,41.5,42.310001,41.41,41.59,35.461983000000004,13700
9018,2018-10-08,41.759997999999996,41.830002,41.130001,41.43,35.325562,15500
9019,2018-10-09,41.299999,41.610001000000004,40.540001000000004,41.0,34.958927,21100
9020,2018-10-10,41.259997999999996,41.259997999999996,40.450001,40.450001,34.489956,18900
9021,2018-10-11,40.200001,40.34,38.709998999999996,38.82,33.100132,39900
9022,2018-10-12,39.0,40.450001,38.009997999999996,40.400002,34.692192,61900
9023,2018-10-15,40.400002,41.080002,39.330002,40.41,34.700779,15600
9024,2018-10-16,40.419998,41.16,40.130001,40.130001,34.460339000000005,16100
9025,2018-10-17,40.099998,40.099998,39.02,39.139998999999996,33.610209999999995,21600
9026,2018-10-18,38.75,39.029999,38.450001,38.549999,33.103561,18800
9027,2018-10-19,38.209998999999996,38.720001,38.209998999999996,38.349998,32.93182,14800
9028,2018-10-22,38.25,38.5,38.049999,38.490002000000004,33.052052,15700
9029,2018-10-23,38.349998,38.5,37.630001,37.630001,32.313541,38900
9030,2018-10-24,37.630001,37.740002000000004,35.82,36.009997999999996,30.922417,70400
9031,2018-10-25,36.290001000000004,38.099998,36.110001000000004,38.099998,32.717133000000004,84700
9032,2018-10-26,37.139998999999996,37.66,36.32,36.779999,31.583624,38900
9033,2018-10-29,36.669998,37.080002,35.849998,36.029999,30.939594,22400
9034,2018-10-30,35.959998999999996,36.73,35.869999,36.360001000000004,31.222965000000002,15700
9035,2018-10-31,36.299999,37.119999,36.299999,36.900002,31.686682,16800
9036,2018-11-01,36.970001,37.82,36.91,36.91,31.695271,10400
9037,2018-11-02,37.130001,37.279999,36.099998,36.52,31.360365,12700
9038,2018-11-05,36.599998,38.959998999999996,36.599998,38.610001000000004,33.155087,45600
9039,2018-11-06,38.68,38.75,37.540001000000004,38.130001,32.742901,37000
9040,2018-11-07,38.099998,39.5,38.099998,39.02,33.507168,26100
9041,2018-11-08,39.099998,39.470001,37.849998,38.240002000000004,32.837364,44900
9042,2018-11-09,37.549999,37.990002000000004,36.849998,37.639998999999996,32.322132,43800
9043,2018-11-12,38.049999,38.509997999999996,37.549999,38.459998999999996,33.026286999999996,28700
9044,2018-11-13,38.59,38.970001,37.509997999999996,37.860001000000004,32.511051,39400
9045,2018-11-14,37.849998,38.939999,37.700001,37.75,32.766232,45900
9046,2018-11-15,37.75,38.630001,37.75,37.82,32.826992,29100
9047,2018-11-16,37.900002,38.099998,37.259997999999996,38.099998,33.070026,24100
9048,2018-11-19,37.610001000000004,38.060001,37.549999,38.0,32.983234,12500
9049,2018-11-20,37.529999,37.669998,36.25,36.25,31.464261999999998,25800
9050,2018-11-21,36.299999,37.57,36.299999,37.52,32.566601,18500
9051,2018-11-23,37.130001,37.720001,36.709998999999996,36.990002000000004,32.106583,2400
9052,2018-11-26,37.599998,37.779999,36.630001,36.650002,31.811455,15600
9053,2018-11-27,36.540001000000004,37.330002,36.32,36.490002000000004,31.672579,9800
9054,2018-11-28,36.25,36.580002,35.900002,36.540001000000004,31.715977000000002,21900
9055,2018-11-29,36.799999,37.580002,36.639998999999996,37.290001000000004,32.366966,14100
9056,2018-11-30,37.360001000000004,37.740002000000004,37.310001,37.700001,32.722839,13700
9057,2018-12-03,38.700001,38.77,37.700001,38.77,33.651577,16000
9058,2018-12-04,38.75,38.75,37.32,37.349998,32.419037,15500
9059,2018-12-06,36.91,38.720001,36.509997999999996,38.349998,33.287029,26300
9060,2018-12-07,38.709998999999996,38.810001,38.32,38.650002,33.547416999999996,15100
9061,2018-12-10,38.48,38.790001000000004,37.880001,38.220001,33.174175,22300
9062,2018-12-11,38.66,39.349998,38.389998999999996,39.330002,34.137646000000004,16600
9063,2018-12-12,39.400002,39.880001,39.189999,39.82,34.562954,24000
9064,2018-12-13,39.610001000000004,39.970001,39.16,39.490002000000004,34.276527,18400
9065,2018-12-14,39.009997999999996,39.880001,38.73,39.880001,34.969238,19600
9066,2018-12-17,39.860001000000004,39.860001000000004,38.369999,38.43,33.697792,36900
9067,2018-12-18,38.470001,38.549999,36.5,36.75,32.224651,24500
9068,2018-12-19,36.790001000000004,37.360001000000004,35.75,35.75,31.347801,17900
9069,2018-12-20,35.639998999999996,35.650002,33.48,33.900002,29.725615,42100
9070,2018-12-21,33.98,34.25,32.0,32.0,28.05957,50800
9071,2018-12-24,31.49,31.790001,30.27,31.620001000000002,27.726364,24900
9072,2018-12-26,31.719998999999998,34.02,31.719998999999998,33.970001,29.786995,26400
9073,2018-12-27,33.540001000000004,36.02,33.259997999999996,35.09,30.769084999999997,29900
9074,2018-12-28,36.48,37.5,35.900002,36.66,32.145744,68300
9075,2018-12-31,37.599998,37.880001,36.869999,37.279999,32.689403999999996,57700
9076,2019-01-02,37.889998999999996,40.0,37.459998999999996,40.0,35.074467,48900
9077,2019-01-03,39.950001,39.950001,39.209998999999996,39.439999,34.583424,20600
9078,2019-01-04,39.93,40.400002,39.400002,39.700001,34.811401000000004,23800
9079,2019-01-07,39.970001,41.130001,39.970001,41.110001000000004,36.047779,32100
9080,2019-01-08,41.419998,42.130001,41.310001,41.669998,36.538818,28500
9081,2019-01-09,41.720001,42.029999,41.099998,41.389998999999996,36.293304,39800
9082,2019-01-10,41.23,41.919998,40.810001,41.540001000000004,36.424831,15400
9083,2019-01-11,41.439999,41.939999,40.759997999999996,40.869999,35.83733,26800
9084,2019-01-14,40.450001,40.490002000000004,40.009997999999996,40.48,35.760479,14800
9085,2019-01-15,40.5,41.029999,40.5,40.5,35.778145,21400
9086,2019-01-16,40.630001,41.639998999999996,40.630001,41.259997999999996,36.449535,18200
9087,2019-01-17,41.259997999999996,41.709998999999996,41.080002,41.709998999999996,36.847072999999995,19800
9088,2019-01-18,41.700001,41.919998,41.439999,41.91,37.023758,15400
9089,2019-01-22,41.689999,41.75,40.529999,40.91,36.140339000000004,18600
9090,2019-01-23,40.779999,41.169998,39.439999,40.220001,35.530792,15000
9091,2019-01-24,40.169998,40.619999,39.580002,40.049999,35.380604,21100
9092,2019-01-25,40.740002000000004,41.400002,40.0,41.389998999999996,36.564377,23700
9093,2019-01-28,41.009997999999996,41.5,40.380001,41.5,36.661556,9000
9094,2019-01-29,41.5,41.799999,41.139998999999996,41.43,36.59972,17000
9095,2019-01-30,41.66,41.75,41.099998,41.75,36.882412,14400
9096,2019-01-31,41.75,41.950001,41.349998,41.950001,37.059086,8400
9097,2019-02-01,42.0,42.5,42.0,42.5,37.544956,22500
9098,2019-02-04,42.5,43.0,41.98,43.0,37.986668,13100
9099,2019-02-05,42.939999,42.939999,41.869999,41.990002000000004,37.094418,28000
9100,2019-02-06,41.93,42.970001,41.93,42.970001,37.960178000000006,11000
9101,2019-02-07,43.0,43.0,42.0,43.0,37.986668,11700
9102,2019-02-08,42.720001,42.77,42.25,42.509997999999996,37.553799,9300
9103,2019-02-11,42.740002000000004,43.0,42.080002,42.459998999999996,37.509628,21000
9104,2019-02-12,43.0,43.0,41.689999,41.98,37.08559,15500
9105,2019-02-13,42.0,42.650002,41.759997999999996,41.759997999999996,36.891239,12800
9106,2019-02-14,41.73,42.619999,41.73,42.5,37.771996,16000
9107,2019-02-15,42.459998999999996,42.990002000000004,42.259997999999996,42.59,37.851982,14700
9108,2019-02-19,42.540001000000004,42.990002000000004,42.52,42.990002000000004,38.207478,10600
9109,2019-02-20,42.650002,43.389998999999996,42.650002,42.950001,38.17194,24000
9110,2019-02-21,42.650002,43.349998,42.650002,43.150002,38.349682,11800
9111,2019-02-22,43.419998,44.0,43.09,43.970001,39.078457,13800
9112,2019-02-25,44.0,44.360001000000004,42.919998,44.360001000000004,39.425076000000004,35300
9113,2019-02-26,44.220001,44.990002000000004,44.119999,44.990002000000004,39.984984999999995,17200
9114,2019-02-27,44.869999,44.990002000000004,44.490002000000004,44.799999,39.816128000000006,10700
9115,2019-02-28,44.990002000000004,44.990002000000004,43.720001,44.66,39.6917,16100
9116,2019-03-01,44.75,44.91,44.41,44.68,39.709472999999996,11200
9117,2019-03-04,44.889998999999996,44.889998999999996,43.52,43.84,38.962928999999995,18700
9118,2019-03-05,43.810001,44.0,43.0,44.0,39.105129,16100
9119,2019-03-06,44.02,44.099998,43.07,44.099998,39.193996000000006,14200
9120,2019-03-07,44.099998,44.509997999999996,43.220001,44.209998999999996,39.291759000000006,16800
9121,2019-03-08,43.810001,44.490002000000004,43.349998,44.490002000000004,39.540619,19700
9122,2019-03-11,44.380001,44.950001,44.279999,44.900002,39.90501,20600
9123,2019-03-12,45.0,45.740002000000004,44.68,45.18,40.153853999999995,18200
9124,2019-03-13,45.360001000000004,46.669998,45.360001000000004,46.400002,41.238132,22500
9125,2019-03-14,46.400002,46.889998999999996,45.939999,46.169998,41.281937,11500
9126,2019-03-15,46.349998,46.419998,45.73,45.799999,40.951111,9600
9127,2019-03-18,45.900002,46.5,45.509997999999996,46.240002000000004,41.344536,20800
9128,2019-03-19,46.650002,46.93,46.5,46.75,41.800533,21400
9129,2019-03-20,46.52,48.189999,46.380001,47.720001,42.667846999999995,44000
9130,2019-03-21,47.689999,48.23,47.5,48.040001000000004,42.953964,28200
9131,2019-03-22,47.860001000000004,48.119999,46.400002,46.939999,41.970421,15700
9132,2019-03-25,46.619999,47.009997999999996,46.0,46.900002,41.934666,14900
9133,2019-03-26,47.25,47.740002000000004,46.110001000000004,46.279999,41.380291,26400
9134,2019-03-27,46.330002,47.279999,45.82,46.959998999999996,41.9883,22800
9135,2019-03-28,46.509997999999996,46.939999,46.0,46.439999,41.523357,31700
9136,2019-03-29,46.939999,46.939999,46.349998,46.549999,41.621712,22900
9137,2019-04-01,46.959998999999996,47.0,46.619999,47.0,42.024066999999995,12900
9138,2019-04-02,47.07,47.07,46.209998999999996,47.07,42.086658,23000
9139,2019-04-03,47.099998,47.549999,46.810001,47.25,42.247608,14500
9140,2019-04-04,47.25,48.240002000000004,47.060001,47.860001000000004,42.793018,29000
9141,2019-04-05,48.0,48.16,47.68,47.68,42.632069,19300
9142,2019-04-08,48.169998,49.0,47.799999,48.919998,43.740798999999996,34700
9143,2019-04-09,48.970001,49.139998999999996,47.73,49.0,43.812332,36700
9144,2019-04-10,49.080002,49.779999,48.889998999999996,49.619999,44.366684,32600
9145,2019-04-11,49.689999,49.700001,48.889998999999996,49.290001000000004,44.071632,19000
9146,2019-04-12,49.169998,49.990002000000004,49.009997999999996,49.849998,44.892936999999996,28300
9147,2019-04-15,49.849998,50.91,49.419998,50.549999,45.523331,38600
9148,2019-04-16,50.200001,50.560001,49.169998,50.400002,45.388248,32500
9149,2019-04-17,50.439999,51.450001,50.110001000000004,51.119999,46.036648,42600
9150,2019-04-18,51.459998999999996,52.259997999999996,51.02,51.209998999999996,46.117699,43600
9151,2019-04-22,51.009997999999996,51.630001,50.860001000000004,51.290001000000004,46.189747,22000
9152,2019-04-23,51.509997999999996,52.59,51.040001000000004,51.580002,46.450912,34900
9153,2019-04-24,51.799999,52.380001,51.169998,51.900002,46.739090000000004,23400
9154,2019-04-25,52.009997999999996,52.169998,51.18,51.849998,46.694057,17600
9155,2019-04-26,51.900002,51.900002,50.540001000000004,51.16,46.072678,15800
9156,2019-04-29,51.080002,51.150002,50.34,50.52,45.496315,15700
9157,2019-04-30,50.77,50.790001000000004,49.0,49.0,44.127464,46000
9158,2019-05-01,49.150002,49.740002000000004,48.07,48.450001,43.632153,26800
9159,2019-05-02,48.439999,48.5,47.549999,47.990002000000004,43.217896,29600
9160,2019-05-03,48.16,48.16,46.75,46.75,42.101212,86800
9161,2019-05-06,46.650002,47.849998,45.619999,47.349998,42.641533,27300
9162,2019-05-07,47.169998,48.040001000000004,46.459998999999996,47.0,42.326344,16400
9163,2019-05-08,47.049999,48.279999,47.0,47.75,43.001762,13800
9164,2019-05-09,47.720001,48.029999,47.080002,47.93,43.163864000000004,23500
9165,2019-05-10,47.990002000000004,49.18,47.990002000000004,48.900002,44.037399,11500
9166,2019-05-13,49.73,49.73,48.349998,48.630001,43.794253999999995,12700
9167,2019-05-14,48.650002,49.560001,48.650002,49.48,44.693915999999994,12200
9168,2019-05-15,49.299999,49.900002,49.209998999999996,49.57,44.775208,7800
9169,2019-05-16,49.560001,49.880001,49.560001,49.73,44.919734999999996,9500
9170,2019-05-17,49.709998999999996,49.759997999999996,49.0,49.0,44.260345,16400
9171,2019-05-20,49.0,49.130001,48.77,48.869999,44.142914000000005,6900
9172,2019-05-21,48.990002000000004,49.0,47.490002000000004,48.060001,43.41127,20600
9173,2019-05-22,47.5,48.23,47.27,47.799999,43.176421999999995,14500
9174,2019-05-23,47.150002,48.310001,47.0,47.049999,42.498959,30200
9175,2019-05-24,47.360001000000004,47.5,47.150002,47.259997999999996,42.688652000000005,8900
9176,2019-05-28,47.360001000000004,47.950001,46.75,46.830002,42.300243,15000
9177,2019-05-29,46.5,46.639998999999996,46.110001000000004,46.419998,41.929897,23900
9178,2019-05-30,46.389998999999996,46.75,45.75,46.0,41.550526,14100
9179,2019-05-31,45.720001,45.990002000000004,45.189999,45.290001000000004,40.909203000000005,16600
9180,2019-06-03,45.439999,46.27,45.32,45.509997999999996,41.107925,12000
9181,2019-06-04,45.310001,46.0,44.009997999999996,45.959998999999996,41.514396999999995,47100
9182,2019-06-05,45.849998,45.849998,44.0,44.400002,40.105292999999996,29400
9183,2019-06-06,44.32,45.68,44.32,44.93,40.584022999999995,16900
9184,2019-06-07,45.34,47.23,45.32,47.23,42.661552,13500
9185,2019-06-10,47.77,49.23,47.189999,48.639998999999996,43.935162,53700
9186,2019-06-11,49.0,49.189999,47.709998999999996,49.189999,44.431969,22700
9187,2019-06-12,48.84,49.009997999999996,47.630001,48.599998,43.899029,34300
9188,2019-06-13,49.060001,49.060001,47.099998,47.150002,42.589287,43000
9189,2019-06-14,46.970001,47.439999,46.290001000000004,47.41,43.15271,23100
9190,2019-06-17,47.259997999999996,48.27,47.0,47.880001,43.580502,17700
9191,2019-06-18,48.0,48.75,47.57,48.59,44.226753,12100
9192,2019-06-19,48.59,48.59,47.5,47.580002,43.307438,25200
9193,2019-06-20,47.91,48.59,47.68,48.0,43.689724,34500
9194,2019-06-21,47.799999,47.98,46.869999,47.779999,43.489483,24700
9195,2019-06-24,47.5,48.07,47.389998999999996,48.0,43.689724,46600
9196,2019-06-25,47.810001,48.0,47.049999,47.73,43.44397,11700
9197,2019-06-26,48.32,49.169998,48.049999,49.16,44.745556,19300
9198,2019-06-27,48.810001,49.25,48.099998,48.27,43.935486,27800
9199,2019-06-28,48.509997999999996,48.509997999999996,47.700001,48.330002,43.990086,18700
9200,2019-07-01,48.720001,49.0,47.869999,48.459998999999996,44.108421,15700
9201,2019-07-02,47.759997999999996,48.389998999999996,47.099998,48.09,43.771648,16000
9202,2019-07-03,48.52,48.52,47.029999,47.029999,42.806828,31000
9203,2019-07-05,47.0,48.299999,47.0,47.75,43.462173,18300
9204,2019-07-08,47.91,48.049999,46.990002000000004,46.990002000000004,42.77042,22700
9205,2019-07-09,48.380001,48.380001,47.529999,47.790001000000004,43.498573,26200
9206,2019-07-10,47.799999,48.029999,47.290001000000004,47.689999,43.407555,12900
9207,2019-07-11,47.630001,47.950001,46.290001000000004,47.09,42.861439000000004,17100
9208,2019-07-12,46.700001,47.360001000000004,46.310001,47.049999,42.985690999999996,15200
9209,2019-07-15,46.91,47.360001000000004,46.57,46.990002000000004,42.930882000000004,17200
9210,2019-07-16,46.970001,47.32,46.07,46.59,42.56543,26200
9211,2019-07-17,46.389998999999996,46.540001000000004,45.849998,46.040001000000004,42.062946000000004,11300
9212,2019-07-18,45.77,46.790001000000004,45.77,46.459998999999996,42.446659000000004,17200
9213,2019-07-19,46.900002,46.900002,45.549999,45.970001,41.998985,31100
9214,2019-07-22,45.759997999999996,46.599998,45.09,46.0,42.026398,30700
9215,2019-07-23,46.0,46.52,45.689999,46.0,42.026398,5800
9216,2019-07-24,46.16,46.490002000000004,45.810001,46.150002,42.163445,7400
9217,2019-07-25,45.939999,46.849998,45.84,45.84,41.880219,10900
9218,2019-07-26,46.759997999999996,46.759997999999996,46.02,46.259997999999996,42.263931,14900
9219,2019-07-29,46.540001000000004,46.790001000000004,45.189999,45.529999,41.596989,8400
9220,2019-07-30,45.209998999999996,46.740002000000004,45.209998999999996,46.380001,42.373577000000004,16500
9221,2019-07-31,46.389998999999996,46.959998999999996,46.209998999999996,46.34,42.337025,14000
9222,2019-08-01,45.939999,46.52,44.459998999999996,45.07,41.176731,26700
9223,2019-08-02,44.970001,46.32,44.700001,45.689999,41.743171999999994,19000
9224,2019-08-05,45.48,45.48,43.779999,44.560001,40.710789,36200
9225,2019-08-06,45.110001000000004,45.130001,43.77,44.009997999999996,40.208294,26800
9226,2019-08-07,43.5,44.169998,43.139998999999996,44.169998,40.354469,24900
9227,2019-08-08,44.009997999999996,44.75,43.59,44.18,40.363617,11600
9228,2019-08-09,44.48,44.57,43.77,43.919998,40.126064,10600
9229,2019-08-12,44.009997999999996,44.040001000000004,42.639998999999996,42.950001,39.239861,11000
9230,2019-08-13,42.919998,43.040001000000004,42.259997999999996,42.75,39.057137,24000
9231,2019-08-14,42.5,42.810001,41.48,41.900002,38.486729,26700
9232,2019-08-15,41.68,42.470001,41.5,42.220001,38.780663,11700
9233,2019-08-16,42.25,42.41,41.470001,41.959998999999996,38.541843,16300
9234,2019-08-19,41.950001,42.450001,41.950001,42.290001000000004,38.844952,4600
9235,2019-08-20,42.259997999999996,42.5,41.939999,42.119999,38.688808,10200
9236,2019-08-21,42.290001000000004,42.560001,42.189999,42.32,38.872513,7100
9237,2019-08-22,42.220001,43.869999,42.220001,43.389998999999996,39.855346999999995,12900
9238,2019-08-23,43.049999,43.639998999999996,42.189999,42.27,38.826591,11700
9239,2019-08-26,42.27,42.990002000000004,42.130001,42.16,38.725547999999996,15400
9240,2019-08-27,42.5,42.5,41.610001000000004,42.150002,38.716358,13100
9241,2019-08-28,42.07,42.950001,41.860001000000004,42.619999,39.148075,5900
9242,2019-08-29,43.130001,43.5,42.669998,43.009997999999996,39.506302000000005,8000
9243,2019-08-30,42.860001000000004,43.400002,42.16,42.400002,38.945999,10800
9244,2019-09-03,41.830002,42.84,41.52,42.110001000000004,38.679615000000005,10500
9245,2019-09-04,42.130001,43.48,42.130001,43.07,39.561413,26000
9246,2019-09-05,43.490002000000004,44.220001,43.400002,43.400002,39.864536,9100
9247,2019-09-06,43.450001,43.669998,43.009997999999996,43.639998999999996,40.084988,9100
9248,2019-09-09,44.049999,44.93,44.049999,44.400002,40.783073,13900
9249,2019-09-10,44.630001,46.009997999999996,44.09,45.950001,42.206802,16000
9250,2019-09-11,46.009997999999996,46.360001000000004,44.810001,45.130001,41.453602000000004,11500
9251,2019-09-12,45.110001000000004,46.220001,44.700001,46.220001,42.454811,15600
9252,2019-09-13,45.93,46.439999,45.16,45.16,41.698586,16900
9253,2019-09-16,46.0,46.09,45.200001,45.23,41.763218,35100
9254,2019-09-17,44.610001000000004,45.009997999999996,43.990002000000004,44.25,40.858334,25800
9255,2019-09-18,44.049999,44.220001,43.709998999999996,43.740002000000004,40.387423999999996,17400
9256,2019-09-19,43.799999,44.040001000000004,43.0,43.220001,39.907284000000004,18000
9257,2019-09-20,43.200001,43.490002000000004,42.93,43.360001000000004,40.036552,8500
9258,2019-09-23,43.09,43.990002000000004,43.09,43.990002000000004,40.618266999999996,7000
9259,2019-09-24,44.0,44.029999,43.509997999999996,43.990002000000004,40.618266999999996,14500
9260,2019-09-25,43.68,43.810001,43.029999,43.040001000000004,39.741081,11600
9261,2019-09-26,43.040001000000004,43.060001,42.610001000000004,42.900002,39.611813,14300
9262,2019-09-27,42.619999,43.169998,42.5,42.990002000000004,39.694912,7600
9263,2019-09-30,42.900002,43.389998999999996,42.900002,43.389998999999996,40.064254999999996,8000
9264,2019-10-01,43.310001,43.970001,42.380001,42.380001,39.13166,12600
9265,2019-10-02,42.380001,42.380001,41.599998,41.599998,38.411453,15100
9266,2019-10-03,41.540001000000004,41.73,41.099998,41.099998,37.949771999999996,25500
9267,2019-10-04,41.099998,41.200001,40.77,40.860001000000004,37.728172,26100
9268,2019-10-07,40.110001000000004,40.84,38.509997999999996,39.830002,36.777122,60900
9269,2019-10-08,39.439999,39.549999,38.52,39.5,36.472404,43200
9270,2019-10-09,39.369999,40.43,39.169998,40.259997999999996,37.174155999999996,33300
9271,2019-10-10,40.740002000000004,41.0,40.27,40.490002000000004,37.386524,14100
9272,2019-10-11,39.549999,40.080002,39.549999,39.91,37.069801,21400
9273,2019-10-14,39.900002,39.970001,38.759997999999996,39.970001,37.125534,27300
9274,2019-10-15,39.75,39.959998999999996,38.900002,39.060001,36.280285,14100
9275,2019-10-16,39.049999,39.049999,38.009997999999996,38.25,35.527931,22200
9276,2019-10-17,38.240002000000004,38.529999,38.240002000000004,38.400002,35.667255,11400
9277,2019-10-18,38.400002,38.669998,37.830002,37.970001,35.26786,15400
9278,2019-10-21,37.950001,38.25,37.740002000000004,38.0,35.295719,20400
9279,2019-10-22,38.290001000000004,38.610001000000004,38.189999,38.599998,35.853024,9300
9280,2019-10-23,38.450001,39.16,38.400002,38.950001,36.178112,6900
9281,2019-10-24,39.09,39.279999,38.029999,38.470001,35.732277,16000
9282,2019-10-25,38.299999,38.540001000000004,38.200001,38.299999,35.574379,14800
9283,2019-10-28,38.189999,38.529999,37.5,38.150002,35.435055,23000
9284,2019-10-29,38.040001000000004,38.82,38.040001000000004,38.560001,35.815868,18500
9285,2019-10-30,38.57,38.73,38.029999,38.029999,35.323582,12400
9286,2019-10-31,38.0,38.630001,37.799999,38.290001000000004,35.565086,23700
9287,2019-11-01,38.400002,39.009997999999996,38.400002,38.98,36.205978,9000
9288,2019-11-04,39.0,39.41,39.0,39.009997999999996,36.233849,18100
9289,2019-11-05,39.310001,40.5,39.240002000000004,40.0,37.153393,24000
9290,2019-11-06,40.009997999999996,40.470001,39.470001,39.68,36.856167,19600
9291,2019-11-07,40.009997999999996,40.299999,39.02,39.279999,36.484631,12500
9292,2019-11-08,39.380001,39.470001,38.849998,39.139998999999996,36.354595,8900
9293,2019-11-11,38.68,39.259997999999996,38.599998,39.119999,36.336009999999995,12400
9294,2019-11-12,39.349998,40.360001000000004,39.18,40.360001000000004,37.487778000000006,25200
9295,2019-11-13,40.360001000000004,41.23,40.360001000000004,41.209998999999996,38.277287,22800
9296,2019-11-14,41.0,41.0,39.560001,39.700001,37.165138,15500
9297,2019-11-15,39.830002,40.639998999999996,39.560001,39.599998,37.071526,14500
9298,2019-11-18,39.330002,39.66,39.040001000000004,39.459998999999996,36.940459999999995,18900
9299,2019-11-19,39.540001000000004,39.990002000000004,39.099998,39.990002000000004,37.436623,19000
9300,2019-11-20,40.009997999999996,40.299999,39.32,40.07,37.511513,9700
9301,2019-11-21,39.990002000000004,39.990002000000004,38.68,39.439999,36.921734,24700
9302,2019-11-22,39.59,40.450001,39.450001,40.240002000000004,37.670658,15900
9303,2019-11-25,40.080002,41.0,40.080002,40.66,38.063835,24200
9304,2019-11-26,40.68,40.849998,39.279999,39.5,36.977901,25300
9305,2019-11-27,39.5,39.970001,39.240002000000004,39.970001,37.4179,6600
9306,2019-11-29,40.130001,40.130001,39.790001000000004,39.98,37.427258,5500
9307,2019-12-02,39.990002000000004,40.34,39.759997999999996,39.759997999999996,37.221306,14100
9308,2019-12-03,39.139998999999996,39.450001,39.0,39.34,36.828121,9400
9309,2019-12-04,39.049999,40.0,39.049999,39.75,37.211948,16100
9310,2019-12-05,40.0,40.0,38.689999,38.700001,36.228984999999994,39400
9311,2019-12-06,38.75,39.09,38.189999,38.970001,36.48175,21200
9312,2019-12-09,38.790001000000004,39.48,38.790001000000004,39.220001,36.715786,11000
9313,2019-12-10,39.369999,39.529999,39.150002,39.330002,36.81876,8000
9314,2019-12-11,39.5,39.52,39.16,39.189999,36.687702,12700
9315,2019-12-12,39.349998,39.619999,39.240002000000004,39.619999,37.09024,11000
9316,2019-12-13,39.599998,39.939999,38.540001000000004,39.389998999999996,36.989765000000006,30900
9317,2019-12-16,39.619999,40.049999,39.349998,39.459998999999996,37.0555,27200
9318,2019-12-17,39.450001,40.400002,39.380001,40.150002,37.703465,24600
9319,2019-12-18,39.919998,40.209998999999996,38.68,39.470001,37.064899,55000
9320,2019-12-19,39.200001,40.400002,39.200001,39.23,36.839512,70100
9321,2019-12-20,39.450001,39.759997999999996,38.669998,39.599998,37.18697,27300
9322,2019-12-23,39.5,39.939999,39.200001,39.349998,36.952197999999996,15500
9323,2019-12-24,39.48,41.060001,39.48,40.02,37.581383,38700
9324,2019-12-26,40.130001,40.869999,40.07,40.849998,38.360794,12800
9325,2019-12-27,40.869999,41.560001,40.580002,40.68,38.201164,31900
9326,2019-12-30,40.68,40.919998,39.91,40.16,37.712845,30900
9327,2019-12-31,40.07,40.549999,39.639998999999996,40.299999,37.844311,15800
9328,2020-01-02,40.439999,40.77,40.060001,40.700001,38.21994,26500
9329,2020-01-03,41.049999,41.889998999999996,41.049999,41.75,39.205959,22100
9330,2020-01-06,41.98,42.98,41.950001,42.080002,39.51585,34200
9331,2020-01-07,42.080002,42.099998,40.759997999999996,41.299999,38.783379,53800
9332,2020-01-08,40.849998,41.139998999999996,40.330002,40.799999,38.313843,26900
9333,2020-01-09,40.93,41.209998999999996,40.459998999999996,41.130001,38.623740999999995,14700
9334,2020-01-10,41.130001,41.59,40.73,41.310001,38.792774,29100
9335,2020-01-13,41.380001,41.630001,41.009997999999996,41.400002,38.877285,24000
9336,2020-01-14,41.189999,41.299999,40.450001,41.02,38.804451,20700
9337,2020-01-15,41.150002,41.150002,40.650002,40.990002000000004,38.776066,8600
9338,2020-01-16,41.009997999999996,41.360001000000004,40.549999,40.779999,38.577412,16900
9339,2020-01-17,40.689999,40.900002,40.299999,40.880001,38.672009,23200
9340,2020-01-21,40.799999,41.209998999999996,40.540001000000004,41.0,38.785526000000004,16700
9341,2020-01-22,41.049999,41.189999,40.599998,40.599998,38.407127,59200
9342,2020-01-23,40.720001,41.330002,40.240002000000004,41.0,38.785526000000004,22800
9343,2020-01-24,40.970001,41.189999,40.400002,40.5,38.312534,23100
9344,2020-01-27,40.369999,40.369999,40.0,40.080002,37.915217999999996,25700
9345,2020-01-28,40.220001,40.459998999999996,39.759997999999996,40.459998999999996,38.274693,25200
9346,2020-01-29,40.299999,40.650002,40.009997999999996,40.5,38.312534,30000
9347,2020-01-30,39.970001,40.400002,38.5,38.75,36.657051,50400
9348,2020-01-31,38.900002,39.169998,38.0,38.540001000000004,36.458389000000004,26900
9349,2020-02-03,38.369999,38.369999,38.0,38.200001,36.136757,31500
9350,2020-02-04,38.200001,38.43,36.740002000000004,37.880001,35.834045,55200
9351,2020-02-05,38.040001000000004,39.150002,38.040001000000004,38.759997999999996,36.666512,29900
9352,2020-02-06,38.799999,38.799999,37.98,38.049999,35.994862,16800
9353,2020-02-07,38.0,38.189999,37.400002,38.029999,35.975933000000005,26500
9354,2020-02-10,37.959998999999996,37.970001,37.060001,37.419998,35.398884,48900
9355,2020-02-11,37.490002000000004,37.740002000000004,36.950001,37.18,35.171848,23800
9356,2020-02-12,37.25,37.689999,36.880001,37.139998999999996,35.134003,27300
9357,2020-02-13,36.869999,37.43,36.75,37.169998,35.162384,33800
9358,2020-02-14,36.970001,37.330002,35.810001,36.330002,34.571453000000005,56100
9359,2020-02-18,36.099998,36.57,35.790001000000004,36.049999,34.305004,32400
9360,2020-02-19,36.099998,36.959998999999996,36.099998,36.459998999999996,34.695156,41900
9361,2020-02-20,36.459998999999996,36.73,35.84,36.18,34.428707,38700
9362,2020-02-21,36.110001000000004,36.610001000000004,35.709998999999996,35.990002000000004,34.24791,41100
9363,2020-02-24,35.5,35.75,35.209998999999996,35.59,33.867271,28700
9364,2020-02-25,35.41,36.220001,34.200001,34.349998,32.687294,93100
9365,2020-02-26,34.439999,36.099998,33.720001,33.98,32.335205,99600
9366,2020-02-27,33.349998,33.5,32.139998999999996,32.98,31.383608000000002,90600
9367,2020-02-28,32.169998,35.779999,31.309998999999998,35.27,33.562759,122800
9368,2020-03-02,35.5,36.299999,34.150002,35.240002000000004,33.534209999999995,50400
9369,2020-03-03,35.509997999999996,35.540001000000004,33.75,35.18,33.477115999999995,39900
9370,2020-03-04,35.25,35.290001000000004,34.27,35.02,33.324863,34400
9371,2020-03-05,34.889998999999996,35.380001,34.529999,35.0,33.305832,23400
9372,2020-03-06,34.66,35.009997999999996,33.709998999999996,34.240002000000004,32.582615000000004,74500
9373,2020-03-09,29.200001,30.0,28.26,29.0,27.596258000000002,110500
9374,2020-03-10,29.9,32.049999,29.59,32.049999,30.498621000000004,61600
9375,2020-03-11,31.360001,31.49,29.0,29.700001,28.262375,80700
9376,2020-03-12,28.76,29.48,26.879998999999998,29.1,27.691414,86900
9377,2020-03-13,29.1,32.150002,28.290001,31.84,30.547577,76200
9378,2020-03-16,29.700001,30.370001000000002,28.57,29.34,28.149055,47100
9379,2020-03-17,29.299999,29.299999,27.5,27.51,26.393339,44500
9380,2020-03-18,26.76,27.309998999999998,24.9,25.99,24.935032,59800
9381,2020-03-19,26.0,27.42,25.52,26.290001,25.22286,44200
9382,2020-03-20,26.66,27.610001,24.83,25.620001000000002,24.580053,40500
9383,2020-03-23,25.629998999999998,25.639999,23.02,24.01,23.035406,48200
9384,2020-03-24,24.469998999999998,27.190001000000002,24.02,26.790001,25.702564000000002,45800
9385,2020-03-25,27.25,28.440001000000002,26.01,27.26,26.153484,39400
9386,2020-03-26,27.57,28.889999,27.57,28.25,27.1033,31300
9387,2020-03-27,27.030001000000002,27.5,26.07,26.200001,25.136513,28900
9388,2020-03-30,26.42,27.57,25.25,27.01,25.913632999999997,33000
9389,2020-03-31,27.23,28.459999,27.200001,27.639999,26.518063,38100
9390,2020-04-01,27.299999,27.85,24.610001,24.959999,23.946844,54900
9391,2020-04-02,25.1,27.530001000000002,25.0,26.950001,25.856068,53900
9392,2020-04-03,27.110001,28.57,26.91,27.92,26.786694,45600
9393,2020-04-06,27.969998999999998,28.99,27.5,28.27,27.122490000000003,21400
9394,2020-04-07,29.02,30.34,26.639999,27.309998999999998,26.201454000000002,30800
9395,2020-04-08,28.17,29.549999,27.4,29.15,27.966765999999996,27600
9396,2020-04-09,29.15,30.57,28.24,29.219998999999998,28.033928000000003,32500
9397,2020-04-13,29.52,30.0,28.65,29.049999,27.870822999999998,22700
9398,2020-04-14,28.620001000000002,29.08,26.559998999999998,28.459999,27.549446000000003,30600
9399,2020-04-15,27.65,28.0,26.549999,27.32,26.445921000000002,15900
9400,2020-04-16,27.549999,27.74,25.42,25.530001000000002,24.71319,27200
9401,2020-04-17,26.200001,27.040001,26.01,26.629998999999998,25.777994,41000
9402,2020-04-20,26.0,26.74,25.08,25.799999,24.974552,51700
9403,2020-04-21,25.059998999999998,26.040001,25.0,25.700001,24.877751999999997,25900
9404,2020-04-22,25.84,26.75,25.559998999999998,26.4,25.555355,43600
9405,2020-04-23,26.280001000000002,27.799999,26.110001,26.68,25.826399,40400
9406,2020-04-24,27.0,27.0,25.700001,26.02,25.187513,17100
9407,2020-04-27,26.01,26.01,25.07,25.41,24.597031,48400
9408,2020-04-28,25.35,26.5,25.219998999999998,25.82,24.99391,32200
9409,2020-04-29,26.99,28.559998999999998,26.530001000000002,28.059998999999998,27.162245000000002,49300
9410,2020-04-30,27.68,28.66,27.030001000000002,27.700001,26.813763,26500
9411,2020-05-01,27.940001000000002,27.940001000000002,26.0,26.219998999999998,25.381114999999998,22000
9412,2020-05-04,25.799999,26.84,25.58,26.43,25.584395999999998,28100
9413,2020-05-05,27.0,27.290001,25.1,25.280001000000002,24.471188,58600
9414,2020-05-06,25.6,25.6,24.530001000000002,24.780001000000002,23.987185999999998,31100
9415,2020-05-07,25.0,25.870001000000002,24.809998999999998,25.030001000000002,24.229189,41400
9416,2020-05-08,25.690001000000002,26.379998999999998,25.66,26.360001,25.516636,27100
9417,2020-05-11,26.129998999999998,27.0,26.0,27.0,26.136156,38400
9418,2020-05-12,27.0,27.940001000000002,26.129998999999998,27.0,26.136156,11900
9419,2020-05-13,27.129998999999998,27.129998999999998,25.040001,25.139999,24.33567,39000
9420,2020-05-14,25.1,25.370001000000002,24.370001000000002,25.1,24.444461999999998,34200
9421,2020-05-15,25.41,26.49,25.41,26.059998999999998,25.379385,16000
9422,2020-05-18,26.559998999999998,27.469998999999998,26.559998999999998,26.92,26.216927000000002,27500
9423,2020-05-19,27.02,27.02,26.5,26.73,26.031889000000003,14000
9424,2020-05-20,27.07,27.75,26.75,27.5,26.781779999999998,33500
9425,2020-05-21,27.879998999999998,28.030001000000002,27.17,27.440001000000002,26.723346999999997,36300
9426,2020-05-22,27.209999,27.549999,26.76,27.549999,26.830472999999998,17900
9427,2020-05-26,28.15,28.67,27.9,28.459999,27.716707,37400
9428,2020-05-27,28.889999,28.889999,27.99,28.0,27.268721000000003,28500
9429,2020-05-28,28.110001,28.49,27.75,28.360001,27.619318,24700
9430,2020-05-29,28.0,28.370001000000002,26.9,27.98,27.249240999999998,23800
9431,2020-06-01,27.77,28.48,27.77,28.18,27.444019,19600
9432,2020-06-02,27.93,28.68,27.93,28.52,27.775140999999998,13000
9433,2020-06-03,29.0,29.610001,28.74,29.26,28.495813000000002,14600
9434,2020-06-04,29.389999,29.77,28.98,29.299999,28.534767,25000
9435,2020-06-05,29.969998999999998,30.860001,29.65,30.66,29.859246999999996,37700
9436,2020-06-08,31.32,32.169998,31.32,31.809998999999998,30.979215999999997,26200
9437,2020-06-09,31.17,31.9,30.51,31.530001000000002,30.706528000000002,25300
9438,2020-06-10,31.129998999999998,31.190001000000002,30.02,30.1,29.313875,22500
9439,2020-06-11,28.84,29.18,27.950001,28.35,27.609581,42400
9440,2020-06-12,28.870001000000002,29.15,27.059998999999998,27.41,26.841831,46900
9441,2020-06-15,27.07,27.66,26.34,27.450001,26.881002000000002,30500
9442,2020-06-16,28.41,28.459999,27.6,27.65,27.076855,21100
9443,2020-06-17,27.91,27.91,27.0,27.26,26.694940999999996,16700
9444,2020-06-18,27.129998999999998,27.92,27.129998999999998,27.639999,27.067062,16700
9445,2020-06-19,28.030001000000002,28.030001000000002,27.07,27.299999,26.734109999999998,14200
9446,2020-06-22,26.83,27.469998999999998,26.469998999999998,27.219998999999998,26.655769,21200
9447,2020-06-23,27.370001000000002,27.73,27.030001000000002,27.040001,26.479502,8100
9448,2020-06-24,27.0,27.549999,26.52,27.190001000000002,26.626392,20100
9449,2020-06-25,27.02,28.0,26.809998999999998,27.639999,27.067062,25700
9450,2020-06-26,27.690001000000002,27.690001000000002,26.5,26.959999,26.401157,22900
9451,2020-06-29,27.16,28.219998999999998,27.040001,27.040001,26.479502,17900
9452,2020-06-30,27.15,27.950001,27.120001000000002,27.719998999999998,27.145405,19500
9453,2020-07-01,27.690001000000002,28.0,27.27,27.790001,27.213955,20900
9454,2020-07-02,27.85,29.75,27.85,28.799999,28.203018,45800
9455,2020-07-06,29.25,29.639999,28.440001000000002,29.469998999999998,28.859131,31800
9456,2020-07-07,29.25,29.68,28.690001000000002,29.030001000000002,28.428253,18600
9457,2020-07-08,28.799999,29.76,28.799999,29.27,28.663277,16500
9458,2020-07-09,29.389999,30.4,28.67,29.83,29.21167,45800
9459,2020-07-10,29.700001,30.709999,29.700001,30.43,29.799232,29500
9460,2020-07-13,30.42,30.42,29.82,30.23,29.603376,48900
9461,2020-07-14,29.9,30.959999,29.379998999999998,30.4,30.095396,37400
9462,2020-07-15,30.040001,31.540001,29.700001,30.07,29.768703000000002,55400
9463,2020-07-16,30.07,30.07,29.01,29.860001,29.560808,20300
9464,2020-07-17,29.959999,29.959999,29.200001,29.280001000000002,28.986620000000002,18800
9465,2020-07-20,29.379998999999998,29.57,28.51,28.530001000000002,28.244134999999996,14800
9466,2020-07-21,28.85,30.139999,28.700001,29.790001,29.491508000000003,43700
9467,2020-07-22,29.879998999999998,29.879998999999998,29.48,29.5,29.204414,13000
9468,2020-07-23,29.34,30.25,29.290001,29.68,29.382609999999996,20700
9469,2020-07-24,29.66,30.09,29.450001,29.75,29.451909999999998,10500
9470,2020-07-27,29.59,29.99,29.549999,29.889999,29.590506,15700
9471,2020-07-28,29.629998999999998,29.940001000000002,29.27,29.309998999999998,29.016316999999997,15700
9472,2020-07-29,29.790001,30.030001000000002,29.549999,29.690001000000002,29.392511,20900
9473,2020-07-30,29.5,29.83,28.700001,29.15,28.857922,19200
9474,2020-07-31,29.209999,29.49,29.09,29.110001,28.818321,15200
9475,2020-08-03,29.5,29.889999,29.290001,29.4,29.105417,13900
9476,2020-08-04,29.379998999999998,30.09,29.379998999999998,29.84,29.541008,31200
9477,2020-08-05,30.049999,30.42,29.870001000000002,30.24,29.936998,31700
9478,2020-08-06,30.41,30.549999,29.99,30.309998999999998,30.006297999999997,34400
9479,2020-08-07,30.309998999999998,31.610001,29.959999,31.459999,31.144772999999997,32600
9480,2020-08-10,31.49,32.860001000000004,31.33,32.860001000000004,32.53075,59100
9481,2020-08-11,33.380001,33.799999,31.93,32.09,31.768463,39600
9482,2020-08-12,32.299999,33.099998,32.299999,33.099998,32.768341,22200
9483,2020-08-13,32.830002,33.220001,32.52,32.790001000000004,32.461452,18000
9484,2020-08-14,32.48,32.880001,32.259997999999996,32.630001,32.403851,19700
9485,2020-08-17,32.439999,32.580002,32.009997999999996,32.360001000000004,32.135723,19800
9486,2020-08-18,32.150002,32.310001,31.43,31.690001000000002,31.470366,14800
9487,2020-08-19,31.68,32.459998999999996,31.67,31.99,31.768286,14600
9488,2020-08-20,31.5,31.67,31.42,31.6,31.380989000000003,16500
9489,2020-08-21,31.74,31.74,30.32,30.68,30.467365,23200
9490,2020-08-24,30.66,31.59,30.66,31.02,30.80501,27700
9491,2020-08-25,31.66,32.0,31.059998999999998,31.66,31.440572999999997,31300
9492,2020-08-26,31.709999,31.780001000000002,31.25,31.33,31.112862,22700
9493,2020-08-27,31.34,31.49,30.629998999999998,30.950001,30.735495,19900
9494,2020-08-28,30.9,31.58,30.77,31.379998999999998,31.162514,20900
9495,2020-08-31,31.5,31.5,30.219998999999998,30.26,30.050278000000002,35600
9496,2020-09-01,30.1,30.790001,30.0,30.74,30.526949,23600
9497,2020-09-02,30.74,30.74,29.030001000000002,29.09,28.888385999999997,52800
9498,2020-09-03,29.18,30.17,28.9,30.120001000000002,29.911246999999996,63000
9499,2020-09-04,30.07,30.719998999999998,29.860001,30.610001,30.397852,23500
9500,2020-09-08,30.49,30.6,29.73,30.16,29.95097,34200
9501,2020-09-09,30.219998999999998,30.549999,29.799999,30.33,30.119790999999996,13800
9502,2020-09-10,30.48,30.5,29.610001,29.65,29.444504,18300
9503,2020-09-11,29.65,29.9,29.120001000000002,29.290001,29.087,12300
9504,2020-09-14,29.15,29.700001,29.15,29.559998999999998,29.559998999999998,8000
9505,2020-09-15,29.309998999999998,29.99,29.309998999999998,29.74,29.74,32800
9506,2020-09-16,29.620001000000002,30.82,29.620001000000002,30.43,30.43,21900
9507,2020-09-17,30.25,30.690001000000002,30.07,30.25,30.25,12200
9508,2020-09-18,30.33,30.450001,29.58,29.959999,29.959999,32000
9509,2020-09-21,30.0,30.379998999999998,28.77,30.370001000000002,30.370001000000002,34600
9510,2020-09-22,30.280001000000002,30.34,28.940001000000002,29.16,29.16,22100
9511,2020-09-23,29.42,29.73,28.75,28.870001000000002,28.870001000000002,18600
9512,2020-09-24,28.68,29.41,28.68,29.1,29.1,14600
9513,2020-09-25,28.969998999999998,29.34,28.940001000000002,28.940001000000002,28.940001000000002,12200
9514,2020-09-28,29.389999,30.209999,29.389999,30.190001000000002,30.190001000000002,22800
