,Date,Open,High,Low,Close,Adj Close,Volume
0,1973-05-03,0.0,0.796875,0.773438,0.773438,0.160129,17600
1,1973-05-04,0.773438,0.773438,0.773438,0.773438,0.160129,0
2,1973-05-07,0.0,0.765625,0.757813,0.765625,0.15851099999999999,6400
3,1973-05-08,0.0,0.796875,0.78125,0.796875,0.164981,12800
4,1973-05-09,0.0,0.804688,0.804688,0.804688,0.166598,4800
5,1973-05-10,0.0,0.789063,0.789063,0.789063,0.163363,1600
6,1973-05-11,0.0,0.773438,0.765625,0.765625,0.15851099999999999,9600
7,1973-05-14,0.0,0.765625,0.765625,0.765625,0.15851099999999999,3200
8,1973-05-15,0.0,0.75,0.726563,0.726563,0.150424,11200
9,1973-05-16,0.0,0.734375,0.703125,0.703125,0.145571,12800
10,1973-05-17,0.0,0.703125,0.703125,0.703125,0.145571,3200
11,1973-05-18,0.0,0.6875,0.65625,0.671875,0.139102,16000
12,1973-05-21,0.0,0.65625,0.609375,0.609375,0.126162,20800
13,1973-05-22,0.0,0.632813,0.59375,0.632813,0.13101400000000002,38400
14,1973-05-23,0.0,0.632813,0.609375,0.609375,0.126162,16000
15,1973-05-24,0.0,0.601563,0.59375,0.59375,0.122927,9600
16,1973-05-25,0.0,0.640625,0.59375,0.640625,0.132632,16000
17,1973-05-29,0.0,0.640625,0.640625,0.640625,0.132632,1600
18,1973-05-30,0.0,0.625,0.625,0.625,0.129397,4800
19,1973-05-31,0.0,0.625,0.625,0.625,0.129397,12800
20,1973-06-01,0.0,0.632813,0.617188,0.617188,0.127779,4800
21,1973-06-04,0.0,0.617188,0.601563,0.617188,0.127779,16000
22,1973-06-05,0.0,0.609375,0.601563,0.601563,0.124544,4800
23,1973-06-06,0.0,0.601563,0.59375,0.59375,0.122927,11200
24,1973-06-07,0.0,0.609375,0.601563,0.601563,0.124544,11200
25,1973-06-08,0.0,0.609375,0.609375,0.609375,0.126162,6400
26,1973-06-11,0.0,0.609375,0.601563,0.609375,0.126162,4800
27,1973-06-12,0.0,0.609375,0.609375,0.609375,0.126162,1600
28,1973-06-13,0.609375,0.609375,0.609375,0.609375,0.126162,0
29,1973-06-14,0.0,0.609375,0.59375,0.59375,0.122927,24000
30,1973-06-15,0.0,0.59375,0.59375,0.59375,0.122927,4800
31,1973-06-18,0.0,0.59375,0.59375,0.59375,0.122927,1600
32,1973-06-19,0.59375,0.59375,0.59375,0.59375,0.122927,0
33,1973-06-20,0.0,0.585938,0.585938,0.585938,0.12130999999999999,3200
34,1973-06-21,0.0,0.601563,0.585938,0.585938,0.12130999999999999,8000
35,1973-06-22,0.585938,0.585938,0.585938,0.585938,0.12130999999999999,0
36,1973-06-25,0.0,0.59375,0.578125,0.578125,0.119692,6400
37,1973-06-26,0.0,0.578125,0.578125,0.578125,0.119692,3200
38,1973-06-27,0.0,0.570313,0.554688,0.554688,0.11484000000000001,14400
39,1973-06-28,0.0,0.5625,0.546875,0.546875,0.113222,20800
40,1973-06-29,0.0,0.546875,0.539063,0.539063,0.111605,3200
41,1973-07-02,0.539063,0.539063,0.539063,0.539063,0.111605,0
42,1973-07-03,0.0,0.554688,0.53125,0.554688,0.11484000000000001,17600
43,1973-07-05,0.0,0.546875,0.546875,0.546875,0.113222,1600
44,1973-07-06,0.546875,0.546875,0.546875,0.546875,0.113222,0
45,1973-07-09,0.0,0.53125,0.515625,0.515625,0.106752,9600
46,1973-07-10,0.0,0.507813,0.46875,0.46875,0.097048,22400
47,1973-07-11,0.0,0.554688,0.484375,0.554688,0.11484000000000001,52800
48,1973-07-12,0.0,0.578125,0.570313,0.578125,0.119692,4800
49,1973-07-13,0.0,0.578125,0.570313,0.578125,0.119692,6400
50,1973-07-16,0.578125,0.578125,0.578125,0.578125,0.119692,0
51,1973-07-17,0.0,0.578125,0.554688,0.554688,0.11484000000000001,12800
52,1973-07-18,0.0,0.554688,0.554688,0.554688,0.11484000000000001,1600
53,1973-07-19,0.0,0.617188,0.554688,0.609375,0.126162,20800
54,1973-07-20,0.0,0.640625,0.625,0.640625,0.132632,9600
55,1973-07-23,0.0,0.710938,0.65625,0.695313,0.143954,33600
56,1973-07-24,0.0,0.726563,0.703125,0.726563,0.150424,12800
57,1973-07-25,0.0,0.8125,0.742188,0.757813,0.156894,54400
58,1973-07-26,0.0,0.78125,0.765625,0.78125,0.161746,11200
59,1973-07-27,0.0,0.789063,0.789063,0.789063,0.163363,1600
60,1973-07-30,0.0,0.78125,0.75,0.75,0.155276,8000
61,1973-07-31,0.0,0.765625,0.75,0.75,0.155276,17600
62,1973-08-01,0.0,0.734375,0.703125,0.703125,0.145571,11200
63,1973-08-02,0.0,0.6875,0.6875,0.6875,0.142336,4800
64,1973-08-03,0.0,0.679688,0.648438,0.648438,0.134249,12800
65,1973-08-06,0.648438,0.648438,0.648438,0.648438,0.134249,0
66,1973-08-07,0.0,0.648438,0.648438,0.648438,0.134249,1600
67,1973-08-08,0.648438,0.648438,0.648438,0.648438,0.134249,0
68,1973-08-09,0.0,0.640625,0.640625,0.640625,0.132632,4800
69,1973-08-10,0.0,0.617188,0.617188,0.617188,0.127779,14400
70,1973-08-13,0.0,0.601563,0.601563,0.601563,0.124544,4800
71,1973-08-14,0.0,0.632813,0.617188,0.632813,0.13101400000000002,8000
72,1973-08-15,0.632813,0.632813,0.632813,0.632813,0.13101400000000002,0
73,1973-08-16,0.632813,0.632813,0.632813,0.632813,0.13101400000000002,0
74,1973-08-17,0.632813,0.632813,0.632813,0.632813,0.13101400000000002,0
75,1973-08-20,0.632813,0.632813,0.632813,0.632813,0.13101400000000002,0
76,1973-08-21,0.0,0.617188,0.609375,0.609375,0.126162,3200
77,1973-08-22,0.0,0.601563,0.601563,0.601563,0.124544,1600
78,1973-08-23,0.0,0.617188,0.617188,0.617188,0.127779,3200
79,1973-08-24,0.0,0.625,0.625,0.625,0.129397,1600
80,1973-08-27,0.625,0.625,0.625,0.625,0.129397,0
81,1973-08-28,0.0,0.617188,0.601563,0.617188,0.127779,9600
82,1973-08-29,0.0,0.617188,0.617188,0.617188,0.127779,1600
83,1973-08-30,0.0,0.609375,0.609375,0.609375,0.126162,1600
84,1973-08-31,0.0,0.609375,0.609375,0.609375,0.126162,8000
85,1973-09-04,0.609375,0.609375,0.609375,0.609375,0.126162,0
86,1973-09-05,0.609375,0.609375,0.609375,0.609375,0.126162,0
87,1973-09-06,0.0,0.625,0.625,0.625,0.129397,1600
88,1973-09-07,0.0,0.609375,0.609375,0.609375,0.126162,4800
89,1973-09-10,0.609375,0.609375,0.609375,0.609375,0.126162,0
90,1973-09-11,0.0,0.625,0.625,0.625,0.129397,3200
91,1973-09-12,0.0,0.609375,0.609375,0.609375,0.126162,3200
92,1973-09-13,0.609375,0.609375,0.609375,0.609375,0.126162,0
93,1973-09-14,0.609375,0.609375,0.609375,0.609375,0.126162,0
94,1973-09-17,0.0,0.625,0.609375,0.609375,0.126162,12800
95,1973-09-18,0.609375,0.609375,0.609375,0.609375,0.126162,0
96,1973-09-19,0.0,0.609375,0.609375,0.609375,0.126162,12800
97,1973-09-20,0.0,0.664063,0.632813,0.664063,0.137484,25600
98,1973-09-21,0.0,0.695313,0.648438,0.679688,0.140719,11200
99,1973-09-24,0.0,0.703125,0.664063,0.703125,0.145571,11200
100,1973-09-25,0.0,0.773438,0.726563,0.773438,0.160129,36800
101,1973-09-26,0.0,0.8125,0.78125,0.789063,0.163363,20800
102,1973-09-27,0.0,0.804688,0.773438,0.773438,0.160129,9600
103,1973-09-28,0.0,0.757813,0.75,0.75,0.155276,33600
104,1973-10-01,0.0,0.742188,0.742188,0.742188,0.153659,1600
105,1973-10-02,0.742188,0.742188,0.742188,0.742188,0.153659,0
106,1973-10-03,0.0,0.789063,0.75,0.78125,0.161746,22400
107,1973-10-04,0.0,0.796875,0.78125,0.78125,0.161746,28800
108,1973-10-05,0.78125,0.78125,0.78125,0.78125,0.161746,0
109,1973-10-08,0.0,0.765625,0.765625,0.765625,0.15851099999999999,1600
110,1973-10-09,0.0,0.765625,0.75,0.75,0.155276,20800
111,1973-10-10,0.0,0.75,0.75,0.75,0.155276,1600
112,1973-10-11,0.0,0.75,0.734375,0.742188,0.153659,14400
113,1973-10-12,0.0,0.75,0.75,0.75,0.155276,3200
114,1973-10-15,0.0,0.773438,0.765625,0.773438,0.160129,6400
115,1973-10-16,0.0,0.773438,0.742188,0.742188,0.153659,14400
116,1973-10-17,0.0,0.765625,0.742188,0.765625,0.15851099999999999,8000
117,1973-10-18,0.0,0.75,0.75,0.75,0.155276,4800
118,1973-10-19,0.75,0.75,0.75,0.75,0.155276,0
119,1973-10-22,0.0,0.734375,0.703125,0.71875,0.148806,20800
120,1973-10-23,0.0,0.726563,0.703125,0.710938,0.14718900000000001,8000
121,1973-10-24,0.0,0.71875,0.703125,0.71875,0.148806,3200
122,1973-10-25,0.0,0.75,0.734375,0.75,0.155276,19200
123,1973-10-26,0.0,0.734375,0.726563,0.726563,0.150424,6400
124,1973-10-29,0.0,0.75,0.710938,0.75,0.155276,22400
125,1973-10-30,0.0,0.734375,0.71875,0.71875,0.148806,6400
126,1973-10-31,0.71875,0.71875,0.71875,0.71875,0.148806,0
127,1973-11-01,0.0,0.703125,0.695313,0.695313,0.143954,4800
128,1973-11-02,0.0,0.6875,0.6875,0.6875,0.142336,3200
129,1973-11-05,0.0,0.671875,0.664063,0.664063,0.137484,6400
130,1973-11-06,0.0,0.65625,0.65625,0.65625,0.13586700000000002,11200
131,1973-11-07,0.0,0.65625,0.65625,0.65625,0.13586700000000002,3200
132,1973-11-08,0.0,0.65625,0.65625,0.65625,0.13586700000000002,4800
133,1973-11-09,0.0,0.640625,0.640625,0.640625,0.132632,3200
134,1973-11-12,0.0,0.632813,0.625,0.625,0.129397,16000
135,1973-11-13,0.625,0.625,0.625,0.625,0.129397,0
136,1973-11-14,0.0,0.632813,0.632813,0.632813,0.13101400000000002,1600
137,1973-11-15,0.0,0.640625,0.59375,0.59375,0.122927,11200
138,1973-11-16,0.0,0.609375,0.59375,0.609375,0.126162,6400
139,1973-11-19,0.0,0.59375,0.585938,0.59375,0.122927,8000
140,1973-11-20,0.0,0.585938,0.578125,0.585938,0.12130999999999999,12800
141,1973-11-21,0.0,0.585938,0.5625,0.578125,0.119692,9600
142,1973-11-23,0.0,0.5625,0.546875,0.546875,0.113222,11200
143,1973-11-26,0.0,0.523438,0.507813,0.507813,0.10513499999999999,11200
144,1973-11-27,0.0,0.53125,0.515625,0.515625,0.106752,9600
145,1973-11-28,0.0,0.539063,0.515625,0.539063,0.111605,19200
146,1973-11-29,0.0,0.539063,0.523438,0.523438,0.10837000000000001,9600
147,1973-11-30,0.0,0.507813,0.5,0.5,0.10351700000000001,11200
148,1973-12-03,0.0,0.492188,0.484375,0.484375,0.10028200000000001,3200
149,1973-12-04,0.0,0.476563,0.476563,0.476563,0.098665,8000
150,1973-12-05,0.476563,0.476563,0.476563,0.476563,0.098665,0
151,1973-12-06,0.0,0.46875,0.445313,0.445313,0.092195,11200
152,1973-12-07,0.0,0.460938,0.421875,0.460938,0.09543,260800
153,1973-12-10,0.0,0.484375,0.453125,0.453125,0.093813,41600
154,1973-12-11,0.0,0.46875,0.445313,0.445313,0.092195,17600
155,1973-12-12,0.0,0.4375,0.40625,0.40625,0.084108,30400
156,1973-12-13,0.0,0.429688,0.40625,0.414063,0.085725,22400
157,1973-12-14,0.0,0.4375,0.421875,0.4375,0.09057799999999999,16000
158,1973-12-17,0.0,0.4375,0.4375,0.4375,0.09057799999999999,4800
159,1973-12-18,0.0,0.429688,0.40625,0.40625,0.084108,38400
160,1973-12-19,0.0,0.445313,0.421875,0.445313,0.092195,32000
161,1973-12-20,0.0,0.4375,0.429688,0.429688,0.08896,17600
162,1973-12-21,0.0,0.445313,0.429688,0.445313,0.092195,11200
163,1973-12-24,0.0,0.445313,0.429688,0.4375,0.09057799999999999,24000
164,1973-12-26,0.0,0.453125,0.445313,0.453125,0.093813,11200
165,1973-12-27,0.0,0.453125,0.453125,0.453125,0.093813,1600
166,1973-12-28,0.0,0.453125,0.445313,0.445313,0.092195,11200
167,1973-12-31,0.0,0.5,0.460938,0.5,0.10351700000000001,59200
168,1974-01-02,0.0,0.507813,0.484375,0.507813,0.10513499999999999,8000
169,1974-01-03,0.0,0.539063,0.523438,0.539063,0.111605,43200
170,1974-01-04,0.0,0.554688,0.554688,0.554688,0.11484000000000001,1600
171,1974-01-07,0.554688,0.554688,0.554688,0.554688,0.11484000000000001,0
172,1974-01-08,0.554688,0.554688,0.554688,0.554688,0.11484000000000001,0
173,1974-01-09,0.554688,0.554688,0.554688,0.554688,0.11484000000000001,0
174,1974-01-10,0.0,0.539063,0.53125,0.53125,0.10998699999999999,4800
175,1974-01-11,0.53125,0.53125,0.53125,0.53125,0.10998699999999999,0
176,1974-01-14,0.0,0.546875,0.539063,0.539063,0.111605,6400
177,1974-01-15,0.0,0.53125,0.515625,0.53125,0.10998699999999999,14400
178,1974-01-16,0.0,0.523438,0.523438,0.523438,0.10837000000000001,1600
179,1974-01-17,0.0,0.515625,0.515625,0.515625,0.106752,19200
180,1974-01-18,0.0,0.507813,0.507813,0.507813,0.10513499999999999,14400
181,1974-01-21,0.507813,0.507813,0.507813,0.507813,0.10513499999999999,0
182,1974-01-22,0.0,0.523438,0.507813,0.507813,0.10513499999999999,3200
183,1974-01-23,0.507813,0.507813,0.507813,0.507813,0.10513499999999999,0
184,1974-01-24,0.0,0.523438,0.523438,0.523438,0.10837000000000001,4800
185,1974-01-25,0.0,0.523438,0.507813,0.523438,0.10837000000000001,11200
186,1974-01-28,0.0,0.546875,0.53125,0.546875,0.113222,24000
187,1974-01-29,0.0,0.539063,0.53125,0.53125,0.10998699999999999,6400
188,1974-01-30,0.0,0.53125,0.53125,0.53125,0.10998699999999999,1600
189,1974-01-31,0.0,0.546875,0.539063,0.546875,0.113222,8000
190,1974-02-01,0.0,0.539063,0.539063,0.539063,0.111605,3200
191,1974-02-04,0.0,0.523438,0.507813,0.507813,0.10513499999999999,6400
192,1974-02-05,0.0,0.5,0.5,0.5,0.10351700000000001,9600
193,1974-02-06,0.0,0.5,0.460938,0.46875,0.097048,30400
194,1974-02-07,0.0,0.46875,0.46875,0.46875,0.097048,9600
195,1974-02-08,0.0,0.476563,0.476563,0.476563,0.098665,6400
196,1974-02-11,0.0,0.46875,0.460938,0.460938,0.09543,28800
197,1974-02-12,0.460938,0.460938,0.460938,0.460938,0.09543,0
198,1974-02-13,0.460938,0.460938,0.460938,0.460938,0.09543,0
199,1974-02-14,0.0,0.453125,0.453125,0.453125,0.093813,1600
200,1974-02-15,0.453125,0.453125,0.453125,0.453125,0.093813,0
201,1974-02-19,0.0,0.492188,0.46875,0.492188,0.1019,9600
202,1974-02-20,0.0,0.484375,0.476563,0.484375,0.10028200000000001,8000
203,1974-02-21,0.0,0.5,0.5,0.5,0.10351700000000001,3200
204,1974-02-22,0.0,0.492188,0.476563,0.476563,0.098665,17600
205,1974-02-25,0.476563,0.476563,0.476563,0.476563,0.098665,0
206,1974-02-26,0.0,0.484375,0.476563,0.476563,0.098665,3200
207,1974-02-27,0.0,0.515625,0.484375,0.515625,0.106752,25600
208,1974-02-28,0.0,0.523438,0.515625,0.515625,0.106752,3200
209,1974-03-01,0.0,0.53125,0.523438,0.53125,0.10998699999999999,4800
210,1974-03-04,0.0,0.5625,0.554688,0.554688,0.11484000000000001,24000
211,1974-03-05,0.0,0.59375,0.585938,0.59375,0.122927,4800
212,1974-03-06,0.0,0.640625,0.601563,0.640625,0.132632,22400
213,1974-03-07,0.0,0.640625,0.625,0.640625,0.132632,12800
214,1974-03-08,0.0,0.664063,0.640625,0.65625,0.13586700000000002,17600
215,1974-03-11,0.0,0.6875,0.65625,0.65625,0.13586700000000002,20800
216,1974-03-12,0.0,0.671875,0.671875,0.671875,0.139102,4800
217,1974-03-13,0.0,0.664063,0.625,0.625,0.129397,36800
218,1974-03-14,0.0,0.609375,0.59375,0.601563,0.124544,16000
219,1974-03-15,0.0,0.59375,0.59375,0.59375,0.122927,1600
220,1974-03-18,0.59375,0.59375,0.59375,0.59375,0.122927,0
221,1974-03-19,0.0,0.59375,0.59375,0.59375,0.122927,3200
222,1974-03-20,0.59375,0.59375,0.59375,0.59375,0.122927,0
223,1974-03-21,0.0,0.609375,0.59375,0.59375,0.122927,20800
224,1974-03-22,0.59375,0.59375,0.59375,0.59375,0.122927,0
225,1974-03-25,0.0,0.59375,0.59375,0.59375,0.122927,1600
226,1974-03-26,0.0,0.59375,0.578125,0.578125,0.119692,6400
227,1974-03-27,0.578125,0.578125,0.578125,0.578125,0.119692,0
228,1974-03-28,0.0,0.578125,0.546875,0.546875,0.113222,14400
229,1974-03-29,0.0,0.53125,0.53125,0.53125,0.10998699999999999,3200
230,1974-04-01,0.0,0.53125,0.53125,0.53125,0.10998699999999999,8000
231,1974-04-02,0.0,0.523438,0.515625,0.515625,0.106752,12800
232,1974-04-03,0.0,0.523438,0.523438,0.523438,0.10837000000000001,6400
233,1974-04-04,0.0,0.523438,0.507813,0.507813,0.10513499999999999,4800
234,1974-04-05,0.0,0.515625,0.515625,0.515625,0.106752,1600
235,1974-04-08,0.0,0.523438,0.523438,0.523438,0.10837000000000001,6400
236,1974-04-09,0.0,0.523438,0.515625,0.515625,0.106752,6400
237,1974-04-10,0.515625,0.515625,0.515625,0.515625,0.106752,0
238,1974-04-11,0.0,0.515625,0.507813,0.507813,0.10513499999999999,3200
239,1974-04-15,0.0,0.507813,0.5,0.5,0.10351700000000001,3200
240,1974-04-16,0.0,0.507813,0.484375,0.484375,0.10028200000000001,16000
241,1974-04-17,0.0,0.484375,0.46875,0.46875,0.097048,9600
242,1974-04-18,0.0,0.476563,0.476563,0.476563,0.098665,1600
243,1974-04-19,0.0,0.5,0.484375,0.5,0.10351700000000001,27200
244,1974-04-22,0.0,0.484375,0.484375,0.484375,0.10028200000000001,1600
245,1974-04-23,0.0,0.492188,0.46875,0.46875,0.097048,8000
246,1974-04-24,0.0,0.46875,0.46875,0.46875,0.097048,17600
247,1974-04-25,0.0,0.453125,0.453125,0.453125,0.093813,1600
248,1974-04-26,0.453125,0.453125,0.453125,0.453125,0.093813,0
249,1974-04-29,0.0,0.46875,0.46875,0.46875,0.097048,1600
250,1974-04-30,0.46875,0.46875,0.46875,0.46875,0.097048,0
251,1974-05-01,0.0,0.476563,0.46875,0.476563,0.098665,4800
252,1974-05-02,0.0,0.53125,0.5,0.523438,0.10837000000000001,35200
253,1974-05-03,0.0,0.507813,0.507813,0.507813,0.10513499999999999,1600
254,1974-05-06,0.0,0.515625,0.507813,0.515625,0.106752,4800
255,1974-05-07,0.0,0.507813,0.5,0.5,0.10351700000000001,4800
256,1974-05-08,0.0,0.507813,0.507813,0.507813,0.10513499999999999,1600
257,1974-05-09,0.507813,0.507813,0.507813,0.507813,0.10513499999999999,0
258,1974-05-10,0.507813,0.507813,0.507813,0.507813,0.10513499999999999,0
259,1974-05-13,0.0,0.5,0.5,0.5,0.10351700000000001,4800
260,1974-05-14,0.5,0.5,0.5,0.5,0.10351700000000001,0
261,1974-05-15,0.0,0.5,0.484375,0.484375,0.10028200000000001,3200
262,1974-05-16,0.484375,0.484375,0.484375,0.484375,0.10028200000000001,0
263,1974-05-17,0.0,0.476563,0.476563,0.476563,0.098665,1600
264,1974-05-20,0.476563,0.476563,0.476563,0.476563,0.098665,0
265,1974-05-21,0.0,0.46875,0.445313,0.445313,0.092195,20800
266,1974-05-22,0.0,0.476563,0.453125,0.460938,0.09543,16000
267,1974-05-23,0.0,0.453125,0.453125,0.453125,0.093813,3200
268,1974-05-24,0.0,0.46875,0.46875,0.46875,0.097048,1600
269,1974-05-28,0.0,0.460938,0.453125,0.453125,0.093813,6400
270,1974-05-29,0.0,0.453125,0.453125,0.453125,0.093813,4800
271,1974-05-30,0.0,0.453125,0.453125,0.453125,0.093813,3200
272,1974-05-31,0.453125,0.453125,0.453125,0.453125,0.093813,0
273,1974-06-03,0.0,0.460938,0.460938,0.460938,0.09543,3200
274,1974-06-04,0.0,0.476563,0.460938,0.460938,0.09543,8000
275,1974-06-05,0.0,0.460938,0.453125,0.453125,0.093813,8000
276,1974-06-06,0.0,0.46875,0.46875,0.46875,0.097048,1600
277,1974-06-07,0.0,0.523438,0.46875,0.523438,0.10837000000000001,19200
278,1974-06-10,0.523438,0.523438,0.523438,0.523438,0.10837000000000001,0
279,1974-06-11,0.523438,0.523438,0.523438,0.523438,0.10837000000000001,0
280,1974-06-12,0.0,0.53125,0.53125,0.53125,0.10998699999999999,4800
281,1974-06-13,0.53125,0.53125,0.53125,0.53125,0.10998699999999999,0
282,1974-06-14,0.0,0.523438,0.523438,0.523438,0.10837000000000001,1600
283,1974-06-17,0.0,0.515625,0.515625,0.515625,0.106752,4800
284,1974-06-18,0.0,0.5,0.5,0.5,0.10351700000000001,1600
285,1974-06-19,0.5,0.5,0.5,0.5,0.10351700000000001,0
286,1974-06-20,0.0,0.5,0.5,0.5,0.10351700000000001,1600
287,1974-06-21,0.0,0.5,0.5,0.5,0.10351700000000001,12800
288,1974-06-24,0.0,0.5,0.5,0.5,0.10351700000000001,1600
289,1974-06-25,0.0,0.484375,0.476563,0.476563,0.098665,12800
290,1974-06-26,0.0,0.46875,0.460938,0.460938,0.09543,11200
291,1974-06-27,0.0,0.453125,0.453125,0.453125,0.093813,1600
292,1974-06-28,0.453125,0.453125,0.453125,0.453125,0.093813,0
293,1974-07-01,0.0,0.421875,0.40625,0.421875,0.08734299999999999,25600
294,1974-07-02,0.0,0.421875,0.421875,0.421875,0.08734299999999999,3200
295,1974-07-03,0.0,0.4375,0.429688,0.4375,0.09057799999999999,4800
296,1974-07-05,0.4375,0.4375,0.4375,0.4375,0.09057799999999999,0
297,1974-07-08,0.0,0.4375,0.421875,0.4375,0.09057799999999999,3200
298,1974-07-09,0.0,0.414063,0.414063,0.414063,0.085725,12800
299,1974-07-10,0.0,0.429688,0.421875,0.429688,0.08896,9600
300,1974-07-11,0.0,0.421875,0.421875,0.421875,0.08734299999999999,1600
301,1974-07-12,0.0,0.421875,0.421875,0.421875,0.08734299999999999,1600
302,1974-07-15,0.421875,0.421875,0.421875,0.421875,0.08734299999999999,0
303,1974-07-16,0.0,0.414063,0.390625,0.390625,0.080873,48000
304,1974-07-17,0.390625,0.390625,0.390625,0.390625,0.080873,0
305,1974-07-18,0.0,0.390625,0.390625,0.390625,0.080873,3200
306,1974-07-19,0.0,0.390625,0.375,0.390625,0.080873,12800
307,1974-07-22,0.0,0.382813,0.382813,0.382813,0.079256,4800
308,1974-07-23,0.382813,0.382813,0.382813,0.382813,0.079256,0
309,1974-07-24,0.382813,0.382813,0.382813,0.382813,0.079256,0
310,1974-07-25,0.0,0.414063,0.398438,0.414063,0.085725,11200
311,1974-07-26,0.414063,0.414063,0.414063,0.414063,0.085725,0
312,1974-07-29,0.414063,0.414063,0.414063,0.414063,0.085725,0
313,1974-07-30,0.0,0.398438,0.398438,0.398438,0.08249,1600
314,1974-07-31,0.0,0.398438,0.390625,0.398438,0.08249,9600
315,1974-08-01,0.0,0.398438,0.398438,0.398438,0.08249,1600
316,1974-08-02,0.0,0.398438,0.398438,0.398438,0.08249,9600
317,1974-08-05,0.398438,0.398438,0.398438,0.398438,0.08249,0
318,1974-08-06,0.0,0.382813,0.382813,0.382813,0.079256,4800
319,1974-08-07,0.0,0.398438,0.398438,0.398438,0.08249,1600
320,1974-08-08,0.0,0.414063,0.40625,0.414063,0.085725,16000
321,1974-08-09,0.414063,0.414063,0.414063,0.414063,0.085725,0
322,1974-08-12,0.0,0.429688,0.421875,0.421875,0.08734299999999999,9600
323,1974-08-13,0.0,0.414063,0.414063,0.414063,0.085725,1600
324,1974-08-14,0.0,0.40625,0.398438,0.398438,0.08249,4800
325,1974-08-15,0.0,0.382813,0.375,0.375,0.077638,27200
326,1974-08-16,0.375,0.375,0.375,0.375,0.077638,0
327,1974-08-19,0.0,0.359375,0.359375,0.359375,0.074403,1600
328,1974-08-20,0.0,0.351563,0.335938,0.335938,0.069551,14400
329,1974-08-21,0.0,0.335938,0.335938,0.335938,0.069551,19200
330,1974-08-22,0.335938,0.335938,0.335938,0.335938,0.069551,0
331,1974-08-23,0.335938,0.335938,0.335938,0.335938,0.069551,0
332,1974-08-26,0.0,0.328125,0.296875,0.296875,0.061463,8000
333,1974-08-27,0.0,0.289063,0.257813,0.273438,0.056611,30400
334,1974-08-28,0.0,0.304688,0.28125,0.289063,0.059846,38400
335,1974-08-29,0.0,0.289063,0.22656300000000001,0.22656300000000001,0.046906,57600
336,1974-08-30,0.0,0.296875,0.24218800000000001,0.296875,0.061463,25600
337,1974-09-03,0.0,0.289063,0.257813,0.273438,0.056611,19200
338,1974-09-04,0.0,0.257813,0.257813,0.257813,0.053376,8000
339,1974-09-05,0.0,0.265625,0.257813,0.257813,0.053376,8000
340,1974-09-06,0.0,0.289063,0.257813,0.28125,0.058228999999999996,30400
341,1974-09-09,0.0,0.265625,0.265625,0.265625,0.05499400000000001,4800
342,1974-09-10,0.0,0.265625,0.265625,0.265625,0.05499400000000001,8000
343,1974-09-11,0.265625,0.265625,0.265625,0.265625,0.05499400000000001,0
344,1974-09-12,0.0,0.265625,0.265625,0.265625,0.05499400000000001,8000
345,1974-09-13,0.0,0.265625,0.257813,0.257813,0.053376,17600
346,1974-09-16,0.0,0.25,0.25,0.25,0.051759000000000006,28800
347,1974-09-17,0.0,0.24218800000000001,0.24218800000000001,0.24218800000000001,0.050141000000000005,8000
348,1974-09-18,0.0,0.265625,0.24218800000000001,0.265625,0.05499400000000001,9600
349,1974-09-19,0.0,0.28125,0.273438,0.273438,0.056611,6400
350,1974-09-20,0.0,0.273438,0.273438,0.273438,0.056611,16000
351,1974-09-23,0.0,0.265625,0.257813,0.257813,0.053376,8000
352,1974-09-24,0.0,0.265625,0.25,0.265625,0.05499400000000001,4800
353,1974-09-25,0.265625,0.265625,0.265625,0.265625,0.05499400000000001,0
354,1974-09-26,0.0,0.257813,0.257813,0.257813,0.053376,1600
355,1974-09-27,0.0,0.25,0.24218800000000001,0.25,0.051759000000000006,8000
356,1974-09-30,0.25,0.25,0.25,0.25,0.051759000000000006,0
357,1974-10-01,0.0,0.24218800000000001,0.24218800000000001,0.24218800000000001,0.050141000000000005,1600
358,1974-10-02,0.0,0.24218800000000001,0.22656300000000001,0.22656300000000001,0.046906,54400
359,1974-10-03,0.0,0.25,0.24218800000000001,0.24218800000000001,0.050141000000000005,9600
360,1974-10-04,0.0,0.24218800000000001,0.24218800000000001,0.24218800000000001,0.050141000000000005,12800
361,1974-10-07,0.0,0.265625,0.25,0.265625,0.05499400000000001,3200
362,1974-10-08,0.265625,0.265625,0.265625,0.265625,0.05499400000000001,0
363,1974-10-09,0.0,0.265625,0.265625,0.265625,0.05499400000000001,1600
364,1974-10-10,0.0,0.265625,0.257813,0.257813,0.053376,76800
365,1974-10-11,0.0,0.265625,0.265625,0.265625,0.05499400000000001,1600
366,1974-10-14,0.0,0.273438,0.273438,0.273438,0.056611,1600
367,1974-10-15,0.0,0.273438,0.25,0.257813,0.053376,12800
368,1974-10-16,0.0,0.265625,0.257813,0.257813,0.053376,6400
369,1974-10-17,0.257813,0.257813,0.257813,0.257813,0.053376,0
370,1974-10-18,0.0,0.25,0.25,0.25,0.051759000000000006,3200
371,1974-10-21,0.0,0.25,0.25,0.25,0.051759000000000006,3200
372,1974-10-22,0.0,0.25,0.25,0.25,0.051759000000000006,3200
373,1974-10-23,0.25,0.25,0.25,0.25,0.051759000000000006,0
374,1974-10-24,0.25,0.25,0.25,0.25,0.051759000000000006,0
375,1974-10-25,0.0,0.265625,0.265625,0.265625,0.05499400000000001,4800
376,1974-10-28,0.265625,0.265625,0.265625,0.265625,0.05499400000000001,0
377,1974-10-29,0.0,0.257813,0.257813,0.257813,0.053376,3200
378,1974-10-30,0.0,0.265625,0.257813,0.265625,0.05499400000000001,8000
379,1974-10-31,0.265625,0.265625,0.265625,0.265625,0.05499400000000001,0
380,1974-11-01,0.0,0.257813,0.257813,0.257813,0.053376,20800
381,1974-11-04,0.257813,0.257813,0.257813,0.257813,0.053376,0
382,1974-11-05,0.0,0.257813,0.25,0.25,0.051759000000000006,11200
383,1974-11-06,0.0,0.28125,0.257813,0.28125,0.058228999999999996,30400
384,1974-11-07,0.0,0.304688,0.304688,0.304688,0.063081,1600
385,1974-11-08,0.0,0.335938,0.3125,0.320313,0.066316,28800
386,1974-11-11,0.0,0.328125,0.328125,0.328125,0.06793300000000001,8000
387,1974-11-12,0.0,0.3125,0.296875,0.296875,0.061463,4800
388,1974-11-13,0.0,0.289063,0.289063,0.289063,0.059846,4800
389,1974-11-14,0.0,0.296875,0.296875,0.296875,0.061463,4800
390,1974-11-15,0.296875,0.296875,0.296875,0.296875,0.061463,0
391,1974-11-18,0.0,0.28125,0.28125,0.28125,0.058228999999999996,1600
392,1974-11-19,0.0,0.296875,0.265625,0.265625,0.05499400000000001,14400
393,1974-11-20,0.0,0.257813,0.257813,0.257813,0.053376,1600
394,1974-11-21,0.257813,0.257813,0.257813,0.257813,0.053376,0
395,1974-11-22,0.0,0.273438,0.273438,0.273438,0.056611,1600
396,1974-11-25,0.0,0.273438,0.273438,0.273438,0.056611,1600
397,1974-11-26,0.0,0.257813,0.257813,0.257813,0.053376,3200
398,1974-11-27,0.0,0.257813,0.257813,0.257813,0.053376,1600
399,1974-11-29,0.0,0.273438,0.265625,0.273438,0.056611,6400
400,1974-12-02,0.0,0.257813,0.25,0.257813,0.053376,11200
401,1974-12-03,0.0,0.28125,0.257813,0.257813,0.053376,49600
402,1974-12-04,0.0,0.257813,0.25,0.25,0.051759000000000006,4800
403,1974-12-05,0.25,0.25,0.25,0.25,0.051759000000000006,0
404,1974-12-06,0.0,0.257813,0.25,0.25,0.051759000000000006,3200
405,1974-12-09,0.0,0.265625,0.25,0.265625,0.05499400000000001,4800
406,1974-12-10,0.0,0.28125,0.257813,0.257813,0.053376,14400
407,1974-12-11,0.0,0.273438,0.273438,0.273438,0.056611,4800
408,1974-12-12,0.0,0.273438,0.273438,0.273438,0.056611,1600
409,1974-12-13,0.0,0.28125,0.28125,0.28125,0.058228999999999996,4800
410,1974-12-16,0.0,0.273438,0.265625,0.265625,0.05499400000000001,8000
411,1974-12-17,0.0,0.273438,0.265625,0.273438,0.056611,6400
412,1974-12-18,0.0,0.273438,0.273438,0.273438,0.056611,6400
413,1974-12-19,0.0,0.289063,0.289063,0.289063,0.059846,1600
414,1974-12-20,0.0,0.273438,0.273438,0.273438,0.056611,8000
415,1974-12-23,0.0,0.289063,0.273438,0.273438,0.056611,25600
416,1974-12-24,0.0,0.28125,0.28125,0.28125,0.058228999999999996,3200
417,1974-12-26,0.0,0.273438,0.273438,0.273438,0.056611,4800
418,1974-12-27,0.0,0.28125,0.273438,0.273438,0.056611,17600
419,1974-12-30,0.0,0.3125,0.28125,0.296875,0.061463,16000
420,1974-12-31,0.0,0.3125,0.28125,0.3125,0.064698,46400
421,1975-01-02,0.0,0.351563,0.320313,0.335938,0.069551,33600
422,1975-01-03,0.0,0.335938,0.3125,0.328125,0.06793300000000001,32000
423,1975-01-06,0.0,0.320313,0.296875,0.296875,0.061463,68800
424,1975-01-07,0.0,0.3125,0.304688,0.3125,0.064698,25600
425,1975-01-08,0.0,0.3125,0.304688,0.304688,0.063081,38400
426,1975-01-09,0.0,0.3125,0.304688,0.3125,0.064698,36800
427,1975-01-10,0.0,0.3125,0.289063,0.289063,0.059846,6400
428,1975-01-13,0.0,0.3125,0.289063,0.3125,0.064698,30400
429,1975-01-14,0.0,0.3125,0.3125,0.3125,0.064698,11200
430,1975-01-15,0.0,0.320313,0.3125,0.320313,0.066316,70400
431,1975-01-16,0.0,0.320313,0.296875,0.296875,0.061463,14400
432,1975-01-17,0.0,0.3125,0.304688,0.3125,0.064698,11200
433,1975-01-20,0.0,0.304688,0.304688,0.304688,0.063081,8000
434,1975-01-21,0.0,0.3125,0.3125,0.3125,0.064698,4800
435,1975-01-22,0.3125,0.3125,0.3125,0.3125,0.064698,0
436,1975-01-23,0.0,0.3125,0.3125,0.3125,0.064698,6400
437,1975-01-24,0.0,0.3125,0.296875,0.3125,0.064698,20800
438,1975-01-27,0.0,0.320313,0.304688,0.320313,0.066316,80000
439,1975-01-28,0.0,0.3125,0.3125,0.3125,0.064698,56000
440,1975-01-29,0.0,0.351563,0.3125,0.351563,0.072786,246400
441,1975-01-30,0.0,0.375,0.34375,0.351563,0.072786,278400
442,1975-01-31,0.0,0.34375,0.328125,0.328125,0.06793300000000001,108800
443,1975-02-03,0.0,0.359375,0.328125,0.359375,0.074403,112000
444,1975-02-04,0.0,0.359375,0.328125,0.328125,0.06793300000000001,102400
445,1975-02-05,0.0,0.328125,0.3125,0.3125,0.064698,64000
446,1975-02-06,0.0,0.320313,0.296875,0.3125,0.064698,363200
447,1975-02-07,0.0,0.328125,0.320313,0.328125,0.06793300000000001,24000
448,1975-02-10,0.0,0.328125,0.304688,0.3125,0.064698,27200
449,1975-02-11,0.0,0.296875,0.289063,0.296875,0.061463,20800
450,1975-02-12,0.0,0.3125,0.304688,0.3125,0.064698,16000
451,1975-02-13,0.0,0.3125,0.296875,0.296875,0.061463,30400
452,1975-02-14,0.0,0.359375,0.296875,0.359375,0.074403,348800
453,1975-02-18,0.0,0.40625,0.375,0.375,0.077638,136000
454,1975-02-19,0.0,0.375,0.351563,0.367188,0.076021,56000
455,1975-02-20,0.0,0.367188,0.34375,0.367188,0.076021,25600
456,1975-02-21,0.0,0.382813,0.367188,0.367188,0.076021,100800
457,1975-02-24,0.0,0.367188,0.34375,0.34375,0.071168,8000
458,1975-02-25,0.0,0.351563,0.34375,0.34375,0.071168,12800
459,1975-02-26,0.0,0.34375,0.328125,0.328125,0.06793300000000001,11200
460,1975-02-27,0.0,0.335938,0.328125,0.328125,0.06793300000000001,17600
461,1975-02-28,0.0,0.335938,0.335938,0.335938,0.069551,28800
462,1975-03-03,0.0,0.359375,0.34375,0.34375,0.071168,20800
463,1975-03-04,0.0,0.351563,0.328125,0.328125,0.06793300000000001,20800
464,1975-03-05,0.0,0.34375,0.320313,0.328125,0.06793300000000001,32000
465,1975-03-06,0.0,0.351563,0.328125,0.351563,0.072786,14400
466,1975-03-07,0.0,0.398438,0.351563,0.398438,0.08249,153600
467,1975-03-10,0.0,0.390625,0.375,0.375,0.077638,62400
468,1975-03-11,0.0,0.390625,0.351563,0.351563,0.072786,73600
469,1975-03-12,0.0,0.375,0.351563,0.375,0.077638,44800
470,1975-03-13,0.0,0.382813,0.375,0.375,0.077638,48000
471,1975-03-14,0.0,0.390625,0.375,0.390625,0.080873,52800
472,1975-03-17,0.0,0.40625,0.390625,0.40625,0.084108,57600
473,1975-03-18,0.0,0.40625,0.375,0.375,0.077638,57600
474,1975-03-19,0.0,0.367188,0.359375,0.359375,0.074403,27200
475,1975-03-20,0.0,0.367188,0.359375,0.359375,0.074403,12800
476,1975-03-21,0.0,0.359375,0.34375,0.34375,0.071168,12800
477,1975-03-24,0.0,0.351563,0.34375,0.34375,0.071168,17600
478,1975-03-25,0.0,0.359375,0.320313,0.34375,0.071168,100800
479,1975-03-26,0.0,0.351563,0.335938,0.335938,0.069551,28800
480,1975-03-27,0.0,0.351563,0.335938,0.335938,0.069551,30400
481,1975-03-31,0.0,0.359375,0.34375,0.34375,0.071168,25600
482,1975-04-01,0.0,0.359375,0.34375,0.351563,0.072786,14400
483,1975-04-02,0.0,0.34375,0.34375,0.34375,0.071168,4800
484,1975-04-03,0.0,0.34375,0.34375,0.34375,0.071168,12800
485,1975-04-04,0.0,0.351563,0.34375,0.351563,0.072786,20800
486,1975-04-07,0.0,0.34375,0.34375,0.34375,0.071168,1600
487,1975-04-08,0.34375,0.34375,0.34375,0.34375,0.071168,0
488,1975-04-09,0.0,0.34375,0.34375,0.34375,0.071168,19200
489,1975-04-10,0.0,0.34375,0.328125,0.328125,0.06793300000000001,16000
490,1975-04-11,0.328125,0.328125,0.328125,0.328125,0.06793300000000001,0
491,1975-04-14,0.0,0.335938,0.328125,0.328125,0.06793300000000001,19200
492,1975-04-15,0.0,0.335938,0.328125,0.335938,0.069551,4800
493,1975-04-16,0.0,0.34375,0.335938,0.335938,0.069551,11200
494,1975-04-17,0.0,0.351563,0.34375,0.34375,0.071168,24000
495,1975-04-18,0.0,0.359375,0.34375,0.34375,0.071168,46400
496,1975-04-21,0.0,0.351563,0.335938,0.335938,0.069551,60800
497,1975-04-22,0.0,0.351563,0.335938,0.335938,0.069551,25600
498,1975-04-23,0.0,0.34375,0.3125,0.320313,0.066316,88000
499,1975-04-24,0.0,0.335938,0.3125,0.335938,0.069551,20800
500,1975-04-25,0.335938,0.335938,0.335938,0.335938,0.069551,0
501,1975-04-28,0.0,0.328125,0.3125,0.3125,0.064698,25600
502,1975-04-29,0.0,0.3125,0.289063,0.296875,0.061463,65600
503,1975-04-30,0.0,0.296875,0.289063,0.296875,0.061463,17600
504,1975-05-01,0.0,0.304688,0.296875,0.296875,0.061463,17600
505,1975-05-02,0.0,0.3125,0.304688,0.304688,0.063081,17600
506,1975-05-05,0.0,0.320313,0.296875,0.320313,0.066316,43200
507,1975-05-06,0.0,0.335938,0.3125,0.328125,0.06793300000000001,68800
508,1975-05-07,0.0,0.328125,0.3125,0.3125,0.064698,24000
509,1975-05-08,0.0,0.328125,0.328125,0.328125,0.06793300000000001,6400
510,1975-05-09,0.0,0.328125,0.320313,0.328125,0.06793300000000001,20800
511,1975-05-12,0.0,0.34375,0.328125,0.328125,0.06793300000000001,43200
512,1975-05-13,0.0,0.335938,0.328125,0.328125,0.06793300000000001,4800
513,1975-05-14,0.0,0.351563,0.335938,0.351563,0.072786,27200
514,1975-05-15,0.0,0.367188,0.351563,0.351563,0.072786,48000
515,1975-05-16,0.0,0.359375,0.34375,0.351563,0.072786,6400
516,1975-05-19,0.0,0.351563,0.335938,0.34375,0.071168,20800
517,1975-05-20,0.34375,0.34375,0.34375,0.34375,0.071168,0
518,1975-05-21,0.0,0.328125,0.320313,0.320313,0.066316,8000
519,1975-05-22,0.0,0.335938,0.320313,0.320313,0.066316,9600
520,1975-05-23,0.320313,0.320313,0.320313,0.320313,0.066316,0
521,1975-05-27,0.0,0.328125,0.3125,0.3125,0.064698,11200
522,1975-05-28,0.0,0.320313,0.320313,0.320313,0.066316,11200
523,1975-05-29,0.0,0.320313,0.3125,0.3125,0.064698,41600
524,1975-05-30,0.0,0.3125,0.304688,0.304688,0.063081,12800
525,1975-06-02,0.0,0.304688,0.296875,0.296875,0.061463,60800
526,1975-06-03,0.0,0.3125,0.289063,0.3125,0.064698,198400
527,1975-06-04,0.0,0.328125,0.3125,0.3125,0.064698,32000
528,1975-06-05,0.0,0.3125,0.289063,0.3125,0.064698,38400
529,1975-06-06,0.0,0.3125,0.3125,0.3125,0.064698,8000
530,1975-06-09,0.0,0.320313,0.3125,0.320313,0.066316,43200
531,1975-06-10,0.0,0.328125,0.3125,0.328125,0.06793300000000001,40000
532,1975-06-11,0.328125,0.328125,0.328125,0.328125,0.06793300000000001,0
533,1975-06-12,0.0,0.3125,0.3125,0.3125,0.064698,12800
534,1975-06-13,0.0,0.3125,0.3125,0.3125,0.064698,9600
535,1975-06-16,0.0,0.320313,0.320313,0.320313,0.066316,8000
536,1975-06-17,0.0,0.328125,0.320313,0.320313,0.066316,30400
537,1975-06-18,0.0,0.328125,0.328125,0.328125,0.06793300000000001,1600
538,1975-06-19,0.0,0.328125,0.328125,0.328125,0.06793300000000001,3200
539,1975-06-20,0.0,0.335938,0.328125,0.328125,0.06793300000000001,6400
540,1975-06-23,0.0,0.351563,0.335938,0.34375,0.071168,32000
541,1975-06-24,0.0,0.367188,0.335938,0.351563,0.072786,51200
542,1975-06-25,0.0,0.351563,0.351563,0.351563,0.072786,9600
543,1975-06-26,0.0,0.351563,0.34375,0.34375,0.071168,9600
544,1975-06-27,0.0,0.34375,0.335938,0.335938,0.069551,3200
545,1975-06-30,0.0,0.351563,0.320313,0.351563,0.072786,48000
546,1975-07-01,0.0,0.351563,0.34375,0.34375,0.071168,20800
547,1975-07-02,0.0,0.351563,0.34375,0.351563,0.072786,11200
548,1975-07-03,0.0,0.351563,0.34375,0.34375,0.071168,30400
549,1975-07-07,0.0,0.34375,0.34375,0.34375,0.071168,4800
550,1975-07-08,0.0,0.359375,0.351563,0.359375,0.074403,4800
551,1975-07-09,0.0,0.367188,0.351563,0.359375,0.074403,105600
552,1975-07-10,0.0,0.375,0.367188,0.367188,0.076021,49600
553,1975-07-11,0.0,0.375,0.375,0.375,0.077638,44800
554,1975-07-14,0.0,0.390625,0.382813,0.382813,0.079256,41600
555,1975-07-15,0.0,0.40625,0.390625,0.40625,0.084108,140800
556,1975-07-16,0.0,0.421875,0.390625,0.390625,0.080873,60800
557,1975-07-17,0.0,0.398438,0.390625,0.398438,0.08249,12800
558,1975-07-18,0.0,0.398438,0.390625,0.398438,0.08249,9600
559,1975-07-21,0.0,0.398438,0.382813,0.382813,0.079256,11200
560,1975-07-22,0.0,0.382813,0.375,0.375,0.077638,16000
561,1975-07-23,0.0,0.375,0.359375,0.359375,0.074403,27200
562,1975-07-24,0.0,0.367188,0.359375,0.367188,0.076021,17600
563,1975-07-25,0.0,0.375,0.359375,0.359375,0.074403,6400
564,1975-07-28,0.0,0.359375,0.351563,0.351563,0.072786,44800
565,1975-07-29,0.0,0.359375,0.359375,0.359375,0.074403,1600
566,1975-07-30,0.0,0.351563,0.34375,0.34375,0.071168,73600
567,1975-07-31,0.0,0.34375,0.34375,0.34375,0.071168,9600
568,1975-08-01,0.0,0.351563,0.34375,0.34375,0.071168,33600
569,1975-08-04,0.0,0.34375,0.34375,0.34375,0.071168,12800
570,1975-08-05,0.0,0.34375,0.335938,0.335938,0.069551,35200
571,1975-08-06,0.0,0.335938,0.335938,0.335938,0.069551,35200
572,1975-08-07,0.0,0.335938,0.335938,0.335938,0.069551,1600
573,1975-08-08,0.0,0.335938,0.335938,0.335938,0.069551,20800
574,1975-08-11,0.0,0.335938,0.328125,0.328125,0.06793300000000001,48000
575,1975-08-12,0.328125,0.328125,0.328125,0.328125,0.06793300000000001,0
576,1975-08-13,0.0,0.328125,0.328125,0.328125,0.06793300000000001,12800
577,1975-08-14,0.0,0.328125,0.328125,0.328125,0.06793300000000001,28800
578,1975-08-15,0.0,0.3125,0.3125,0.3125,0.064698,11200
579,1975-08-18,0.3125,0.3125,0.3125,0.3125,0.064698,0
580,1975-08-19,0.0,0.3125,0.304688,0.304688,0.063081,11200
581,1975-08-20,0.0,0.296875,0.289063,0.296875,0.061463,9600
582,1975-08-21,0.0,0.289063,0.28125,0.28125,0.058228999999999996,67200
583,1975-08-22,0.0,0.273438,0.273438,0.273438,0.056611,6400
584,1975-08-25,0.0,0.28125,0.273438,0.28125,0.058228999999999996,16000
585,1975-08-26,0.0,0.28125,0.28125,0.28125,0.058228999999999996,1600
586,1975-08-27,0.0,0.28125,0.28125,0.28125,0.058228999999999996,6400
587,1975-08-28,0.0,0.28125,0.265625,0.28125,0.058228999999999996,8000
588,1975-08-29,0.0,0.296875,0.273438,0.273438,0.056611,30400
589,1975-09-02,0.0,0.273438,0.273438,0.273438,0.056611,17600
590,1975-09-03,0.0,0.28125,0.28125,0.28125,0.058228999999999996,3200
591,1975-09-04,0.0,0.289063,0.28125,0.289063,0.059846,6400
592,1975-09-05,0.0,0.296875,0.296875,0.296875,0.061463,3200
593,1975-09-08,0.296875,0.296875,0.296875,0.296875,0.061463,0
594,1975-09-09,0.0,0.289063,0.289063,0.289063,0.059846,3200
595,1975-09-10,0.0,0.28125,0.28125,0.28125,0.058228999999999996,14400
596,1975-09-11,0.28125,0.28125,0.28125,0.28125,0.058228999999999996,0
597,1975-09-12,0.0,0.265625,0.265625,0.265625,0.05499400000000001,17600
598,1975-09-15,0.0,0.265625,0.265625,0.265625,0.05499400000000001,6400
599,1975-09-16,0.265625,0.265625,0.265625,0.265625,0.05499400000000001,0
600,1975-09-17,0.0,0.257813,0.25,0.257813,0.053376,9600
601,1975-09-18,0.0,0.257813,0.25,0.25,0.051759000000000006,22400
602,1975-09-19,0.0,0.265625,0.265625,0.265625,0.05499400000000001,1600
603,1975-09-22,0.0,0.273438,0.273438,0.273438,0.056611,3200
604,1975-09-23,0.0,0.265625,0.257813,0.257813,0.053376,27200
605,1975-09-24,0.0,0.257813,0.257813,0.257813,0.053376,30400
606,1975-09-25,0.0,0.257813,0.257813,0.257813,0.053376,19200
607,1975-09-26,0.0,0.257813,0.25,0.257813,0.053376,38400
608,1975-09-29,0.0,0.257813,0.257813,0.257813,0.053376,1600
609,1975-09-30,0.0,0.257813,0.25,0.25,0.051759000000000006,6400
610,1975-10-01,0.0,0.24218800000000001,0.24218800000000001,0.24218800000000001,0.050141000000000005,30400
611,1975-10-02,0.0,0.24218800000000001,0.234375,0.24218800000000001,0.050141000000000005,9600
612,1975-10-03,0.0,0.25,0.24218800000000001,0.24218800000000001,0.050141000000000005,3200
613,1975-10-06,0.0,0.24218800000000001,0.24218800000000001,0.24218800000000001,0.050141000000000005,1600
614,1975-10-07,0.0,0.25,0.24218800000000001,0.24218800000000001,0.050141000000000005,6400
615,1975-10-08,0.0,0.24218800000000001,0.24218800000000001,0.24218800000000001,0.050141000000000005,1600
616,1975-10-09,0.24218800000000001,0.24218800000000001,0.24218800000000001,0.24218800000000001,0.050141000000000005,0
617,1975-10-10,0.0,0.24218800000000001,0.24218800000000001,0.24218800000000001,0.050141000000000005,1600
618,1975-10-13,0.24218800000000001,0.24218800000000001,0.24218800000000001,0.24218800000000001,0.050141000000000005,0
619,1975-10-14,0.0,0.24218800000000001,0.234375,0.234375,0.048524,3200
620,1975-10-15,0.0,0.24218800000000001,0.234375,0.234375,0.048524,22400
621,1975-10-16,0.0,0.234375,0.234375,0.234375,0.048524,14400
622,1975-10-17,0.0,0.234375,0.234375,0.234375,0.048524,3200
623,1975-10-20,0.0,0.24218800000000001,0.234375,0.234375,0.048524,6400
624,1975-10-21,0.234375,0.234375,0.234375,0.234375,0.048524,0
625,1975-10-22,0.0,0.24218800000000001,0.24218800000000001,0.24218800000000001,0.050141000000000005,12800
626,1975-10-23,0.0,0.24218800000000001,0.24218800000000001,0.24218800000000001,0.050141000000000005,22400
627,1975-10-24,0.0,0.24218800000000001,0.234375,0.234375,0.048524,11200
628,1975-10-27,0.0,0.24218800000000001,0.24218800000000001,0.24218800000000001,0.050141000000000005,6400
629,1975-10-28,0.0,0.24218800000000001,0.24218800000000001,0.24218800000000001,0.050141000000000005,9600
630,1975-10-29,0.0,0.24218800000000001,0.234375,0.234375,0.048524,19200
631,1975-10-30,0.0,0.24218800000000001,0.234375,0.24218800000000001,0.050141000000000005,8000
632,1975-10-31,0.0,0.234375,0.234375,0.234375,0.048524,4800
633,1975-11-03,0.0,0.24218800000000001,0.22656300000000001,0.234375,0.048524,24000
634,1975-11-04,0.0,0.22656300000000001,0.22656300000000001,0.22656300000000001,0.046906,1600
635,1975-11-05,0.0,0.234375,0.21875,0.21875,0.045288999999999996,19200
636,1975-11-06,0.0,0.22656300000000001,0.21875,0.21875,0.045288999999999996,19200
637,1975-11-07,0.0,0.22656300000000001,0.22656300000000001,0.22656300000000001,0.046906,8000
638,1975-11-10,0.0,0.21875,0.21875,0.21875,0.045288999999999996,6400
639,1975-11-11,0.0,0.22656300000000001,0.21875,0.21875,0.045288999999999996,8000
640,1975-11-12,0.0,0.22656300000000001,0.21875,0.22656300000000001,0.046906,22400
641,1975-11-13,0.22656300000000001,0.22656300000000001,0.22656300000000001,0.22656300000000001,0.046906,0
642,1975-11-14,0.0,0.22656300000000001,0.22656300000000001,0.22656300000000001,0.046906,8000
643,1975-11-17,0.0,0.22656300000000001,0.22656300000000001,0.22656300000000001,0.046906,1600
644,1975-11-18,0.22656300000000001,0.22656300000000001,0.22656300000000001,0.22656300000000001,0.046906,0
645,1975-11-19,0.0,0.22656300000000001,0.22656300000000001,0.22656300000000001,0.046906,4800
646,1975-11-20,0.0,0.21875,0.21875,0.21875,0.045288999999999996,12800
647,1975-11-21,0.0,0.22656300000000001,0.21093800000000001,0.21093800000000001,0.043670999999999995,9600
648,1975-11-24,0.0,0.21093800000000001,0.21093800000000001,0.21093800000000001,0.043670999999999995,8000
649,1975-11-25,0.21093800000000001,0.21093800000000001,0.21093800000000001,0.21093800000000001,0.043670999999999995,0
650,1975-11-26,0.0,0.22656300000000001,0.21093800000000001,0.22656300000000001,0.046906,12800
651,1975-11-28,0.0,0.22656300000000001,0.21875,0.22656300000000001,0.046906,3200
652,1975-12-01,0.0,0.22656300000000001,0.22656300000000001,0.22656300000000001,0.046906,4800
653,1975-12-02,0.0,0.22656300000000001,0.21875,0.21875,0.045288999999999996,11200
654,1975-12-03,0.0,0.21093800000000001,0.21093800000000001,0.21093800000000001,0.043670999999999995,4800
655,1975-12-04,0.0,0.21093800000000001,0.21093800000000001,0.21093800000000001,0.043670999999999995,4800
656,1975-12-05,0.0,0.21093800000000001,0.203125,0.203125,0.042054,16000
657,1975-12-08,0.0,0.203125,0.203125,0.203125,0.042054,4800
658,1975-12-09,0.0,0.21875,0.203125,0.203125,0.042054,14400
659,1975-12-10,0.0,0.203125,0.203125,0.203125,0.042054,22400
660,1975-12-11,0.0,0.203125,0.203125,0.203125,0.042054,11200
661,1975-12-12,0.0,0.21875,0.203125,0.203125,0.042054,28800
662,1975-12-15,0.0,0.203125,0.203125,0.203125,0.042054,38400
663,1975-12-16,0.0,0.21875,0.19531300000000001,0.19531300000000001,0.040437,20800
664,1975-12-17,0.0,0.203125,0.19531300000000001,0.203125,0.042054,11200
665,1975-12-18,0.0,0.203125,0.203125,0.203125,0.042054,8000
666,1975-12-19,0.0,0.203125,0.203125,0.203125,0.042054,12800
667,1975-12-22,0.0,0.203125,0.203125,0.203125,0.042054,8000
668,1975-12-23,0.0,0.203125,0.203125,0.203125,0.042054,12800
669,1975-12-24,0.0,0.203125,0.203125,0.203125,0.042054,16000
670,1975-12-26,0.0,0.21093800000000001,0.203125,0.203125,0.042054,22400
671,1975-12-29,0.0,0.21093800000000001,0.21093800000000001,0.21093800000000001,0.043670999999999995,12800
672,1975-12-30,0.0,0.21875,0.21093800000000001,0.21875,0.045288999999999996,33600
673,1975-12-31,0.0,0.24218800000000001,0.21093800000000001,0.24218800000000001,0.050141000000000005,46400
674,1976-01-02,0.0,0.234375,0.22656300000000001,0.22656300000000001,0.046906,8000
675,1976-01-05,0.0,0.234375,0.22656300000000001,0.234375,0.048524,14400
676,1976-01-06,0.0,0.234375,0.234375,0.234375,0.048524,4800
677,1976-01-07,0.0,0.234375,0.234375,0.234375,0.048524,1600
678,1976-01-08,0.0,0.22656300000000001,0.21875,0.21875,0.045288999999999996,16000
679,1976-01-09,0.0,0.21093800000000001,0.21093800000000001,0.21093800000000001,0.043670999999999995,41600
680,1976-01-12,0.0,0.21875,0.21093800000000001,0.21875,0.045288999999999996,73600
681,1976-01-13,0.0,0.24218800000000001,0.21875,0.22656300000000001,0.046906,99200
682,1976-01-14,0.0,0.25,0.234375,0.25,0.051759000000000006,25600
683,1976-01-15,0.0,0.257813,0.25,0.25,0.051759000000000006,27200
684,1976-01-16,0.0,0.265625,0.25,0.265625,0.05499400000000001,24000
685,1976-01-19,0.0,0.257813,0.257813,0.257813,0.053376,17600
686,1976-01-20,0.257813,0.257813,0.257813,0.257813,0.053376,0
687,1976-01-21,0.257813,0.257813,0.257813,0.257813,0.053376,0
688,1976-01-22,0.0,0.257813,0.257813,0.257813,0.053376,4800
689,1976-01-23,0.0,0.257813,0.25,0.25,0.051759000000000006,12800
690,1976-01-26,0.0,0.257813,0.25,0.25,0.051759000000000006,11200
691,1976-01-27,0.0,0.25,0.25,0.25,0.051759000000000006,3200
692,1976-01-28,0.0,0.25,0.25,0.25,0.051759000000000006,6400
693,1976-01-29,0.0,0.25,0.25,0.25,0.051759000000000006,3200
694,1976-01-30,0.0,0.28125,0.257813,0.273438,0.056611,52800
695,1976-02-02,0.0,0.273438,0.257813,0.265625,0.05499400000000001,64000
696,1976-02-03,0.0,0.265625,0.25,0.25,0.051759000000000006,11200
697,1976-02-04,0.0,0.28125,0.265625,0.265625,0.05499400000000001,62400
698,1976-02-05,0.0,0.273438,0.25,0.265625,0.05499400000000001,38400
699,1976-02-06,0.0,0.25,0.25,0.25,0.051759000000000006,36800
700,1976-02-09,0.0,0.265625,0.25,0.25,0.051759000000000006,36800
701,1976-02-10,0.0,0.25,0.25,0.25,0.051759000000000006,8000
702,1976-02-11,0.0,0.257813,0.257813,0.257813,0.053376,3200
703,1976-02-12,0.0,0.273438,0.257813,0.265625,0.05499400000000001,33600
704,1976-02-13,0.0,0.289063,0.265625,0.28125,0.058228999999999996,49600
705,1976-02-17,0.0,0.289063,0.289063,0.289063,0.059846,8000
706,1976-02-18,0.0,0.296875,0.289063,0.296875,0.061463,17600
707,1976-02-19,0.0,0.304688,0.296875,0.304688,0.063081,81600
708,1976-02-20,0.0,0.3125,0.296875,0.296875,0.061463,62400
709,1976-02-23,0.0,0.289063,0.289063,0.289063,0.059846,11200
710,1976-02-24,0.0,0.28125,0.28125,0.28125,0.058228999999999996,1600
711,1976-02-25,0.0,0.289063,0.28125,0.28125,0.058228999999999996,19200
712,1976-02-26,0.0,0.289063,0.28125,0.28125,0.058228999999999996,14400
713,1976-02-27,0.0,0.28125,0.273438,0.273438,0.056611,48000
714,1976-03-01,0.0,0.28125,0.265625,0.265625,0.05499400000000001,9600
715,1976-03-02,0.0,0.273438,0.273438,0.273438,0.056611,1600
716,1976-03-03,0.0,0.28125,0.273438,0.28125,0.058228999999999996,30400
717,1976-03-04,0.0,0.304688,0.289063,0.304688,0.063081,94400
718,1976-03-05,0.0,0.296875,0.296875,0.296875,0.061463,14400
719,1976-03-08,0.0,0.3125,0.296875,0.296875,0.061463,28800
720,1976-03-09,0.0,0.320313,0.289063,0.320313,0.066316,28800
721,1976-03-10,0.0,0.34375,0.335938,0.335938,0.069551,36800
722,1976-03-11,0.0,0.335938,0.320313,0.328125,0.06793300000000001,60800
723,1976-03-12,0.0,0.335938,0.328125,0.328125,0.06793300000000001,28800
724,1976-03-15,0.0,0.320313,0.3125,0.3125,0.064698,38400
725,1976-03-16,0.0,0.328125,0.320313,0.320313,0.066316,22400
726,1976-03-17,0.0,0.320313,0.320313,0.320313,0.066316,6400
727,1976-03-18,0.0,0.320313,0.320313,0.320313,0.066316,9600
728,1976-03-19,0.0,0.296875,0.289063,0.296875,0.061463,30400
729,1976-03-22,0.0,0.320313,0.304688,0.304688,0.063081,24000
730,1976-03-23,0.0,0.320313,0.304688,0.320313,0.066316,17600
731,1976-03-24,0.0,0.335938,0.320313,0.320313,0.066316,35200
732,1976-03-25,0.0,0.3125,0.3125,0.3125,0.064698,11200
733,1976-03-26,0.0,0.328125,0.320313,0.328125,0.06793300000000001,12800
734,1976-03-29,0.0,0.328125,0.328125,0.328125,0.06793300000000001,1600
735,1976-03-30,0.0,0.328125,0.328125,0.328125,0.06793300000000001,16000
736,1976-03-31,0.328125,0.328125,0.328125,0.328125,0.06793300000000001,0
737,1976-04-01,0.328125,0.328125,0.328125,0.328125,0.06793300000000001,0
738,1976-04-02,0.0,0.328125,0.328125,0.328125,0.06793300000000001,11200
739,1976-04-05,0.0,0.328125,0.320313,0.320313,0.066316,4800
740,1976-04-06,0.0,0.328125,0.328125,0.328125,0.06793300000000001,3200
741,1976-04-07,0.0,0.320313,0.3125,0.320313,0.066316,12800
742,1976-04-08,0.0,0.304688,0.304688,0.304688,0.063081,9600
743,1976-04-09,0.0,0.296875,0.296875,0.296875,0.061463,4800
744,1976-04-12,0.0,0.296875,0.296875,0.296875,0.061463,6400
745,1976-04-13,0.0,0.289063,0.289063,0.289063,0.059846,4800
746,1976-04-14,0.0,0.28125,0.28125,0.28125,0.058228999999999996,4800
747,1976-04-15,0.0,0.28125,0.28125,0.28125,0.058228999999999996,6400
748,1976-04-19,0.0,0.28125,0.28125,0.28125,0.058228999999999996,3200
749,1976-04-20,0.0,0.289063,0.289063,0.289063,0.059846,1600
750,1976-04-21,0.0,0.304688,0.296875,0.296875,0.061463,4800
751,1976-04-22,0.0,0.3125,0.296875,0.304688,0.063081,33600
752,1976-04-23,0.0,0.3125,0.3125,0.3125,0.064698,6400
753,1976-04-26,0.0,0.328125,0.328125,0.328125,0.06793300000000001,8000
754,1976-04-27,0.0,0.3125,0.3125,0.3125,0.064698,6400
755,1976-04-28,0.0,0.328125,0.3125,0.328125,0.06793300000000001,25600
756,1976-04-29,0.0,0.351563,0.320313,0.328125,0.06793300000000001,107200
757,1976-04-30,0.0,0.328125,0.320313,0.328125,0.06793300000000001,28800
758,1976-05-03,0.0,0.328125,0.3125,0.3125,0.064698,17600
759,1976-05-04,0.3125,0.3125,0.3125,0.3125,0.064698,0
760,1976-05-05,0.3125,0.3125,0.3125,0.3125,0.064698,0
761,1976-05-06,0.3125,0.3125,0.3125,0.3125,0.064698,0
762,1976-05-07,0.0,0.3125,0.304688,0.3125,0.064698,12800
763,1976-05-10,0.3125,0.3125,0.3125,0.3125,0.064698,0
764,1976-05-11,0.0,0.320313,0.3125,0.3125,0.064698,16000
765,1976-05-12,0.0,0.328125,0.320313,0.328125,0.06793300000000001,3200
766,1976-05-13,0.328125,0.328125,0.328125,0.328125,0.06793300000000001,0
767,1976-05-14,0.0,0.320313,0.3125,0.320313,0.066316,17600
768,1976-05-17,0.0,0.3125,0.3125,0.3125,0.064698,4800
769,1976-05-18,0.0,0.3125,0.3125,0.3125,0.064698,12800
770,1976-05-19,0.0,0.304688,0.304688,0.304688,0.063081,28800
771,1976-05-20,0.0,0.304688,0.296875,0.296875,0.061463,4800
772,1976-05-21,0.296875,0.296875,0.296875,0.296875,0.061463,0
773,1976-05-24,0.0,0.296875,0.296875,0.296875,0.061463,1600
774,1976-05-25,0.0,0.296875,0.296875,0.296875,0.061463,8000
775,1976-05-26,0.0,0.296875,0.296875,0.296875,0.061463,1600
776,1976-05-27,0.0,0.289063,0.289063,0.289063,0.059846,3200
777,1976-05-28,0.0,0.289063,0.289063,0.289063,0.059846,1600
778,1976-06-01,0.0,0.289063,0.289063,0.289063,0.059846,1600
779,1976-06-02,0.289063,0.289063,0.289063,0.289063,0.059846,0
780,1976-06-03,0.0,0.289063,0.289063,0.289063,0.059846,1600
781,1976-06-04,0.289063,0.289063,0.289063,0.289063,0.059846,0
782,1976-06-07,0.0,0.289063,0.289063,0.289063,0.059846,1600
783,1976-06-08,0.0,0.289063,0.289063,0.289063,0.059846,16000
784,1976-06-09,0.0,0.28125,0.28125,0.28125,0.058228999999999996,8000
785,1976-06-10,0.0,0.296875,0.296875,0.296875,0.061463,16000
786,1976-06-11,0.0,0.289063,0.289063,0.289063,0.059846,4800
787,1976-06-14,0.0,0.289063,0.289063,0.289063,0.059846,11200
788,1976-06-15,0.0,0.289063,0.28125,0.28125,0.058228999999999996,9600
789,1976-06-16,0.0,0.289063,0.289063,0.289063,0.059846,3200
790,1976-06-17,0.0,0.296875,0.289063,0.289063,0.059846,14400
791,1976-06-18,0.289063,0.289063,0.289063,0.289063,0.059846,0
792,1976-06-21,0.0,0.289063,0.289063,0.289063,0.059846,11200
793,1976-06-22,0.289063,0.289063,0.289063,0.289063,0.059846,0
794,1976-06-23,0.0,0.289063,0.28125,0.28125,0.058228999999999996,8000
795,1976-06-24,0.0,0.28125,0.28125,0.28125,0.058228999999999996,8000
796,1976-06-25,0.0,0.289063,0.28125,0.289063,0.059846,4800
797,1976-06-28,0.0,0.296875,0.289063,0.289063,0.059846,6400
798,1976-06-29,0.0,0.296875,0.296875,0.296875,0.061463,3200
799,1976-06-30,0.0,0.289063,0.289063,0.289063,0.059846,14400
800,1976-07-01,0.0,0.289063,0.289063,0.289063,0.059846,8000
801,1976-07-02,0.0,0.296875,0.28125,0.28125,0.058228999999999996,27200
802,1976-07-06,0.0,0.296875,0.296875,0.296875,0.061463,1600
803,1976-07-07,0.296875,0.296875,0.296875,0.296875,0.061463,0
804,1976-07-08,0.296875,0.296875,0.296875,0.296875,0.061463,0
805,1976-07-09,0.0,0.296875,0.289063,0.289063,0.059846,4800
806,1976-07-12,0.0,0.289063,0.289063,0.289063,0.059846,4800
807,1976-07-13,0.0,0.289063,0.289063,0.289063,0.059846,16000
808,1976-07-14,0.289063,0.289063,0.289063,0.289063,0.059846,0
809,1976-07-15,0.0,0.296875,0.296875,0.296875,0.061463,4800
810,1976-07-16,0.0,0.296875,0.296875,0.296875,0.061463,16000
811,1976-07-19,0.296875,0.296875,0.296875,0.296875,0.061463,0
812,1976-07-20,0.296875,0.296875,0.296875,0.296875,0.061463,0
813,1976-07-21,0.0,0.296875,0.296875,0.296875,0.061463,9600
814,1976-07-22,0.0,0.296875,0.296875,0.296875,0.061463,1600
815,1976-07-23,0.296875,0.296875,0.296875,0.296875,0.061463,0
816,1976-07-26,0.0,0.296875,0.296875,0.296875,0.061463,1600
817,1976-07-27,0.296875,0.296875,0.296875,0.296875,0.061463,0
818,1976-07-28,0.0,0.328125,0.304688,0.328125,0.06793300000000001,22400
819,1976-07-29,0.0,0.34375,0.328125,0.34375,0.071168,32000
820,1976-07-30,0.0,0.328125,0.320313,0.328125,0.06793300000000001,19200
821,1976-08-02,0.328125,0.328125,0.328125,0.328125,0.06793300000000001,0
822,1976-08-03,0.0,0.320313,0.320313,0.320313,0.066316,6400
823,1976-08-04,0.320313,0.320313,0.320313,0.320313,0.066316,0
824,1976-08-05,0.0,0.3125,0.3125,0.3125,0.064698,3200
825,1976-08-06,0.0,0.3125,0.3125,0.3125,0.064698,6400
826,1976-08-09,0.0,0.320313,0.320313,0.320313,0.066316,1600
827,1976-08-10,0.0,0.3125,0.3125,0.3125,0.064698,6400
828,1976-08-11,0.0,0.320313,0.320313,0.320313,0.066316,9600
829,1976-08-12,0.320313,0.320313,0.320313,0.320313,0.066316,0
830,1976-08-13,0.0,0.3125,0.3125,0.3125,0.064698,1600
831,1976-08-16,0.0,0.3125,0.3125,0.3125,0.064698,6400
832,1976-08-17,0.3125,0.3125,0.3125,0.3125,0.064698,0
833,1976-08-18,0.0,0.3125,0.304688,0.304688,0.063081,9600
834,1976-08-19,0.0,0.304688,0.304688,0.304688,0.063081,6400
835,1976-08-20,0.0,0.304688,0.304688,0.304688,0.063081,1600
836,1976-08-23,0.304688,0.304688,0.304688,0.304688,0.063081,0
837,1976-08-24,0.0,0.304688,0.296875,0.296875,0.061463,16000
838,1976-08-25,0.0,0.296875,0.296875,0.296875,0.061463,8000
839,1976-08-26,0.296875,0.296875,0.296875,0.296875,0.061463,0
840,1976-08-27,0.0,0.3125,0.3125,0.3125,0.064698,3200
841,1976-08-30,0.0,0.3125,0.3125,0.3125,0.064698,1600
842,1976-08-31,0.0,0.320313,0.3125,0.3125,0.064698,6400
843,1976-09-01,0.0,0.320313,0.296875,0.304688,0.063081,48000
844,1976-09-02,0.304688,0.304688,0.304688,0.304688,0.063081,0
845,1976-09-03,0.304688,0.304688,0.304688,0.304688,0.063081,0
846,1976-09-07,0.0,0.3125,0.3125,0.3125,0.064698,1600
847,1976-09-08,0.0,0.3125,0.3125,0.3125,0.064698,1600
848,1976-09-09,0.0,0.296875,0.296875,0.296875,0.061463,1600
849,1976-09-10,0.296875,0.296875,0.296875,0.296875,0.061463,0
850,1976-09-13,0.0,0.296875,0.296875,0.296875,0.061463,6400
851,1976-09-14,0.0,0.296875,0.296875,0.296875,0.061463,4800
852,1976-09-15,0.0,0.3125,0.296875,0.304688,0.063081,19200
853,1976-09-16,0.304688,0.304688,0.304688,0.304688,0.063081,0
854,1976-09-17,0.0,0.289063,0.289063,0.289063,0.059846,48000
855,1976-09-20,0.0,0.296875,0.289063,0.296875,0.061463,4800
856,1976-09-21,0.0,0.3125,0.296875,0.3125,0.064698,19200
857,1976-09-22,0.3125,0.3125,0.3125,0.3125,0.064698,0
858,1976-09-23,0.0,0.296875,0.289063,0.289063,0.059846,9600
859,1976-09-24,0.0,0.296875,0.296875,0.296875,0.061463,3200
860,1976-09-27,0.0,0.296875,0.296875,0.296875,0.061463,4800
861,1976-09-28,0.0,0.296875,0.296875,0.296875,0.061463,11200
862,1976-09-29,0.296875,0.296875,0.296875,0.296875,0.061463,0
863,1976-09-30,0.296875,0.296875,0.296875,0.296875,0.061463,0
864,1976-10-01,0.0,0.296875,0.296875,0.296875,0.061463,4800
865,1976-10-04,0.296875,0.296875,0.296875,0.296875,0.061463,0
866,1976-10-05,0.0,0.289063,0.289063,0.289063,0.059846,3200
867,1976-10-06,0.0,0.296875,0.296875,0.296875,0.061463,6400
868,1976-10-07,0.0,0.289063,0.289063,0.289063,0.059846,1600
869,1976-10-08,0.0,0.28125,0.28125,0.28125,0.058228999999999996,6400
870,1976-10-11,0.0,0.28125,0.28125,0.28125,0.058228999999999996,6400
871,1976-10-12,0.0,0.28125,0.28125,0.28125,0.058228999999999996,1600
872,1976-10-13,0.0,0.28125,0.28125,0.28125,0.058228999999999996,1600
873,1976-10-14,0.0,0.28125,0.28125,0.28125,0.058228999999999996,16000
874,1976-10-15,0.28125,0.28125,0.28125,0.28125,0.058228999999999996,0
875,1976-10-18,0.28125,0.28125,0.28125,0.28125,0.058228999999999996,0
876,1976-10-19,0.28125,0.28125,0.28125,0.28125,0.058228999999999996,0
877,1976-10-20,0.28125,0.28125,0.28125,0.28125,0.058228999999999996,0
878,1976-10-21,0.28125,0.28125,0.28125,0.28125,0.058228999999999996,0
879,1976-10-22,0.28125,0.28125,0.28125,0.28125,0.058228999999999996,0
880,1976-10-25,0.0,0.289063,0.28125,0.28125,0.058228999999999996,4800
881,1976-10-26,0.0,0.28125,0.273438,0.273438,0.056611,19200
882,1976-10-27,0.273438,0.273438,0.273438,0.273438,0.056611,0
883,1976-10-28,0.0,0.273438,0.273438,0.273438,0.056611,1600
884,1976-10-29,0.0,0.28125,0.273438,0.28125,0.058228999999999996,14400
885,1976-11-01,0.0,0.28125,0.273438,0.28125,0.058228999999999996,8000
886,1976-11-03,0.28125,0.28125,0.28125,0.28125,0.058228999999999996,0
887,1976-11-04,0.0,0.296875,0.289063,0.296875,0.061463,3200
888,1976-11-05,0.0,0.289063,0.289063,0.289063,0.059846,16000
889,1976-11-08,0.0,0.289063,0.28125,0.28125,0.058228999999999996,14400
890,1976-11-09,0.0,0.28125,0.28125,0.28125,0.058228999999999996,8000
891,1976-11-10,0.0,0.28125,0.28125,0.28125,0.058228999999999996,28800
892,1976-11-11,0.0,0.28125,0.273438,0.28125,0.058228999999999996,25600
893,1976-11-12,0.0,0.28125,0.28125,0.28125,0.058228999999999996,16000
894,1976-11-15,0.0,0.289063,0.28125,0.28125,0.058228999999999996,16000
895,1976-11-16,0.0,0.273438,0.273438,0.273438,0.056611,12800
896,1976-11-17,0.0,0.304688,0.273438,0.296875,0.061463,33600
897,1976-11-18,0.0,0.304688,0.304688,0.304688,0.063081,4800
898,1976-11-19,0.0,0.304688,0.304688,0.304688,0.063081,8000
899,1976-11-22,0.0,0.304688,0.296875,0.304688,0.063081,20800
900,1976-11-23,0.0,0.304688,0.304688,0.304688,0.063081,8000
901,1976-11-24,0.0,0.328125,0.304688,0.3125,0.064698,60800
902,1976-11-26,0.3125,0.3125,0.3125,0.3125,0.064698,0
903,1976-11-29,0.0,0.328125,0.3125,0.3125,0.064698,44800
904,1976-11-30,0.0,0.304688,0.296875,0.296875,0.061463,3200
905,1976-12-01,0.296875,0.296875,0.296875,0.296875,0.061463,0
906,1976-12-02,0.0,0.296875,0.296875,0.296875,0.061463,3200
907,1976-12-03,0.0,0.289063,0.289063,0.289063,0.059846,1600
908,1976-12-06,0.0,0.289063,0.289063,0.289063,0.059846,3200
909,1976-12-07,0.0,0.289063,0.289063,0.289063,0.059846,9600
910,1976-12-08,0.289063,0.289063,0.289063,0.289063,0.059846,0
911,1976-12-09,0.0,0.296875,0.289063,0.296875,0.061463,11200
912,1976-12-10,0.0,0.304688,0.296875,0.296875,0.061463,9600
913,1976-12-13,0.0,0.335938,0.304688,0.335938,0.069551,67200
914,1976-12-14,0.0,0.34375,0.328125,0.34375,0.071168,22400
915,1976-12-15,0.0,0.34375,0.320313,0.34375,0.071168,20800
916,1976-12-16,0.0,0.335938,0.328125,0.328125,0.06793300000000001,19200
917,1976-12-17,0.0,0.335938,0.335938,0.335938,0.069551,19200
918,1976-12-20,0.0,0.320313,0.320313,0.320313,0.066316,6400
919,1976-12-21,0.0,0.320313,0.3125,0.3125,0.064698,9600
920,1976-12-22,0.0,0.320313,0.3125,0.320313,0.066316,25600
921,1976-12-23,0.0,0.320313,0.296875,0.296875,0.061463,30400
922,1976-12-27,0.0,0.304688,0.289063,0.296875,0.061463,19200
923,1976-12-28,0.0,0.3125,0.296875,0.3125,0.064698,32000
924,1976-12-29,0.0,0.320313,0.320313,0.320313,0.066316,4800
925,1976-12-30,0.0,0.3125,0.304688,0.304688,0.063081,25600
926,1976-12-31,0.0,0.320313,0.304688,0.320313,0.066316,20800
927,1977-01-03,0.0,0.3125,0.3125,0.3125,0.064698,1600
928,1977-01-04,0.0,0.328125,0.320313,0.328125,0.06793300000000001,8000
929,1977-01-05,0.0,0.3125,0.3125,0.3125,0.064698,1600
930,1977-01-06,0.3125,0.3125,0.3125,0.3125,0.064698,0
931,1977-01-07,0.0,0.335938,0.320313,0.335938,0.069551,9600
932,1977-01-10,0.0,0.34375,0.335938,0.34375,0.071168,3200
933,1977-01-11,0.0,0.335938,0.328125,0.328125,0.06793300000000001,3200
934,1977-01-12,0.328125,0.328125,0.328125,0.328125,0.06793300000000001,0
935,1977-01-13,0.0,0.335938,0.328125,0.328125,0.06793300000000001,11200
936,1977-01-14,0.0,0.34375,0.335938,0.34375,0.071168,16000
937,1977-01-17,0.0,0.390625,0.351563,0.382813,0.079256,131200
938,1977-01-18,0.0,0.398438,0.375,0.375,0.077638,112000
939,1977-01-19,0.0,0.390625,0.382813,0.382813,0.079256,20800
940,1977-01-20,0.0,0.382813,0.382813,0.382813,0.079256,16000
941,1977-01-21,0.382813,0.382813,0.382813,0.382813,0.079256,0
942,1977-01-24,0.0,0.375,0.375,0.375,0.077638,6400
943,1977-01-25,0.0,0.375,0.375,0.375,0.077638,8000
944,1977-01-26,0.0,0.359375,0.359375,0.359375,0.074403,3200
945,1977-01-27,0.0,0.367188,0.367188,0.367188,0.076021,6400
946,1977-01-28,0.0,0.359375,0.351563,0.359375,0.074403,12800
947,1977-01-31,0.0,0.367188,0.351563,0.367188,0.076021,4800
948,1977-02-01,0.0,0.359375,0.351563,0.359375,0.074403,4800
949,1977-02-02,0.0,0.390625,0.375,0.390625,0.080873,41600
950,1977-02-03,0.0,0.390625,0.375,0.375,0.077638,22400
951,1977-02-04,0.0,0.367188,0.34375,0.34375,0.071168,33600
952,1977-02-07,0.0,0.351563,0.34375,0.34375,0.071168,8000
953,1977-02-08,0.0,0.34375,0.320313,0.335938,0.069551,80000
954,1977-02-09,0.0,0.34375,0.328125,0.34375,0.071168,27200
955,1977-02-10,0.0,0.328125,0.320313,0.328125,0.06793300000000001,11200
956,1977-02-11,0.0,0.34375,0.328125,0.34375,0.071168,25600
957,1977-02-14,0.0,0.34375,0.34375,0.34375,0.071168,1600
958,1977-02-15,0.0,0.359375,0.351563,0.351563,0.072786,4800
959,1977-02-16,0.0,0.359375,0.351563,0.351563,0.072786,3200
960,1977-02-17,0.0,0.359375,0.351563,0.359375,0.074403,49600
961,1977-02-18,0.0,0.34375,0.34375,0.34375,0.071168,1600
962,1977-02-22,0.0,0.34375,0.34375,0.34375,0.071168,4800
963,1977-02-23,0.0,0.34375,0.34375,0.34375,0.071168,1600
964,1977-02-24,0.0,0.367188,0.351563,0.359375,0.074403,57600
965,1977-02-25,0.0,0.351563,0.351563,0.351563,0.072786,14400
966,1977-02-28,0.0,0.351563,0.34375,0.34375,0.071168,11200
967,1977-03-01,0.0,0.34375,0.34375,0.34375,0.071168,3200
968,1977-03-02,0.0,0.367188,0.359375,0.367188,0.076021,3200
969,1977-03-03,0.0,0.359375,0.359375,0.359375,0.074403,1600
970,1977-03-04,0.0,0.359375,0.359375,0.359375,0.074403,14400
971,1977-03-07,0.0,0.367188,0.359375,0.359375,0.074403,17600
972,1977-03-08,0.0,0.367188,0.34375,0.34375,0.071168,60800
973,1977-03-09,0.0,0.359375,0.351563,0.351563,0.072786,9600
974,1977-03-10,0.0,0.359375,0.351563,0.351563,0.072786,8000
975,1977-03-11,0.351563,0.351563,0.351563,0.351563,0.072786,0
976,1977-03-14,0.351563,0.351563,0.351563,0.351563,0.072786,0
977,1977-03-15,0.0,0.382813,0.375,0.375,0.077638,80000
978,1977-03-16,0.0,0.398438,0.382813,0.398438,0.08249,88000
979,1977-03-17,0.0,0.429688,0.398438,0.429688,0.08896,238400
980,1977-03-18,0.0,0.5,0.460938,0.460938,0.09543,408000
981,1977-03-21,0.0,0.460938,0.453125,0.453125,0.093813,91200
982,1977-03-22,0.0,0.460938,0.445313,0.445313,0.092195,19200
983,1977-03-23,0.0,0.445313,0.445313,0.445313,0.092195,1600
984,1977-03-24,0.0,0.445313,0.421875,0.421875,0.08734299999999999,33600
985,1977-03-25,0.0,0.429688,0.429688,0.429688,0.08896,44800
986,1977-03-28,0.0,0.421875,0.414063,0.414063,0.085725,11200
987,1977-03-29,0.0,0.414063,0.414063,0.414063,0.085725,4800
988,1977-03-30,0.0,0.421875,0.414063,0.414063,0.085725,6400
989,1977-03-31,0.0,0.421875,0.414063,0.421875,0.08734299999999999,41600
990,1977-04-01,0.421875,0.421875,0.421875,0.421875,0.08734299999999999,0
991,1977-04-04,0.0,0.40625,0.40625,0.40625,0.084108,8000
992,1977-04-05,0.0,0.398438,0.390625,0.398438,0.08249,35200
993,1977-04-06,0.0,0.390625,0.390625,0.390625,0.080873,28800
994,1977-04-07,0.0,0.390625,0.390625,0.390625,0.080873,19200
995,1977-04-11,0.0,0.390625,0.382813,0.390625,0.080873,27200
996,1977-04-12,0.0,0.414063,0.382813,0.414063,0.085725,17600
997,1977-04-13,0.0,0.414063,0.398438,0.398438,0.08249,9600
998,1977-04-14,0.0,0.398438,0.398438,0.398438,0.08249,1600
999,1977-04-15,0.0,0.398438,0.398438,0.398438,0.08249,11200
1000,1977-04-18,0.0,0.398438,0.398438,0.398438,0.08249,3200
1001,1977-04-19,0.0,0.398438,0.390625,0.390625,0.080873,14400
1002,1977-04-20,0.0,0.398438,0.398438,0.398438,0.08249,8000
1003,1977-04-21,0.0,0.390625,0.382813,0.382813,0.079256,43200
1004,1977-04-22,0.0,0.382813,0.382813,0.382813,0.079256,9600
1005,1977-04-25,0.0,0.375,0.375,0.375,0.077638,17600
1006,1977-04-26,0.0,0.375,0.375,0.375,0.077638,4800
1007,1977-04-27,0.0,0.375,0.375,0.375,0.077638,14400
1008,1977-04-28,0.0,0.390625,0.382813,0.382813,0.079256,25600
1009,1977-04-29,0.0,0.390625,0.382813,0.382813,0.079256,9600
1010,1977-05-02,0.0,0.4375,0.398438,0.4375,0.09057799999999999,20800
1011,1977-05-03,0.0,0.429688,0.40625,0.421875,0.08734299999999999,17600
1012,1977-05-04,0.421875,0.421875,0.421875,0.421875,0.08734299999999999,0
1013,1977-05-05,0.0,0.421875,0.414063,0.414063,0.085725,33600
1014,1977-05-06,0.0,0.429688,0.421875,0.429688,0.08896,43200
1015,1977-05-09,0.0,0.429688,0.429688,0.429688,0.08896,1600
1016,1977-05-10,0.0,0.421875,0.421875,0.421875,0.08734299999999999,14400
1017,1977-05-11,0.0,0.414063,0.414063,0.414063,0.085725,4800
1018,1977-05-12,0.0,0.40625,0.40625,0.40625,0.084108,3200
1019,1977-05-13,0.0,0.414063,0.40625,0.40625,0.084108,12800
1020,1977-05-16,0.40625,0.40625,0.40625,0.40625,0.084108,0
1021,1977-05-17,0.0,0.40625,0.382813,0.382813,0.079256,25600
1022,1977-05-18,0.0,0.398438,0.390625,0.398438,0.08249,11200
1023,1977-05-19,0.0,0.40625,0.390625,0.390625,0.080873,27200
1024,1977-05-20,0.0,0.390625,0.382813,0.390625,0.080873,24000
1025,1977-05-23,0.0,0.382813,0.382813,0.382813,0.079256,1600
1026,1977-05-24,0.0,0.398438,0.398438,0.398438,0.08249,1600
1027,1977-05-25,0.0,0.398438,0.390625,0.398438,0.08249,8000
1028,1977-05-26,0.0,0.390625,0.390625,0.390625,0.080873,1600
1029,1977-05-27,0.0,0.390625,0.382813,0.390625,0.080873,6400
1030,1977-05-31,0.0,0.390625,0.390625,0.390625,0.080873,3200
1031,1977-06-01,0.0,0.382813,0.382813,0.382813,0.079256,1600
1032,1977-06-02,0.0,0.382813,0.382813,0.382813,0.079256,8000
1033,1977-06-03,0.0,0.375,0.375,0.375,0.077638,9600
1034,1977-06-06,0.0,0.375,0.375,0.375,0.077638,11200
1035,1977-06-07,0.0,0.390625,0.375,0.390625,0.080873,38400
1036,1977-06-08,0.0,0.382813,0.382813,0.382813,0.079256,1600
1037,1977-06-09,0.0,0.390625,0.382813,0.382813,0.079256,14400
1038,1977-06-10,0.0,0.382813,0.367188,0.367188,0.076021,9600
1039,1977-06-13,0.0,0.382813,0.367188,0.382813,0.079256,6400
1040,1977-06-14,0.0,0.421875,0.390625,0.421875,0.08734299999999999,89600
1041,1977-06-15,0.0,0.421875,0.414063,0.421875,0.08734299999999999,33600
1042,1977-06-16,0.0,0.421875,0.414063,0.414063,0.085725,28800
1043,1977-06-17,0.0,0.421875,0.421875,0.421875,0.08734299999999999,6400
1044,1977-06-20,0.0,0.429688,0.421875,0.421875,0.08734299999999999,12800
1045,1977-06-21,0.0,0.429688,0.421875,0.421875,0.08734299999999999,9600
1046,1977-06-22,0.0,0.40625,0.40625,0.40625,0.084108,11200
1047,1977-06-23,0.40625,0.40625,0.40625,0.40625,0.084108,0
1048,1977-06-24,0.0,0.421875,0.421875,0.421875,0.08734299999999999,6400
1049,1977-06-27,0.0,0.40625,0.40625,0.40625,0.084108,8000
1050,1977-06-28,0.0,0.414063,0.414063,0.414063,0.085725,6400
1051,1977-06-29,0.0,0.40625,0.390625,0.390625,0.080873,8000
1052,1977-06-30,0.0,0.398438,0.398438,0.398438,0.08249,28800
1053,1977-07-01,0.398438,0.398438,0.398438,0.398438,0.08249,0
1054,1977-07-05,0.398438,0.398438,0.398438,0.398438,0.08249,0
1055,1977-07-06,0.398438,0.398438,0.398438,0.398438,0.08249,0
1056,1977-07-07,0.0,0.4375,0.40625,0.429688,0.08896,68800
1057,1977-07-08,0.0,0.4375,0.429688,0.429688,0.08896,24000
1058,1977-07-11,0.0,0.421875,0.421875,0.421875,0.08734299999999999,1600
1059,1977-07-12,0.0,0.421875,0.40625,0.40625,0.084108,11200
1060,1977-07-13,0.0,0.421875,0.414063,0.421875,0.08734299999999999,12800
1061,1977-07-15,0.0,0.429688,0.414063,0.429688,0.08896,57600
1062,1977-07-18,0.0,0.4375,0.4375,0.4375,0.09057799999999999,8000
1063,1977-07-19,0.0,0.4375,0.4375,0.4375,0.09057799999999999,4800
1064,1977-07-20,0.0,0.4375,0.4375,0.4375,0.09057799999999999,19200
1065,1977-07-21,0.0,0.4375,0.4375,0.4375,0.09057799999999999,1600
1066,1977-07-22,0.0,0.453125,0.445313,0.453125,0.093813,8000
1067,1977-07-25,0.0,0.453125,0.453125,0.453125,0.093813,19200
1068,1977-07-26,0.0,0.453125,0.445313,0.453125,0.093813,17600
1069,1977-07-27,0.0,0.445313,0.4375,0.4375,0.09057799999999999,28800
1070,1977-07-28,0.0,0.4375,0.429688,0.429688,0.08896,20800
1071,1977-07-29,0.0,0.429688,0.429688,0.429688,0.08896,32000
1072,1977-08-01,0.0,0.421875,0.421875,0.421875,0.08734299999999999,8000
1073,1977-08-02,0.0,0.445313,0.4375,0.445313,0.092195,4800
1074,1977-08-03,0.0,0.429688,0.414063,0.414063,0.085725,28800
1075,1977-08-04,0.0,0.4375,0.429688,0.4375,0.09057799999999999,8000
1076,1977-08-05,0.0,0.421875,0.421875,0.421875,0.08734299999999999,4800
1077,1977-08-08,0.0,0.4375,0.4375,0.4375,0.09057799999999999,8000
1078,1977-08-09,0.0,0.4375,0.429688,0.4375,0.09057799999999999,4800
1079,1977-08-10,0.0,0.421875,0.421875,0.421875,0.08734299999999999,12800
1080,1977-08-11,0.0,0.421875,0.414063,0.414063,0.085725,9600
1081,1977-08-12,0.0,0.40625,0.40625,0.40625,0.084108,14400
1082,1977-08-15,0.40625,0.40625,0.40625,0.40625,0.084108,0
1083,1977-08-16,0.0,0.421875,0.40625,0.414063,0.085725,16000
1084,1977-08-17,0.0,0.398438,0.398438,0.398438,0.08249,1600
1085,1977-08-18,0.398438,0.398438,0.398438,0.398438,0.08249,0
1086,1977-08-19,0.0,0.398438,0.398438,0.398438,0.08249,3200
1087,1977-08-22,0.0,0.40625,0.390625,0.40625,0.084108,20800
1088,1977-08-23,0.40625,0.40625,0.40625,0.40625,0.084108,0
1089,1977-08-24,0.40625,0.40625,0.40625,0.40625,0.084108,0
1090,1977-08-25,0.0,0.40625,0.40625,0.40625,0.084108,16000
1091,1977-08-26,0.40625,0.40625,0.40625,0.40625,0.084108,0
1092,1977-08-29,0.0,0.398438,0.390625,0.390625,0.080873,4800
1093,1977-08-30,0.0,0.398438,0.390625,0.390625,0.080873,6400
1094,1977-08-31,0.0,0.398438,0.398438,0.398438,0.08249,1600
1095,1977-09-01,0.0,0.390625,0.390625,0.390625,0.080873,4800
1096,1977-09-02,0.0,0.40625,0.398438,0.40625,0.084108,14400
1097,1977-09-06,0.0,0.390625,0.390625,0.390625,0.080873,9600
1098,1977-09-07,0.0,0.40625,0.398438,0.40625,0.084108,17600
1099,1977-09-08,0.0,0.40625,0.40625,0.40625,0.084108,1600
1100,1977-09-09,0.0,0.40625,0.40625,0.40625,0.084108,17600
1101,1977-09-12,0.0,0.40625,0.40625,0.40625,0.084108,3200
1102,1977-09-13,0.0,0.398438,0.398438,0.398438,0.08249,1600
1103,1977-09-14,0.398438,0.398438,0.398438,0.398438,0.08249,0
1104,1977-09-15,0.0,0.398438,0.390625,0.390625,0.080873,3200
1105,1977-09-16,0.0,0.398438,0.390625,0.398438,0.08249,9600
1106,1977-09-19,0.0,0.390625,0.390625,0.390625,0.080873,20800
1107,1977-09-20,0.0,0.390625,0.390625,0.390625,0.080873,3200
1108,1977-09-21,0.0,0.390625,0.390625,0.390625,0.080873,3200
1109,1977-09-22,0.0,0.390625,0.382813,0.382813,0.079256,4800
1110,1977-09-23,0.0,0.382813,0.382813,0.382813,0.079256,27200
1111,1977-09-26,0.382813,0.382813,0.382813,0.382813,0.079256,0
1112,1977-09-27,0.0,0.382813,0.382813,0.382813,0.079256,3200
1113,1977-09-28,0.0,0.382813,0.382813,0.382813,0.079256,8000
1114,1977-09-29,0.0,0.398438,0.390625,0.390625,0.080873,3200
1115,1977-09-30,0.0,0.390625,0.382813,0.382813,0.079256,9600
1116,1977-10-03,0.0,0.390625,0.382813,0.382813,0.079256,9600
1117,1977-10-04,0.0,0.390625,0.390625,0.390625,0.080873,4800
1118,1977-10-05,0.0,0.382813,0.382813,0.382813,0.079256,6400
1119,1977-10-06,0.0,0.382813,0.382813,0.382813,0.079256,24000
1120,1977-10-07,0.0,0.390625,0.390625,0.390625,0.080873,16000
1121,1977-10-10,0.0,0.382813,0.382813,0.382813,0.079256,9600
1122,1977-10-11,0.0,0.390625,0.390625,0.390625,0.080873,1600
1123,1977-10-12,0.0,0.382813,0.382813,0.382813,0.079256,4800
1124,1977-10-13,0.0,0.382813,0.382813,0.382813,0.079256,8000
1125,1977-10-14,0.0,0.375,0.375,0.375,0.077638,4800
1126,1977-10-17,0.0,0.375,0.375,0.375,0.077638,1600
1127,1977-10-18,0.0,0.375,0.375,0.375,0.077638,22400
1128,1977-10-19,0.375,0.375,0.375,0.375,0.077638,0
1129,1977-10-20,0.0,0.375,0.367188,0.367188,0.076021,32000
1130,1977-10-21,0.0,0.367188,0.367188,0.367188,0.076021,1600
1131,1977-10-24,0.0,0.375,0.367188,0.375,0.077638,59200
1132,1977-10-25,0.0,0.375,0.375,0.375,0.077638,25600
1133,1977-10-26,0.0,0.390625,0.382813,0.382813,0.079256,3200
1134,1977-10-27,0.0,0.375,0.375,0.375,0.077638,3200
1135,1977-10-28,0.0,0.390625,0.390625,0.390625,0.080873,1600
1136,1977-10-31,0.390625,0.390625,0.390625,0.390625,0.080873,0
1137,1977-11-01,0.390625,0.390625,0.390625,0.390625,0.080873,0
1138,1977-11-02,0.390625,0.390625,0.390625,0.390625,0.080873,0
1139,1977-11-03,0.0,0.382813,0.375,0.382813,0.079256,22400
1140,1977-11-04,0.382813,0.382813,0.382813,0.382813,0.079256,0
1141,1977-11-07,0.0,0.382813,0.382813,0.382813,0.079256,1600
1142,1977-11-08,0.382813,0.382813,0.382813,0.382813,0.079256,0
1143,1977-11-09,0.0,0.382813,0.375,0.382813,0.079256,11200
1144,1977-11-10,0.0,0.382813,0.375,0.382813,0.079256,20800
1145,1977-11-11,0.0,0.390625,0.382813,0.382813,0.079256,11200
1146,1977-11-14,0.0,0.382813,0.382813,0.382813,0.079256,1600
1147,1977-11-15,0.0,0.382813,0.382813,0.382813,0.079256,8000
1148,1977-11-16,0.0,0.390625,0.382813,0.382813,0.079256,19200
1149,1977-11-17,0.0,0.390625,0.382813,0.390625,0.080873,19200
1150,1977-11-18,0.0,0.382813,0.382813,0.382813,0.079256,16000
1151,1977-11-21,0.0,0.390625,0.382813,0.390625,0.080873,30400
1152,1977-11-22,0.0,0.414063,0.40625,0.414063,0.085725,14400
1153,1977-11-23,0.0,0.414063,0.40625,0.40625,0.084108,20800
1154,1977-11-25,0.0,0.40625,0.40625,0.40625,0.084108,3200
1155,1977-11-28,0.0,0.40625,0.40625,0.40625,0.084108,1600
1156,1977-11-29,0.0,0.40625,0.390625,0.40625,0.084108,33600
1157,1977-11-30,0.40625,0.40625,0.40625,0.40625,0.084108,0
1158,1977-12-01,0.0,0.414063,0.398438,0.398438,0.08249,12800
1159,1977-12-02,0.0,0.40625,0.40625,0.40625,0.084108,1600
1160,1977-12-05,0.0,0.40625,0.390625,0.390625,0.080873,60800
1161,1977-12-06,0.0,0.398438,0.398438,0.398438,0.08249,9600
1162,1977-12-07,0.0,0.398438,0.398438,0.398438,0.08249,6400
1163,1977-12-08,0.0,0.398438,0.398438,0.398438,0.08249,8000
1164,1977-12-09,0.0,0.398438,0.375,0.375,0.077638,52800
1165,1977-12-12,0.0,0.398438,0.398438,0.398438,0.08249,4800
1166,1977-12-13,0.398438,0.398438,0.398438,0.398438,0.08249,0
1167,1977-12-14,0.0,0.40625,0.390625,0.390625,0.080873,49600
1168,1977-12-15,0.0,0.398438,0.398438,0.398438,0.08249,4800
1169,1977-12-16,0.0,0.40625,0.390625,0.390625,0.080873,6400
1170,1977-12-19,0.0,0.398438,0.390625,0.398438,0.08249,17600
1171,1977-12-20,0.0,0.398438,0.398438,0.398438,0.08249,14400
1172,1977-12-21,0.0,0.398438,0.390625,0.390625,0.080873,6400
1173,1977-12-22,0.0,0.390625,0.382813,0.382813,0.079256,48000
1174,1977-12-23,0.0,0.390625,0.390625,0.390625,0.080873,19200
1175,1977-12-27,0.0,0.390625,0.382813,0.382813,0.079256,20800
1176,1977-12-28,0.0,0.390625,0.382813,0.390625,0.080873,3200
1177,1977-12-29,0.0,0.398438,0.390625,0.398438,0.08249,17600
1178,1977-12-30,0.0,0.40625,0.398438,0.40625,0.084108,11200
1179,1978-01-03,0.0,0.40625,0.398438,0.398438,0.08249,14400
1180,1978-01-04,0.0,0.398438,0.398438,0.398438,0.08249,9600
1181,1978-01-05,0.0,0.390625,0.390625,0.390625,0.080873,11200
1182,1978-01-06,0.0,0.390625,0.382813,0.382813,0.079256,12800
1183,1978-01-09,0.0,0.382813,0.382813,0.382813,0.079256,68800
1184,1978-01-10,0.0,0.390625,0.382813,0.390625,0.080873,8000
1185,1978-01-11,0.0,0.382813,0.375,0.375,0.077638,48000
1186,1978-01-12,0.0,0.390625,0.382813,0.390625,0.080873,30400
1187,1978-01-13,0.390625,0.390625,0.390625,0.390625,0.080873,0
1188,1978-01-16,0.390625,0.390625,0.390625,0.390625,0.080873,0
1189,1978-01-17,0.0,0.390625,0.390625,0.390625,0.080873,8000
1190,1978-01-18,0.0,0.382813,0.382813,0.382813,0.079256,1600
1191,1978-01-19,0.0,0.382813,0.382813,0.382813,0.079256,8000
1192,1978-01-20,0.0,0.382813,0.382813,0.382813,0.079256,11200
1193,1978-01-23,0.0,0.390625,0.390625,0.390625,0.080873,14400
1194,1978-01-24,0.0,0.390625,0.382813,0.390625,0.080873,4800
1195,1978-01-25,0.390625,0.390625,0.390625,0.390625,0.080873,0
1196,1978-01-26,0.0,0.390625,0.390625,0.390625,0.080873,3200
1197,1978-01-27,0.390625,0.390625,0.390625,0.390625,0.080873,0
1198,1978-01-30,0.0,0.390625,0.390625,0.390625,0.080873,17600
1199,1978-01-31,0.0,0.398438,0.390625,0.398438,0.08249,25600
1200,1978-02-01,0.0,0.390625,0.390625,0.390625,0.080873,22400
1201,1978-02-02,0.390625,0.390625,0.390625,0.390625,0.080873,0
1202,1978-02-03,0.0,0.382813,0.382813,0.382813,0.079256,8000
1203,1978-02-06,0.0,0.390625,0.390625,0.390625,0.080873,19200
1204,1978-02-07,0.0,0.429688,0.390625,0.429688,0.08896,32000
1205,1978-02-08,0.0,0.476563,0.4375,0.476563,0.098665,332800
1206,1978-02-09,0.0,0.484375,0.453125,0.46875,0.097048,107200
1207,1978-02-10,0.0,0.460938,0.453125,0.460938,0.09543,8000
1208,1978-02-13,0.0,0.5,0.46875,0.5,0.10351700000000001,120000
1209,1978-02-14,0.0,0.523438,0.484375,0.523438,0.10837000000000001,203200
1210,1978-02-15,0.0,0.515625,0.5,0.515625,0.106752,76800
1211,1978-02-16,0.0,0.515625,0.484375,0.515625,0.106752,56000
1212,1978-02-17,0.0,0.515625,0.5,0.507813,0.10513499999999999,65600
1213,1978-02-21,0.0,0.5,0.492188,0.5,0.10351700000000001,12800
1214,1978-02-22,0.0,0.5,0.484375,0.5,0.10351700000000001,94400
1215,1978-02-23,0.0,0.515625,0.484375,0.515625,0.106752,100800
1216,1978-02-24,0.0,0.546875,0.5,0.546875,0.113222,232000
1217,1978-02-27,0.0,0.59375,0.554688,0.5625,0.11645699999999999,272000
1218,1978-02-28,0.0,0.570313,0.53125,0.554688,0.11484000000000001,88000
1219,1978-03-01,0.0,0.546875,0.539063,0.546875,0.113222,9600
1220,1978-03-02,0.0,0.546875,0.523438,0.546875,0.113222,52800
1221,1978-03-03,0.0,0.546875,0.523438,0.546875,0.113222,72000
1222,1978-03-06,0.0,0.53125,0.507813,0.53125,0.10998699999999999,30400
1223,1978-03-07,0.0,0.53125,0.523438,0.53125,0.10998699999999999,8000
1224,1978-03-08,0.0,0.523438,0.492188,0.523438,0.10837000000000001,88000
1225,1978-03-09,0.0,0.53125,0.515625,0.53125,0.10998699999999999,40000
1226,1978-03-10,0.0,0.539063,0.515625,0.53125,0.10998699999999999,59200
1227,1978-03-13,0.0,0.53125,0.507813,0.523438,0.10837000000000001,20800
1228,1978-03-14,0.0,0.546875,0.523438,0.546875,0.113222,182400
1229,1978-03-15,0.0,0.578125,0.546875,0.578125,0.119692,368000
1230,1978-03-16,0.0,0.585938,0.546875,0.585938,0.12130999999999999,94400
1231,1978-03-17,0.0,0.585938,0.570313,0.578125,0.119692,73600
1232,1978-03-20,0.0,0.578125,0.5625,0.578125,0.119692,99200
1233,1978-03-21,0.0,0.578125,0.546875,0.570313,0.118075,62400
1234,1978-03-22,0.0,0.578125,0.546875,0.578125,0.119692,180800
1235,1978-03-23,0.0,0.59375,0.578125,0.59375,0.122927,484800
1236,1978-03-27,0.0,0.609375,0.59375,0.609375,0.126162,208000
1237,1978-03-28,0.0,0.617188,0.59375,0.617188,0.127779,40000
1238,1978-03-29,0.0,0.625,0.585938,0.609375,0.126162,124800
1239,1978-03-30,0.0,0.617188,0.601563,0.609375,0.126162,30400
1240,1978-03-31,0.0,0.625,0.609375,0.609375,0.126162,230400
1241,1978-04-03,0.0,0.617188,0.59375,0.617188,0.127779,73600
1242,1978-04-04,0.0,0.625,0.617188,0.617188,0.127779,56000
1243,1978-04-05,0.0,0.625,0.59375,0.601563,0.124544,92800
1244,1978-04-06,0.0,0.609375,0.601563,0.609375,0.126162,36800
1245,1978-04-07,0.0,0.609375,0.601563,0.609375,0.126162,22400
1246,1978-04-10,0.0,0.601563,0.59375,0.59375,0.122927,46400
1247,1978-04-11,0.0,0.601563,0.585938,0.585938,0.12130999999999999,289600
1248,1978-04-12,0.0,0.59375,0.578125,0.578125,0.119692,30400
1249,1978-04-13,0.0,0.585938,0.578125,0.578125,0.119692,6400
1250,1978-04-14,0.0,0.585938,0.5625,0.585938,0.12130999999999999,49600
1251,1978-04-17,0.0,0.609375,0.578125,0.578125,0.119692,164800
1252,1978-04-18,0.0,0.59375,0.578125,0.59375,0.122927,83200
1253,1978-04-19,0.0,0.609375,0.585938,0.609375,0.126162,249600
1254,1978-04-20,0.0,0.617188,0.59375,0.601563,0.124544,265600
1255,1978-04-21,0.0,0.609375,0.59375,0.59375,0.122927,16000
1256,1978-04-24,0.0,0.601563,0.601563,0.601563,0.124544,59200
1257,1978-04-25,0.0,0.609375,0.59375,0.609375,0.126162,59200
1258,1978-04-26,0.0,0.617188,0.59375,0.59375,0.122927,123200
1259,1978-04-27,0.0,0.601563,0.585938,0.59375,0.122927,17600
1260,1978-04-28,0.0,0.601563,0.59375,0.59375,0.122927,3200
1261,1978-05-01,0.0,0.59375,0.585938,0.585938,0.12130999999999999,38400
1262,1978-05-02,0.0,0.59375,0.578125,0.578125,0.119692,43200
1263,1978-05-03,0.0,0.578125,0.578125,0.578125,0.119692,24000
1264,1978-05-04,0.0,0.578125,0.570313,0.578125,0.119692,91200
1265,1978-05-05,0.0,0.585938,0.570313,0.578125,0.119692,36800
1266,1978-05-08,0.0,0.570313,0.570313,0.570313,0.118075,59200
1267,1978-05-09,0.0,0.578125,0.5625,0.5625,0.11645699999999999,8000
1268,1978-05-10,0.0,0.578125,0.5625,0.578125,0.119692,28800
1269,1978-05-11,0.0,0.578125,0.578125,0.578125,0.119692,24000
1270,1978-05-12,0.0,0.578125,0.570313,0.570313,0.118075,33600
1271,1978-05-15,0.0,0.585938,0.570313,0.570313,0.118075,30400
1272,1978-05-16,0.0,0.578125,0.5625,0.570313,0.118075,30400
1273,1978-05-17,0.0,0.578125,0.5625,0.5625,0.11645699999999999,12800
1274,1978-05-18,0.0,0.570313,0.5625,0.5625,0.11645699999999999,8000
1275,1978-05-19,0.0,0.5625,0.546875,0.554688,0.11484000000000001,44800
1276,1978-05-22,0.554688,0.554688,0.554688,0.554688,0.11484000000000001,0
1277,1978-05-23,0.0,0.554688,0.539063,0.539063,0.111605,25600
1278,1978-05-24,0.0,0.53125,0.523438,0.523438,0.10837000000000001,41600
1279,1978-05-25,0.0,0.53125,0.515625,0.515625,0.106752,27200
1280,1978-05-26,0.0,0.515625,0.5,0.507813,0.10513499999999999,25600
1281,1978-05-30,0.0,0.507813,0.5,0.507813,0.10513499999999999,12800
1282,1978-05-31,0.0,0.539063,0.523438,0.523438,0.10837000000000001,22400
1283,1978-06-01,0.0,0.546875,0.53125,0.546875,0.113222,24000
1284,1978-06-02,0.0,0.554688,0.539063,0.539063,0.111605,14400
1285,1978-06-05,0.0,0.554688,0.523438,0.554688,0.11484000000000001,60800
1286,1978-06-06,0.0,0.5625,0.554688,0.5625,0.11645699999999999,14400
1287,1978-06-07,0.0,0.5625,0.539063,0.539063,0.111605,12800
1288,1978-06-08,0.0,0.570313,0.539063,0.570313,0.118075,52800
1289,1978-06-09,0.0,0.570313,0.5625,0.570313,0.118075,17600
1290,1978-06-12,0.0,0.5625,0.5625,0.5625,0.11645699999999999,11200
1291,1978-06-13,0.5625,0.5625,0.5625,0.5625,0.11645699999999999,0
1292,1978-06-14,0.0,0.570313,0.570313,0.570313,0.118075,1600
1293,1978-06-15,0.0,0.570313,0.5625,0.5625,0.11645699999999999,3200
1294,1978-06-16,0.0,0.5625,0.5625,0.5625,0.11645699999999999,12800
1295,1978-06-19,0.0,0.546875,0.539063,0.539063,0.111605,3200
1296,1978-06-20,0.0,0.5625,0.554688,0.5625,0.11645699999999999,6400
1297,1978-06-21,0.5625,0.5625,0.5625,0.5625,0.11645699999999999,0
1298,1978-06-22,0.0,0.5625,0.546875,0.546875,0.113222,8000
1299,1978-06-23,0.0,0.570313,0.554688,0.554688,0.11484000000000001,40000
1300,1978-06-26,0.0,0.5625,0.546875,0.546875,0.113222,6400
1301,1978-06-27,0.0,0.546875,0.546875,0.546875,0.113222,16000
1302,1978-06-28,0.0,0.554688,0.554688,0.554688,0.11484000000000001,6400
1303,1978-06-29,0.0,0.5625,0.5625,0.5625,0.11645699999999999,4800
1304,1978-06-30,0.0,0.5625,0.546875,0.546875,0.113222,9600
1305,1978-07-03,0.0,0.5625,0.546875,0.554688,0.11484000000000001,12800
1306,1978-07-05,0.0,0.5625,0.539063,0.539063,0.111605,43200
1307,1978-07-06,0.0,0.546875,0.539063,0.546875,0.113222,4800
1308,1978-07-07,0.0,0.554688,0.546875,0.554688,0.11484000000000001,4800
1309,1978-07-10,0.0,0.546875,0.539063,0.539063,0.111605,24000
1310,1978-07-11,0.0,0.546875,0.53125,0.539063,0.111605,38400
1311,1978-07-12,0.0,0.53125,0.53125,0.53125,0.10998699999999999,3200
1312,1978-07-13,0.0,0.539063,0.539063,0.539063,0.111605,3200
1313,1978-07-14,0.0,0.5625,0.539063,0.5625,0.11645699999999999,27200
1314,1978-07-17,0.0,0.5625,0.546875,0.546875,0.113222,11200
1315,1978-07-18,0.0,0.554688,0.554688,0.554688,0.11484000000000001,3200
1316,1978-07-19,0.0,0.546875,0.546875,0.546875,0.113222,1600
1317,1978-07-20,0.0,0.546875,0.53125,0.53125,0.10998699999999999,44800
1318,1978-07-21,0.0,0.53125,0.523438,0.523438,0.10837000000000001,19200
1319,1978-07-24,0.0,0.539063,0.507813,0.539063,0.111605,40000
1320,1978-07-25,0.0,0.539063,0.539063,0.539063,0.111605,1600
1321,1978-07-26,0.0,0.554688,0.539063,0.546875,0.113222,14400
1322,1978-07-27,0.0,0.554688,0.546875,0.546875,0.113222,30400
1323,1978-07-28,0.0,0.546875,0.546875,0.546875,0.113222,3200
1324,1978-07-31,0.0,0.546875,0.523438,0.523438,0.10837000000000001,14400
1325,1978-08-01,0.0,0.539063,0.523438,0.539063,0.111605,12800
1326,1978-08-02,0.0,0.539063,0.53125,0.53125,0.10998699999999999,44800
1327,1978-08-03,0.0,0.546875,0.53125,0.546875,0.113222,91200
1328,1978-08-04,0.0,0.5625,0.554688,0.5625,0.11645699999999999,43200
1329,1978-08-07,0.0,0.546875,0.546875,0.546875,0.113222,16000
1330,1978-08-08,0.0,0.554688,0.546875,0.554688,0.11484000000000001,17600
1331,1978-08-09,0.0,0.554688,0.546875,0.546875,0.113222,9600
1332,1978-08-10,0.0,0.539063,0.539063,0.539063,0.111605,1600
1333,1978-08-11,0.0,0.554688,0.546875,0.554688,0.11484000000000001,24000
1334,1978-08-14,0.0,0.554688,0.546875,0.546875,0.113222,22400
1335,1978-08-15,0.0,0.554688,0.554688,0.554688,0.11484000000000001,17600
1336,1978-08-16,0.0,0.554688,0.546875,0.554688,0.11484000000000001,25600
1337,1978-08-17,0.0,0.546875,0.546875,0.546875,0.113222,6400
1338,1978-08-18,0.0,0.554688,0.554688,0.554688,0.11484000000000001,20800
1339,1978-08-21,0.554688,0.554688,0.554688,0.554688,0.11484000000000001,0
1340,1978-08-22,0.0,0.5625,0.546875,0.5625,0.11645699999999999,46400
1341,1978-08-23,0.0,0.5625,0.554688,0.554688,0.11484000000000001,9600
1342,1978-08-24,0.0,0.5625,0.554688,0.5625,0.11645699999999999,11200
1343,1978-08-25,0.0,0.5625,0.546875,0.5625,0.11645699999999999,12800
1344,1978-08-28,0.0,0.546875,0.546875,0.546875,0.113222,17600
1345,1978-08-29,0.0,0.546875,0.539063,0.539063,0.111605,9600
1346,1978-08-30,0.0,0.546875,0.539063,0.546875,0.113222,12800
1347,1978-08-31,0.0,0.554688,0.539063,0.539063,0.111605,73600
1348,1978-09-01,0.0,0.570313,0.546875,0.5625,0.11645699999999999,145600
1349,1978-09-05,0.0,0.640625,0.59375,0.640625,0.132632,163200
1350,1978-09-06,0.0,0.679688,0.625,0.664063,0.137484,265600
1351,1978-09-07,0.0,0.679688,0.65625,0.679688,0.140719,104000
1352,1978-09-08,0.0,0.710938,0.695313,0.703125,0.145571,72000
1353,1978-09-11,0.0,0.710938,0.695313,0.703125,0.145571,40000
1354,1978-09-12,0.0,0.703125,0.6875,0.6875,0.142336,48000
1355,1978-09-13,0.0,0.695313,0.679688,0.679688,0.140719,36800
1356,1978-09-14,0.0,0.65625,0.65625,0.65625,0.13586700000000002,16000
1357,1978-09-15,0.0,0.648438,0.648438,0.648438,0.134249,12800
1358,1978-09-18,0.0,0.648438,0.632813,0.640625,0.132632,19200
1359,1978-09-19,0.0,0.640625,0.617188,0.617188,0.127779,35200
1360,1978-09-20,0.0,0.625,0.609375,0.617188,0.127779,22400
1361,1978-09-21,0.0,0.617188,0.609375,0.617188,0.127779,9600
1362,1978-09-22,0.0,0.617188,0.609375,0.609375,0.126162,6400
1363,1978-09-25,0.0,0.625,0.617188,0.625,0.129397,20800
1364,1978-09-26,0.0,0.617188,0.609375,0.617188,0.127779,6400
1365,1978-09-27,0.0,0.609375,0.601563,0.601563,0.124544,8000
1366,1978-09-28,0.0,0.59375,0.59375,0.59375,0.122927,8000
1367,1978-09-29,0.0,0.601563,0.601563,0.601563,0.124544,9600
1368,1978-10-02,0.0,0.601563,0.601563,0.601563,0.124544,3200
1369,1978-10-03,0.0,0.59375,0.59375,0.59375,0.122927,38400
1370,1978-10-04,0.0,0.601563,0.601563,0.601563,0.124544,6400
1371,1978-10-05,0.0,0.601563,0.59375,0.601563,0.124544,9600
1372,1978-10-06,0.0,0.601563,0.59375,0.601563,0.124544,8000
1373,1978-10-09,0.0,0.609375,0.601563,0.609375,0.126162,20800
1374,1978-10-10,0.0,0.617188,0.609375,0.617188,0.127779,17600
1375,1978-10-11,0.617188,0.617188,0.617188,0.617188,0.127779,0
1376,1978-10-12,0.0,0.632813,0.617188,0.632813,0.13101400000000002,24000
1377,1978-10-13,0.0,0.625,0.625,0.625,0.129397,4800
1378,1978-10-16,0.0,0.625,0.617188,0.617188,0.127779,30400
1379,1978-10-17,0.0,0.617188,0.59375,0.59375,0.122927,12800
1380,1978-10-18,0.0,0.59375,0.585938,0.59375,0.122927,17600
1381,1978-10-19,0.0,0.59375,0.578125,0.578125,0.119692,20800
1382,1978-10-20,0.0,0.570313,0.546875,0.546875,0.113222,17600
1383,1978-10-23,0.0,0.546875,0.53125,0.53125,0.10998699999999999,16000
1384,1978-10-24,0.0,0.554688,0.554688,0.554688,0.11484000000000001,8000
1385,1978-10-25,0.0,0.5625,0.546875,0.554688,0.11484000000000001,16000
1386,1978-10-26,0.0,0.546875,0.523438,0.523438,0.10837000000000001,36800
1387,1978-10-27,0.0,0.507813,0.4375,0.4375,0.09057799999999999,78400
1388,1978-10-30,0.0,0.421875,0.375,0.398438,0.08249,123200
1389,1978-10-31,0.0,0.4375,0.414063,0.421875,0.08734299999999999,56000
1390,1978-11-01,0.0,0.46875,0.4375,0.46875,0.097048,35200
1391,1978-11-02,0.0,0.507813,0.492188,0.507813,0.10513499999999999,22400
1392,1978-11-03,0.507813,0.507813,0.507813,0.507813,0.10513499999999999,0
1393,1978-11-06,0.0,0.507813,0.476563,0.476563,0.098665,38400
1394,1978-11-07,0.0,0.5,0.484375,0.492188,0.1019,12800
1395,1978-11-08,0.0,0.5,0.5,0.5,0.10351700000000001,4800
1396,1978-11-09,0.0,0.5,0.5,0.5,0.10351700000000001,9600
1397,1978-11-10,0.0,0.5,0.5,0.5,0.10351700000000001,3200
1398,1978-11-13,0.5,0.5,0.5,0.5,0.10351700000000001,0
1399,1978-11-14,0.0,0.476563,0.46875,0.46875,0.097048,16000
1400,1978-11-15,0.0,0.476563,0.476563,0.476563,0.098665,3200
1401,1978-11-16,0.0,0.476563,0.46875,0.46875,0.097048,17600
1402,1978-11-17,0.0,0.46875,0.46875,0.46875,0.097048,16000
1403,1978-11-20,0.0,0.46875,0.46875,0.46875,0.097048,4800
1404,1978-11-21,0.0,0.476563,0.476563,0.476563,0.098665,1600
1405,1978-11-22,0.0,0.492188,0.46875,0.492188,0.1019,20800
1406,1978-11-24,0.0,0.492188,0.492188,0.492188,0.1019,1600
1407,1978-11-27,0.0,0.492188,0.492188,0.492188,0.1019,4800
1408,1978-11-28,0.0,0.484375,0.484375,0.484375,0.10028200000000001,3200
1409,1978-11-29,0.0,0.625,0.476563,0.617188,0.127779,182400
1410,1978-11-30,0.0,0.632813,0.5625,0.609375,0.126162,228800
1411,1978-12-01,0.0,0.617188,0.578125,0.617188,0.127779,30400
1412,1978-12-04,0.0,0.601563,0.5625,0.5625,0.11645699999999999,19200
1413,1978-12-05,0.0,0.578125,0.53125,0.5625,0.11645699999999999,75200
1414,1978-12-06,0.0,0.5625,0.554688,0.554688,0.11484000000000001,8000
1415,1978-12-07,0.0,0.5625,0.5625,0.5625,0.11645699999999999,1600
1416,1978-12-08,0.0,0.59375,0.570313,0.59375,0.122927,24000
1417,1978-12-11,0.0,0.578125,0.578125,0.578125,0.119692,1600
1418,1978-12-12,0.0,0.570313,0.570313,0.570313,0.118075,4800
1419,1978-12-13,0.0,0.5625,0.554688,0.554688,0.11484000000000001,9600
1420,1978-12-14,0.0,0.554688,0.554688,0.554688,0.11484000000000001,3200
1421,1978-12-15,0.554688,0.554688,0.554688,0.554688,0.11484000000000001,0
1422,1978-12-18,0.0,0.539063,0.523438,0.523438,0.10837000000000001,16000
1423,1978-12-19,0.0,0.546875,0.515625,0.539063,0.111605,33600
1424,1978-12-20,0.539063,0.539063,0.539063,0.539063,0.111605,0
1425,1978-12-21,0.0,0.554688,0.546875,0.554688,0.11484000000000001,9600
1426,1978-12-22,0.554688,0.554688,0.554688,0.554688,0.11484000000000001,0
1427,1978-12-26,0.0,0.546875,0.539063,0.539063,0.111605,4800
1428,1978-12-27,0.0,0.53125,0.515625,0.515625,0.106752,6400
1429,1978-12-28,0.0,0.5,0.484375,0.492188,0.1019,25600
1430,1978-12-29,0.0,0.523438,0.484375,0.507813,0.10513499999999999,57600
1431,1979-01-02,0.507813,0.507813,0.507813,0.507813,0.10513499999999999,0
1432,1979-01-03,0.507813,0.507813,0.507813,0.507813,0.10513499999999999,0
1433,1979-01-04,0.0,0.53125,0.507813,0.53125,0.10998699999999999,12800
1434,1979-01-05,0.0,0.5625,0.546875,0.5625,0.11645699999999999,6400
1435,1979-01-08,0.5625,0.5625,0.5625,0.5625,0.11645699999999999,0
1436,1979-01-09,0.0,0.5625,0.5625,0.5625,0.11645699999999999,4800
1437,1979-01-10,0.0,0.5625,0.546875,0.546875,0.113222,4800
1438,1979-01-11,0.546875,0.546875,0.546875,0.546875,0.113222,0
1439,1979-01-12,0.0,0.554688,0.554688,0.554688,0.11484000000000001,3200
1440,1979-01-15,0.554688,0.554688,0.554688,0.554688,0.11484000000000001,0
1441,1979-01-16,0.0,0.554688,0.554688,0.554688,0.11484000000000001,4800
1442,1979-01-17,0.554688,0.554688,0.554688,0.554688,0.11484000000000001,0
1443,1979-01-18,0.0,0.546875,0.539063,0.539063,0.111605,25600
1444,1979-01-19,0.0,0.546875,0.539063,0.546875,0.113222,12800
1445,1979-01-22,0.0,0.5625,0.5625,0.5625,0.11645699999999999,3200
1446,1979-01-23,0.0,0.546875,0.546875,0.546875,0.113222,1600
1447,1979-01-24,0.0,0.53125,0.53125,0.53125,0.10998699999999999,41600
1448,1979-01-25,0.0,0.578125,0.546875,0.578125,0.119692,35200
1449,1979-01-26,0.0,0.585938,0.578125,0.585938,0.12130999999999999,4800
1450,1979-01-29,0.0,0.570313,0.5625,0.5625,0.11645699999999999,16000
1451,1979-01-30,0.5625,0.5625,0.5625,0.5625,0.11645699999999999,0
1452,1979-01-31,0.0,0.554688,0.554688,0.554688,0.11484000000000001,1600
1453,1979-02-01,0.554688,0.554688,0.554688,0.554688,0.11484000000000001,0
1454,1979-02-02,0.0,0.546875,0.539063,0.546875,0.113222,11200
1455,1979-02-05,0.0,0.539063,0.523438,0.523438,0.10837000000000001,17600
1456,1979-02-06,0.0,0.539063,0.523438,0.523438,0.10837000000000001,8000
1457,1979-02-07,0.0,0.53125,0.523438,0.523438,0.10837000000000001,11200
1458,1979-02-08,0.0,0.523438,0.515625,0.515625,0.106752,12800
1459,1979-02-09,0.0,0.539063,0.523438,0.539063,0.111605,12800
1460,1979-02-12,0.539063,0.539063,0.539063,0.539063,0.111605,0
1461,1979-02-13,0.0,0.523438,0.523438,0.523438,0.10837000000000001,4800
1462,1979-02-14,0.523438,0.523438,0.523438,0.523438,0.10837000000000001,0
1463,1979-02-15,0.0,0.53125,0.523438,0.53125,0.10998699999999999,9600
1464,1979-02-16,0.0,0.523438,0.523438,0.523438,0.10837000000000001,1600
1465,1979-02-20,0.0,0.523438,0.507813,0.523438,0.10837000000000001,25600
1466,1979-02-21,0.0,0.523438,0.515625,0.515625,0.106752,16000
1467,1979-02-22,0.515625,0.515625,0.515625,0.515625,0.106752,0
1468,1979-02-23,0.515625,0.515625,0.515625,0.515625,0.106752,0
1469,1979-02-26,0.515625,0.515625,0.515625,0.515625,0.106752,0
1470,1979-02-27,0.0,0.507813,0.5,0.5,0.10351700000000001,48000
1471,1979-02-28,0.0,0.507813,0.507813,0.507813,0.10513499999999999,1600
1472,1979-03-01,0.0,0.515625,0.515625,0.515625,0.106752,1600
1473,1979-03-02,0.0,0.53125,0.515625,0.53125,0.10998699999999999,17600
1474,1979-03-05,0.0,0.53125,0.53125,0.53125,0.10998699999999999,16000
1475,1979-03-06,0.0,0.523438,0.523438,0.523438,0.10837000000000001,12800
1476,1979-03-07,0.0,0.53125,0.53125,0.53125,0.10998699999999999,3200
1477,1979-03-08,0.0,0.53125,0.53125,0.53125,0.10998699999999999,3200
1478,1979-03-09,0.0,0.5625,0.539063,0.5625,0.11645699999999999,32000
1479,1979-03-12,0.0,0.546875,0.515625,0.515625,0.106752,28800
1480,1979-03-13,0.0,0.546875,0.507813,0.546875,0.113222,43200
1481,1979-03-14,0.0,0.578125,0.554688,0.570313,0.118075,35200
1482,1979-03-15,0.0,0.5625,0.554688,0.5625,0.11645699999999999,27200
1483,1979-03-16,0.0,0.546875,0.53125,0.53125,0.10998699999999999,11200
1484,1979-03-19,0.0,0.53125,0.523438,0.53125,0.10998699999999999,14400
1485,1979-03-20,0.0,0.53125,0.523438,0.53125,0.10998699999999999,17600
1486,1979-03-21,0.0,0.53125,0.53125,0.53125,0.10998699999999999,1600
1487,1979-03-22,0.0,0.546875,0.539063,0.546875,0.113222,6400
1488,1979-03-23,0.0,0.5625,0.554688,0.5625,0.11645699999999999,14400
1489,1979-03-26,0.0,0.570313,0.5625,0.5625,0.11645699999999999,11200
1490,1979-03-27,0.0,0.601563,0.5625,0.601563,0.124544,38400
1491,1979-03-28,0.0,0.617188,0.59375,0.609375,0.126162,27200
1492,1979-03-29,0.0,0.59375,0.59375,0.59375,0.122927,33600
1493,1979-03-30,0.0,0.601563,0.59375,0.601563,0.124544,14400
1494,1979-04-02,0.0,0.601563,0.59375,0.59375,0.122927,3200
1495,1979-04-03,0.0,0.59375,0.578125,0.585938,0.12130999999999999,22400
1496,1979-04-04,0.0,0.59375,0.585938,0.585938,0.12130999999999999,25600
1497,1979-04-05,0.0,0.578125,0.570313,0.570313,0.118075,11200
1498,1979-04-06,0.0,0.578125,0.570313,0.570313,0.118075,4800
1499,1979-04-09,0.0,0.578125,0.570313,0.570313,0.118075,3200
1500,1979-04-10,0.0,0.5625,0.554688,0.554688,0.11484000000000001,6400
1501,1979-04-11,0.0,0.554688,0.539063,0.546875,0.113222,16000
1502,1979-04-12,0.0,0.539063,0.539063,0.539063,0.111605,9600
1503,1979-04-16,0.0,0.53125,0.53125,0.53125,0.10998699999999999,8000
1504,1979-04-17,0.0,0.539063,0.539063,0.539063,0.111605,11200
1505,1979-04-18,0.0,0.539063,0.53125,0.539063,0.111605,19200
1506,1979-04-19,0.0,0.539063,0.539063,0.539063,0.111605,9600
1507,1979-04-20,0.0,0.5625,0.554688,0.5625,0.11645699999999999,11200
1508,1979-04-23,0.0,0.554688,0.546875,0.546875,0.113222,16000
1509,1979-04-24,0.0,0.5625,0.554688,0.5625,0.11645699999999999,9600
1510,1979-04-25,0.0,0.5625,0.5625,0.5625,0.11645699999999999,16000
1511,1979-04-26,0.0,0.5625,0.5625,0.5625,0.11645699999999999,9600
1512,1979-04-27,0.0,0.578125,0.570313,0.578125,0.119692,3200
1513,1979-04-30,0.0,0.585938,0.585938,0.585938,0.12130999999999999,14400
1514,1979-05-01,0.0,0.59375,0.585938,0.585938,0.12130999999999999,16000
1515,1979-05-02,0.0,0.585938,0.585938,0.585938,0.12130999999999999,9600
1516,1979-05-03,0.0,0.59375,0.585938,0.59375,0.122927,30400
1517,1979-05-04,0.0,0.59375,0.585938,0.585938,0.12130999999999999,3200
1518,1979-05-07,0.0,0.578125,0.570313,0.570313,0.118075,16000
1519,1979-05-08,0.0,0.570313,0.570313,0.570313,0.118075,3200
1520,1979-05-09,0.570313,0.570313,0.570313,0.570313,0.118075,0
1521,1979-05-10,0.0,0.570313,0.5625,0.570313,0.118075,4800
1522,1979-05-11,0.0,0.570313,0.5625,0.570313,0.118075,9600
1523,1979-05-14,0.0,0.5625,0.554688,0.5625,0.11645699999999999,14400
1524,1979-05-15,0.0,0.554688,0.546875,0.546875,0.113222,8000
1525,1979-05-16,0.0,0.5625,0.5625,0.5625,0.11645699999999999,1600
1526,1979-05-17,0.0,0.5625,0.5625,0.5625,0.11645699999999999,16000
1527,1979-05-18,0.0,0.546875,0.507813,0.507813,0.10513499999999999,140800
1528,1979-05-21,0.0,0.515625,0.515625,0.515625,0.106752,20800
1529,1979-05-22,0.0,0.53125,0.515625,0.53125,0.10998699999999999,24000
1530,1979-05-23,0.0,0.53125,0.523438,0.53125,0.10998699999999999,14400
1531,1979-05-24,0.0,0.53125,0.53125,0.53125,0.10998699999999999,1600
1532,1979-05-25,0.0,0.53125,0.53125,0.53125,0.10998699999999999,11200
1533,1979-05-29,0.0,0.53125,0.523438,0.53125,0.10998699999999999,22400
1534,1979-05-30,0.0,0.546875,0.53125,0.546875,0.113222,8000
1535,1979-05-31,0.0,0.539063,0.539063,0.539063,0.111605,1600
1536,1979-06-01,0.0,0.53125,0.523438,0.523438,0.10837000000000001,9600
1537,1979-06-04,0.523438,0.523438,0.523438,0.523438,0.10837000000000001,0
1538,1979-06-05,0.0,0.523438,0.515625,0.515625,0.106752,20800
1539,1979-06-06,0.0,0.53125,0.507813,0.53125,0.10998699999999999,44800
1540,1979-06-07,0.0,0.554688,0.53125,0.546875,0.113222,33600
1541,1979-06-08,0.0,0.554688,0.546875,0.554688,0.11484000000000001,22400
1542,1979-06-11,0.0,0.554688,0.554688,0.554688,0.11484000000000001,1600
1543,1979-06-12,0.0,0.554688,0.546875,0.554688,0.11484000000000001,35200
1544,1979-06-13,0.0,0.546875,0.539063,0.539063,0.111605,19200
1545,1979-06-14,0.539063,0.539063,0.539063,0.539063,0.111605,0
1546,1979-06-15,0.0,0.53125,0.53125,0.53125,0.10998699999999999,12800
1547,1979-06-18,0.0,0.53125,0.53125,0.53125,0.10998699999999999,8000
1548,1979-06-19,0.0,0.539063,0.53125,0.539063,0.111605,12800
1549,1979-06-20,0.0,0.554688,0.53125,0.554688,0.11484000000000001,32000
1550,1979-06-21,0.0,0.546875,0.546875,0.546875,0.113222,1600
1551,1979-06-22,0.0,0.554688,0.546875,0.546875,0.113222,17600
1552,1979-06-25,0.0,0.546875,0.539063,0.539063,0.111605,38400
1553,1979-06-26,0.0,0.546875,0.53125,0.546875,0.113222,8000
1554,1979-06-27,0.0,0.546875,0.546875,0.546875,0.113222,4800
1555,1979-06-28,0.0,0.546875,0.539063,0.539063,0.111605,24000
1556,1979-06-29,0.0,0.53125,0.523438,0.53125,0.10998699999999999,35200
1557,1979-07-02,0.0,0.523438,0.507813,0.507813,0.10513499999999999,9600
1558,1979-07-03,0.0,0.515625,0.492188,0.507813,0.10513499999999999,22400
1559,1979-07-05,0.0,0.515625,0.5,0.515625,0.106752,9600
1560,1979-07-06,0.0,0.523438,0.507813,0.507813,0.10513499999999999,40000
1561,1979-07-09,0.0,0.523438,0.515625,0.515625,0.106752,8000
1562,1979-07-10,0.0,0.523438,0.523438,0.523438,0.10837000000000001,11200
1563,1979-07-11,0.0,0.523438,0.507813,0.515625,0.106752,16000
1564,1979-07-12,0.0,0.523438,0.515625,0.523438,0.10837000000000001,12800
1565,1979-07-13,0.0,0.515625,0.507813,0.515625,0.106752,8000
1566,1979-07-16,0.0,0.523438,0.515625,0.523438,0.10837000000000001,19200
1567,1979-07-17,0.0,0.523438,0.523438,0.523438,0.10837000000000001,4800
1568,1979-07-18,0.0,0.515625,0.515625,0.515625,0.106752,24000
1569,1979-07-19,0.0,0.546875,0.53125,0.546875,0.113222,41600
1570,1979-07-20,0.0,0.578125,0.546875,0.578125,0.119692,56000
1571,1979-07-23,0.0,0.59375,0.578125,0.59375,0.122927,40000
1572,1979-07-24,0.0,0.59375,0.585938,0.585938,0.12130999999999999,11200
1573,1979-07-25,0.0,0.578125,0.578125,0.578125,0.119692,1600
1574,1979-07-26,0.0,0.59375,0.578125,0.59375,0.122927,46400
1575,1979-07-27,0.0,0.625,0.609375,0.617188,0.127779,131200
1576,1979-07-30,0.0,0.609375,0.59375,0.601563,0.124544,20800
1577,1979-07-31,0.0,0.609375,0.59375,0.609375,0.126162,20800
1578,1979-08-01,0.0,0.617188,0.601563,0.617188,0.127779,30400
1579,1979-08-02,0.0,0.609375,0.59375,0.59375,0.122927,41600
1580,1979-08-03,0.59375,0.59375,0.59375,0.59375,0.122927,0
1581,1979-08-06,0.0,0.59375,0.585938,0.585938,0.12130999999999999,19200
1582,1979-08-07,0.0,0.578125,0.578125,0.578125,0.119692,3200
1583,1979-08-08,0.0,0.570313,0.5625,0.5625,0.11645699999999999,16000
1584,1979-08-09,0.0,0.570313,0.570313,0.570313,0.118075,11200
1585,1979-08-10,0.570313,0.570313,0.570313,0.570313,0.118075,0
1586,1979-08-13,0.0,0.585938,0.578125,0.585938,0.12130999999999999,3200
1587,1979-08-14,0.0,0.585938,0.570313,0.570313,0.118075,20800
1588,1979-08-15,0.0,0.578125,0.570313,0.570313,0.118075,11200
1589,1979-08-16,0.570313,0.570313,0.570313,0.570313,0.118075,0
1590,1979-08-17,0.0,0.585938,0.585938,0.585938,0.12130999999999999,1600
1591,1979-08-20,0.0,0.585938,0.570313,0.585938,0.12130999999999999,20800
1592,1979-08-21,0.0,0.578125,0.5625,0.578125,0.119692,28800
1593,1979-08-22,0.0,0.625,0.578125,0.625,0.129397,83200
1594,1979-08-23,0.0,0.65625,0.625,0.65625,0.13586700000000002,257600
1595,1979-08-24,0.0,0.6875,0.65625,0.679688,0.140719,201600
1596,1979-08-27,0.0,0.6875,0.664063,0.664063,0.137484,142400
1597,1979-08-28,0.0,0.71875,0.65625,0.679688,0.140719,57600
1598,1979-08-29,0.0,0.679688,0.664063,0.679688,0.140719,76800
1599,1979-08-30,0.0,0.679688,0.679688,0.679688,0.140719,49600
1600,1979-08-31,0.0,0.6875,0.65625,0.671875,0.139102,115200
1601,1979-09-04,0.0,0.679688,0.671875,0.679688,0.140719,41600
1602,1979-09-05,0.0,0.679688,0.664063,0.664063,0.137484,40000
1603,1979-09-06,0.0,0.664063,0.648438,0.65625,0.13586700000000002,25600
1604,1979-09-07,0.0,0.640625,0.640625,0.640625,0.132632,20800
1605,1979-09-10,0.0,0.632813,0.625,0.625,0.129397,27200
1606,1979-09-11,0.0,0.640625,0.625,0.632813,0.13101400000000002,32000
1607,1979-09-12,0.0,0.648438,0.632813,0.648438,0.134249,20800
1608,1979-09-13,0.0,0.664063,0.65625,0.65625,0.13586700000000002,24000
1609,1979-09-14,0.0,0.6875,0.664063,0.671875,0.139102,54400
1610,1979-09-17,0.0,0.679688,0.664063,0.679688,0.140719,30400
1611,1979-09-18,0.0,0.679688,0.640625,0.671875,0.139102,67200
1612,1979-09-19,0.0,0.679688,0.664063,0.671875,0.139102,25600
1613,1979-09-20,0.0,0.679688,0.671875,0.679688,0.140719,28800
1614,1979-09-21,0.0,0.679688,0.664063,0.671875,0.139102,19200
1615,1979-09-24,0.0,0.679688,0.664063,0.664063,0.137484,22400
1616,1979-09-25,0.0,0.671875,0.664063,0.664063,0.137484,9600
1617,1979-09-26,0.0,0.6875,0.671875,0.671875,0.139102,8000
1618,1979-09-27,0.0,0.6875,0.671875,0.671875,0.139102,6400
1619,1979-09-28,0.0,0.664063,0.664063,0.664063,0.137484,1600
1620,1979-10-01,0.664063,0.664063,0.664063,0.664063,0.137484,0
1621,1979-10-02,0.0,0.671875,0.65625,0.65625,0.13586700000000002,22400
1622,1979-10-03,0.0,0.671875,0.65625,0.664063,0.137484,8000
1623,1979-10-04,0.0,0.65625,0.648438,0.648438,0.134249,8000
1624,1979-10-05,0.0,0.65625,0.640625,0.65625,0.13586700000000002,14400
1625,1979-10-08,0.0,0.648438,0.640625,0.648438,0.134249,9600
1626,1979-10-09,0.0,0.632813,0.570313,0.578125,0.119692,51200
1627,1979-10-10,0.0,0.5625,0.507813,0.53125,0.10998699999999999,94400
1628,1979-10-11,0.0,0.59375,0.554688,0.5625,0.11645699999999999,112000
1629,1979-10-12,0.0,0.570313,0.5625,0.570313,0.118075,4800
1630,1979-10-15,0.0,0.5625,0.554688,0.554688,0.11484000000000001,17600
1631,1979-10-16,0.0,0.546875,0.546875,0.546875,0.113222,3200
1632,1979-10-17,0.0,0.554688,0.554688,0.554688,0.11484000000000001,1600
1633,1979-10-18,0.0,0.554688,0.539063,0.539063,0.111605,6400
1634,1979-10-19,0.0,0.53125,0.492188,0.492188,0.1019,51200
1635,1979-10-22,0.0,0.492188,0.484375,0.484375,0.10028200000000001,22400
1636,1979-10-23,0.0,0.515625,0.484375,0.5,0.10351700000000001,36800
1637,1979-10-24,0.0,0.523438,0.507813,0.523438,0.10837000000000001,24000
1638,1979-10-25,0.0,0.53125,0.515625,0.515625,0.106752,19200
1639,1979-10-26,0.0,0.523438,0.507813,0.507813,0.10513499999999999,20800
1640,1979-10-29,0.0,0.5,0.492188,0.5,0.10351700000000001,17600
1641,1979-10-30,0.0,0.523438,0.5,0.515625,0.106752,11200
1642,1979-10-31,0.0,0.507813,0.484375,0.5,0.10351700000000001,56000
1643,1979-11-01,0.0,0.476563,0.4375,0.445313,0.092195,147200
1644,1979-11-02,0.0,0.445313,0.421875,0.445313,0.092195,44800
1645,1979-11-05,0.0,0.445313,0.4375,0.445313,0.092195,33600
1646,1979-11-06,0.0,0.445313,0.445313,0.445313,0.092195,1600
1647,1979-11-07,0.0,0.445313,0.421875,0.421875,0.08734299999999999,27200
1648,1979-11-08,0.0,0.4375,0.421875,0.421875,0.08734299999999999,27200
1649,1979-11-09,0.0,0.4375,0.429688,0.429688,0.08896,27200
1650,1979-11-12,0.0,0.421875,0.40625,0.414063,0.085725,57600
1651,1979-11-13,0.414063,0.414063,0.414063,0.414063,0.085725,0
1652,1979-11-14,0.0,0.421875,0.421875,0.421875,0.08734299999999999,1600
1653,1979-11-15,0.0,0.421875,0.421875,0.421875,0.08734299999999999,1600
1654,1979-11-16,0.0,0.421875,0.421875,0.421875,0.08734299999999999,22400
1655,1979-11-19,0.0,0.445313,0.421875,0.445313,0.092195,35200
1656,1979-11-20,0.0,0.4375,0.4375,0.4375,0.09057799999999999,9600
1657,1979-11-21,0.4375,0.4375,0.4375,0.4375,0.09057799999999999,0
1658,1979-11-23,0.0,0.445313,0.4375,0.445313,0.092195,9600
1659,1979-11-26,0.0,0.445313,0.429688,0.4375,0.09057799999999999,32000
1660,1979-11-27,0.0,0.445313,0.429688,0.429688,0.08896,25600
1661,1979-11-28,0.0,0.445313,0.4375,0.445313,0.092195,8000
1662,1979-11-29,0.0,0.445313,0.4375,0.4375,0.09057799999999999,51200
1663,1979-11-30,0.0,0.4375,0.429688,0.4375,0.09057799999999999,27200
1664,1979-12-03,0.0,0.445313,0.4375,0.445313,0.092195,6400
1665,1979-12-04,0.0,0.4375,0.429688,0.4375,0.09057799999999999,25600
1666,1979-12-05,0.0,0.4375,0.421875,0.4375,0.09057799999999999,19200
1667,1979-12-06,0.0,0.429688,0.429688,0.429688,0.08896,28800
1668,1979-12-07,0.0,0.4375,0.429688,0.4375,0.09057799999999999,38400
1669,1979-12-10,0.0,0.445313,0.429688,0.4375,0.09057799999999999,187200
1670,1979-12-11,0.0,0.445313,0.4375,0.4375,0.09057799999999999,28800
1671,1979-12-12,0.0,0.445313,0.429688,0.429688,0.08896,46400
1672,1979-12-13,0.0,0.445313,0.4375,0.445313,0.092195,12800
1673,1979-12-14,0.0,0.445313,0.4375,0.445313,0.092195,12800
1674,1979-12-17,0.0,0.460938,0.4375,0.460938,0.09543,25600
1675,1979-12-18,0.0,0.460938,0.445313,0.445313,0.092195,27200
1676,1979-12-19,0.0,0.453125,0.4375,0.445313,0.092195,41600
1677,1979-12-20,0.0,0.453125,0.445313,0.445313,0.092195,12800
1678,1979-12-21,0.0,0.476563,0.453125,0.476563,0.098665,83200
1679,1979-12-24,0.476563,0.476563,0.476563,0.476563,0.098665,0
1680,1979-12-26,0.0,0.476563,0.453125,0.453125,0.093813,19200
1681,1979-12-27,0.0,0.460938,0.453125,0.453125,0.093813,49600
1682,1979-12-28,0.0,0.460938,0.453125,0.460938,0.09543,19200
1683,1979-12-31,0.0,0.460938,0.429688,0.4375,0.09057799999999999,148800
1684,1980-01-02,0.0,0.453125,0.445313,0.453125,0.093813,16000
1685,1980-01-03,0.0,0.4375,0.429688,0.4375,0.09057799999999999,22400
1686,1980-01-04,0.0,0.460938,0.453125,0.460938,0.09543,12800
1687,1980-01-07,0.0,0.445313,0.4375,0.445313,0.092195,28800
1688,1980-01-08,0.0,0.460938,0.445313,0.460938,0.09543,32000
1689,1980-01-09,0.0,0.453125,0.4375,0.4375,0.09057799999999999,22400
1690,1980-01-10,0.0,0.453125,0.453125,0.453125,0.093813,1600
1691,1980-01-11,0.0,0.460938,0.453125,0.460938,0.09543,9600
1692,1980-01-14,0.0,0.460938,0.4375,0.460938,0.09543,30400
1693,1980-01-15,0.0,0.453125,0.4375,0.453125,0.093813,52800
1694,1980-01-16,0.0,0.460938,0.453125,0.453125,0.093813,11200
1695,1980-01-17,0.0,0.453125,0.445313,0.453125,0.093813,4800
1696,1980-01-18,0.0,0.46875,0.445313,0.453125,0.093813,81600
1697,1980-01-21,0.0,0.492188,0.445313,0.492188,0.1019,68800
1698,1980-01-22,0.0,0.492188,0.46875,0.46875,0.097048,17600
1699,1980-01-23,0.0,0.492188,0.484375,0.492188,0.1019,22400
1700,1980-01-24,0.0,0.492188,0.484375,0.492188,0.1019,8000
1701,1980-01-25,0.0,0.5,0.484375,0.492188,0.1019,12800
1702,1980-01-28,0.492188,0.492188,0.492188,0.492188,0.1019,0
1703,1980-01-29,0.0,0.484375,0.484375,0.484375,0.10028200000000001,3200
1704,1980-01-30,0.0,0.492188,0.492188,0.492188,0.1019,4800
1705,1980-01-31,0.0,0.492188,0.492188,0.492188,0.1019,6400
1706,1980-02-01,0.0,0.484375,0.484375,0.484375,0.10028200000000001,3200
1707,1980-02-04,0.0,0.484375,0.46875,0.476563,0.098665,33600
1708,1980-02-05,0.0,0.484375,0.46875,0.476563,0.098665,35200
1709,1980-02-06,0.0,0.46875,0.453125,0.46875,0.097048,25600
1710,1980-02-07,0.0,0.46875,0.460938,0.46875,0.097048,14400
1711,1980-02-08,0.0,0.46875,0.453125,0.453125,0.093813,32000
1712,1980-02-11,0.0,0.460938,0.445313,0.453125,0.093813,38400
1713,1980-02-12,0.0,0.46875,0.453125,0.46875,0.097048,24000
1714,1980-02-13,0.0,0.46875,0.46875,0.46875,0.097048,19200
1715,1980-02-14,0.0,0.484375,0.476563,0.484375,0.10028200000000001,19200
1716,1980-02-15,0.0,0.476563,0.460938,0.46875,0.097048,24000
1717,1980-02-19,0.0,0.453125,0.453125,0.453125,0.093813,24000
1718,1980-02-20,0.0,0.460938,0.445313,0.453125,0.093813,16000
1719,1980-02-21,0.0,0.453125,0.453125,0.453125,0.093813,1600
1720,1980-02-22,0.0,0.460938,0.453125,0.453125,0.093813,35200
1721,1980-02-25,0.0,0.453125,0.453125,0.453125,0.093813,12800
1722,1980-02-26,0.0,0.453125,0.4375,0.453125,0.093813,24000
1723,1980-02-27,0.0,0.4375,0.4375,0.4375,0.09057799999999999,4800
1724,1980-02-28,0.0,0.453125,0.445313,0.453125,0.093813,19200
1725,1980-02-29,0.0,0.453125,0.453125,0.453125,0.093813,1600
1726,1980-03-03,0.0,0.46875,0.453125,0.460938,0.09543,28800
1727,1980-03-04,0.0,0.460938,0.453125,0.453125,0.093813,30400
1728,1980-03-05,0.0,0.460938,0.453125,0.453125,0.093813,17600
1729,1980-03-06,0.0,0.445313,0.445313,0.445313,0.092195,4800
1730,1980-03-07,0.0,0.445313,0.445313,0.445313,0.092195,4800
1731,1980-03-10,0.0,0.4375,0.429688,0.4375,0.09057799999999999,14400
1732,1980-03-11,0.0,0.460938,0.429688,0.460938,0.09543,105600
1733,1980-03-12,0.0,0.53125,0.46875,0.515625,0.106752,200000
1734,1980-03-13,0.0,0.570313,0.507813,0.546875,0.113222,153600
1735,1980-03-14,0.0,0.570313,0.539063,0.5625,0.11645699999999999,48000
1736,1980-03-17,0.0,0.554688,0.546875,0.546875,0.113222,54400
1737,1980-03-18,0.0,0.53125,0.515625,0.515625,0.106752,19200
1738,1980-03-19,0.0,0.515625,0.5,0.515625,0.106752,16000
1739,1980-03-20,0.0,0.515625,0.5,0.515625,0.106752,14400
1740,1980-03-21,0.0,0.523438,0.507813,0.515625,0.106752,72000
1741,1980-03-24,0.0,0.53125,0.5,0.507813,0.10513499999999999,20800
1742,1980-03-25,0.0,0.5,0.484375,0.484375,0.10028200000000001,19200
1743,1980-03-26,0.0,0.5,0.484375,0.5,0.10351700000000001,44800
1744,1980-03-27,0.0,0.484375,0.445313,0.445313,0.092195,51200
1745,1980-03-28,0.0,0.5,0.46875,0.5,0.10351700000000001,80000
1746,1980-03-31,0.0,0.515625,0.515625,0.515625,0.106752,32000
1747,1980-04-01,0.0,0.515625,0.5,0.515625,0.106752,30400
1748,1980-04-02,0.0,0.53125,0.515625,0.53125,0.10998699999999999,49600
1749,1980-04-03,0.0,0.53125,0.523438,0.523438,0.10837000000000001,67200
1750,1980-04-07,0.0,0.53125,0.515625,0.515625,0.106752,19200
1751,1980-04-08,0.0,0.515625,0.515625,0.515625,0.106752,24000
1752,1980-04-09,0.0,0.523438,0.515625,0.515625,0.106752,22400
1753,1980-04-10,0.0,0.515625,0.515625,0.515625,0.106752,27200
1754,1980-04-11,0.0,0.515625,0.492188,0.507813,0.10513499999999999,121600
1755,1980-04-14,0.0,0.507813,0.507813,0.507813,0.10513499999999999,12800
1756,1980-04-15,0.0,0.507813,0.5,0.507813,0.10513499999999999,19200
1757,1980-04-16,0.0,0.5,0.5,0.5,0.10351700000000001,1600
1758,1980-04-17,0.0,0.5,0.484375,0.492188,0.1019,16000
1759,1980-04-18,0.0,0.484375,0.476563,0.476563,0.098665,27200
1760,1980-04-21,0.0,0.46875,0.46875,0.46875,0.097048,6400
1761,1980-04-22,0.0,0.46875,0.46875,0.46875,0.097048,3200
1762,1980-04-23,0.0,0.5,0.484375,0.5,0.10351700000000001,57600
1763,1980-04-24,0.0,0.507813,0.507813,0.507813,0.10513499999999999,8000
1764,1980-04-25,0.507813,0.507813,0.507813,0.507813,0.10513499999999999,0
1765,1980-04-28,0.0,0.515625,0.507813,0.507813,0.10513499999999999,11200
1766,1980-04-29,0.0,0.507813,0.507813,0.507813,0.10513499999999999,22400
1767,1980-04-30,0.0,0.507813,0.507813,0.507813,0.10513499999999999,1600
1768,1980-05-01,0.507813,0.507813,0.507813,0.507813,0.10513499999999999,0
1769,1980-05-02,0.0,0.507813,0.484375,0.484375,0.10028200000000001,36800
1770,1980-05-05,0.0,0.492188,0.492188,0.492188,0.1019,6400
1771,1980-05-06,0.0,0.492188,0.492188,0.492188,0.1019,1600
1772,1980-05-07,0.492188,0.492188,0.492188,0.492188,0.1019,0
1773,1980-05-08,0.0,0.5,0.492188,0.5,0.10351700000000001,11200
1774,1980-05-09,0.5,0.5,0.5,0.5,0.10351700000000001,0
1775,1980-05-12,0.0,0.507813,0.5,0.5,0.10351700000000001,8000
1776,1980-05-13,0.0,0.5,0.492188,0.5,0.10351700000000001,14400
1777,1980-05-14,0.0,0.5,0.5,0.5,0.10351700000000001,4800
1778,1980-05-15,0.0,0.492188,0.492188,0.492188,0.1019,1600
1779,1980-05-16,0.0,0.492188,0.492188,0.492188,0.1019,1600
1780,1980-05-19,0.0,0.492188,0.484375,0.484375,0.10028200000000001,24000
1781,1980-05-20,0.0,0.492188,0.484375,0.484375,0.10028200000000001,28800
1782,1980-05-21,0.0,0.5,0.5,0.5,0.10351700000000001,24000
1783,1980-05-22,0.0,0.492188,0.492188,0.492188,0.1019,4800
1784,1980-05-23,0.0,0.5,0.5,0.5,0.10351700000000001,11200
1785,1980-05-27,0.0,0.5,0.46875,0.46875,0.097048,73600
1786,1980-05-28,0.0,0.484375,0.46875,0.484375,0.10028200000000001,11200
1787,1980-05-29,0.0,0.484375,0.484375,0.484375,0.10028200000000001,3200
1788,1980-05-30,0.0,0.484375,0.484375,0.484375,0.10028200000000001,12800
1789,1980-06-02,0.0,0.492188,0.484375,0.484375,0.10028200000000001,6400
1790,1980-06-03,0.0,0.5,0.492188,0.5,0.10351700000000001,8000
1791,1980-06-04,0.0,0.53125,0.5,0.53125,0.10998699999999999,32000
1792,1980-06-05,0.53125,0.53125,0.53125,0.53125,0.10998699999999999,0
1793,1980-06-06,0.0,0.53125,0.523438,0.53125,0.10998699999999999,9600
1794,1980-06-09,0.0,0.53125,0.523438,0.523438,0.10837000000000001,6400
1795,1980-06-10,0.0,0.53125,0.515625,0.53125,0.10998699999999999,6400
1796,1980-06-11,0.0,0.53125,0.507813,0.507813,0.10513499999999999,27200
1797,1980-06-12,0.0,0.515625,0.5,0.5,0.10351700000000001,11200
1798,1980-06-13,0.0,0.546875,0.5,0.546875,0.113222,81600
1799,1980-06-16,0.546875,0.546875,0.546875,0.546875,0.113222,0
1800,1980-06-17,0.546875,0.546875,0.546875,0.546875,0.113222,0
1801,1980-06-18,0.0,0.53125,0.53125,0.53125,0.10998699999999999,8000
1802,1980-06-19,0.0,0.53125,0.53125,0.53125,0.10998699999999999,60800
1803,1980-06-20,0.53125,0.53125,0.53125,0.53125,0.10998699999999999,0
1804,1980-06-23,0.53125,0.53125,0.53125,0.53125,0.10998699999999999,0
1805,1980-06-24,0.0,0.539063,0.53125,0.53125,0.10998699999999999,8000
1806,1980-06-25,0.0,0.539063,0.53125,0.53125,0.10998699999999999,9600
1807,1980-06-26,0.0,0.53125,0.53125,0.53125,0.10998699999999999,3200
1808,1980-06-27,0.0,0.539063,0.515625,0.53125,0.10998699999999999,44800
1809,1980-06-30,0.0,0.539063,0.53125,0.53125,0.10998699999999999,11200
1810,1980-07-01,0.0,0.53125,0.53125,0.53125,0.10998699999999999,3200
1811,1980-07-02,0.0,0.539063,0.53125,0.539063,0.111605,19200
1812,1980-07-03,0.0,0.546875,0.53125,0.539063,0.111605,49600
1813,1980-07-07,0.0,0.539063,0.539063,0.539063,0.111605,4800
1814,1980-07-08,0.0,0.539063,0.539063,0.539063,0.111605,22400
1815,1980-07-09,0.0,0.539063,0.539063,0.539063,0.111605,8000
1816,1980-07-10,0.0,0.539063,0.539063,0.539063,0.111605,12800
1817,1980-07-11,0.0,0.539063,0.539063,0.539063,0.111605,4800
1818,1980-07-14,0.0,0.59375,0.554688,0.585938,0.12130999999999999,68800
1819,1980-07-15,0.0,0.601563,0.578125,0.59375,0.122927,129600
1820,1980-07-16,0.0,0.625,0.617188,0.625,0.129397,73600
1821,1980-07-17,0.0,0.625,0.609375,0.609375,0.126162,38400
1822,1980-07-18,0.0,0.625,0.625,0.625,0.129397,30400
1823,1980-07-21,0.0,0.617188,0.609375,0.617188,0.127779,12800
1824,1980-07-22,0.0,0.640625,0.617188,0.617188,0.127779,68800
1825,1980-07-23,0.0,0.625,0.617188,0.625,0.129397,17600
1826,1980-07-24,0.0,0.625,0.625,0.625,0.129397,6400
1827,1980-07-25,0.0,0.617188,0.617188,0.617188,0.127779,9600
1828,1980-07-28,0.0,0.625,0.609375,0.617188,0.127779,9600
1829,1980-07-29,0.0,0.609375,0.609375,0.609375,0.126162,16000
1830,1980-07-30,0.0,0.609375,0.601563,0.601563,0.124544,40000
1831,1980-07-31,0.0,0.59375,0.59375,0.59375,0.122927,17600
1832,1980-08-01,0.0,0.617188,0.601563,0.617188,0.127779,16000
1833,1980-08-04,0.0,0.617188,0.609375,0.609375,0.126162,25600
1834,1980-08-05,0.0,0.609375,0.609375,0.609375,0.126162,1600
1835,1980-08-06,0.0,0.609375,0.59375,0.609375,0.126162,22400
1836,1980-08-07,0.0,0.617188,0.609375,0.609375,0.126162,6400
1837,1980-08-08,0.0,0.617188,0.59375,0.617188,0.127779,36800
1838,1980-08-11,0.0,0.640625,0.625,0.640625,0.132632,60800
1839,1980-08-12,0.0,0.679688,0.65625,0.664063,0.137484,148800
1840,1980-08-13,0.0,0.679688,0.671875,0.671875,0.139102,14400
1841,1980-08-14,0.0,0.671875,0.65625,0.65625,0.13586700000000002,89600
1842,1980-08-15,0.0,0.65625,0.640625,0.640625,0.132632,49600
1843,1980-08-18,0.0,0.632813,0.617188,0.625,0.129397,44800
1844,1980-08-19,0.0,0.625,0.617188,0.625,0.129397,40000
1845,1980-08-20,0.0,0.625,0.625,0.625,0.129397,1600
1846,1980-08-21,0.0,0.625,0.625,0.625,0.129397,3200
1847,1980-08-22,0.0,0.65625,0.640625,0.648438,0.134249,49600
1848,1980-08-25,0.0,0.640625,0.632813,0.632813,0.13101400000000002,4800
1849,1980-08-26,0.0,0.640625,0.632813,0.632813,0.13101400000000002,40000
1850,1980-08-27,0.0,0.648438,0.648438,0.648438,0.134249,4800
1851,1980-08-28,0.0,0.632813,0.632813,0.632813,0.13101400000000002,8000
1852,1980-08-29,0.0,0.625,0.625,0.625,0.129397,4800
1853,1980-09-02,0.0,0.640625,0.632813,0.640625,0.132632,11200
1854,1980-09-03,0.0,0.65625,0.640625,0.65625,0.13586700000000002,36800
1855,1980-09-04,0.0,0.703125,0.664063,0.695313,0.143954,180800
1856,1980-09-05,0.0,0.734375,0.71875,0.734375,0.152041,100800
1857,1980-09-08,0.0,0.726563,0.71875,0.71875,0.148806,17600
1858,1980-09-09,0.0,0.734375,0.71875,0.734375,0.152041,35200
1859,1980-09-10,0.0,0.75,0.726563,0.742188,0.153659,56000
1860,1980-09-11,0.0,0.765625,0.75,0.765625,0.15851099999999999,43200
1861,1980-09-12,0.0,0.828125,0.773438,0.828125,0.171451,97600
1862,1980-09-15,0.0,0.828125,0.796875,0.796875,0.164981,38400
1863,1980-09-16,0.0,0.796875,0.78125,0.78125,0.161746,27200
1864,1980-09-17,0.0,0.78125,0.765625,0.765625,0.15851099999999999,59200
1865,1980-09-18,0.0,0.773438,0.765625,0.765625,0.15851099999999999,4800
1866,1980-09-19,0.0,0.78125,0.765625,0.765625,0.15851099999999999,27200
1867,1980-09-22,0.0,0.75,0.726563,0.742188,0.153659,68800
1868,1980-09-23,0.0,0.742188,0.734375,0.734375,0.152041,24000
1869,1980-09-24,0.0,0.75,0.734375,0.75,0.155276,20800
1870,1980-09-25,0.0,0.742188,0.726563,0.726563,0.150424,33600
1871,1980-09-26,0.0,0.726563,0.71875,0.726563,0.150424,6400
1872,1980-09-29,0.0,0.710938,0.695313,0.695313,0.143954,14400
1873,1980-09-30,0.0,0.710938,0.703125,0.710938,0.14718900000000001,40000
1874,1980-10-01,0.0,0.703125,0.695313,0.695313,0.143954,36800
1875,1980-10-02,0.0,0.695313,0.695313,0.695313,0.143954,4800
1876,1980-10-03,0.695313,0.695313,0.695313,0.695313,0.143954,0
1877,1980-10-06,0.0,0.726563,0.710938,0.726563,0.150424,24000
1878,1980-10-07,0.0,0.742188,0.71875,0.734375,0.152041,14400
1879,1980-10-08,0.0,0.742188,0.726563,0.742188,0.153659,11200
1880,1980-10-09,0.0,0.820313,0.78125,0.796875,0.164981,139200
1881,1980-10-10,0.0,0.820313,0.804688,0.8125,0.168216,54400
1882,1980-10-13,0.0,0.859375,0.828125,0.84375,0.17468599999999998,73600
1883,1980-10-14,0.0,0.867188,0.84375,0.851563,0.176303,70400
1884,1980-10-15,0.0,0.84375,0.835938,0.835938,0.173068,51200
1885,1980-10-16,0.0,0.835938,0.804688,0.804688,0.166598,44800
1886,1980-10-17,0.0,0.820313,0.789063,0.804688,0.166598,54400
1887,1980-10-20,0.0,0.8125,0.789063,0.789063,0.163363,24000
1888,1980-10-21,0.0,0.804688,0.789063,0.789063,0.163363,20800
1889,1980-10-22,0.0,0.796875,0.78125,0.789063,0.163363,19200
1890,1980-10-23,0.0,0.8125,0.804688,0.804688,0.166598,24000
1891,1980-10-24,0.0,0.804688,0.789063,0.789063,0.163363,30400
1892,1980-10-27,0.0,0.796875,0.78125,0.78125,0.161746,19200
1893,1980-10-28,0.0,0.789063,0.78125,0.78125,0.161746,3200
1894,1980-10-29,0.0,0.789063,0.773438,0.78125,0.161746,16000
1895,1980-10-30,0.78125,0.78125,0.78125,0.78125,0.161746,0
1896,1980-10-31,0.0,0.773438,0.757813,0.773438,0.160129,32000
1897,1980-11-03,0.0,0.789063,0.78125,0.78125,0.161746,17600
1898,1980-11-05,0.0,0.804688,0.78125,0.78125,0.161746,35200
1899,1980-11-06,0.0,0.773438,0.757813,0.757813,0.156894,19200
1900,1980-11-07,0.0,0.789063,0.75,0.789063,0.163363,94400
1901,1980-11-10,0.0,0.820313,0.804688,0.820313,0.16983299999999998,38400
1902,1980-11-11,0.0,0.84375,0.8125,0.8125,0.168216,65600
1903,1980-11-12,0.0,0.8125,0.804688,0.8125,0.168216,27200
1904,1980-11-13,0.0,0.804688,0.789063,0.789063,0.163363,16000
1905,1980-11-14,0.0,0.828125,0.804688,0.8125,0.168216,59200
1906,1980-11-17,0.0,0.804688,0.789063,0.796875,0.164981,41600
1907,1980-11-18,0.0,0.835938,0.804688,0.8125,0.168216,70400
1908,1980-11-19,0.0,0.828125,0.804688,0.804688,0.166598,48000
1909,1980-11-20,0.0,0.804688,0.796875,0.804688,0.166598,27200
1910,1980-11-21,0.0,0.8125,0.789063,0.789063,0.163363,27200
1911,1980-11-24,0.0,0.796875,0.78125,0.78125,0.161746,11200
1912,1980-11-25,0.0,0.789063,0.789063,0.789063,0.163363,6400
1913,1980-11-26,0.0,0.796875,0.773438,0.773438,0.160129,35200
1914,1980-11-28,0.0,0.78125,0.78125,0.78125,0.161746,1600
1915,1980-12-01,0.0,0.789063,0.773438,0.773438,0.160129,24000
1916,1980-12-02,0.0,0.773438,0.765625,0.765625,0.15851099999999999,12800
1917,1980-12-03,0.0,0.773438,0.765625,0.765625,0.15851099999999999,6400
1918,1980-12-04,0.0,0.78125,0.773438,0.78125,0.161746,944000
1919,1980-12-05,0.0,0.773438,0.757813,0.773438,0.160129,17600
1920,1980-12-08,0.0,0.765625,0.71875,0.71875,0.148806,56000
1921,1980-12-09,0.0,0.710938,0.703125,0.703125,0.145571,19200
1922,1980-12-10,0.0,0.703125,0.671875,0.671875,0.139102,20800
1923,1980-12-11,0.0,0.65625,0.640625,0.640625,0.132632,40000
1924,1980-12-12,0.0,0.640625,0.640625,0.640625,0.132632,41600
1925,1980-12-15,0.0,0.664063,0.648438,0.664063,0.137484,46400
1926,1980-12-16,0.0,0.65625,0.632813,0.640625,0.132632,36800
1927,1980-12-17,0.0,0.640625,0.632813,0.640625,0.132632,19200
1928,1980-12-18,0.0,0.648438,0.632813,0.640625,0.132632,49600
1929,1980-12-19,0.640625,0.640625,0.640625,0.640625,0.132632,0
1930,1980-12-22,0.0,0.65625,0.648438,0.65625,0.13586700000000002,24000
1931,1980-12-23,0.0,0.664063,0.65625,0.65625,0.13586700000000002,9600
1932,1980-12-24,0.65625,0.65625,0.65625,0.65625,0.13586700000000002,0
1933,1980-12-26,0.0,0.679688,0.65625,0.679688,0.140719,59200
1934,1980-12-29,0.0,0.695313,0.679688,0.679688,0.140719,40000
1935,1980-12-30,0.0,0.671875,0.664063,0.664063,0.137484,11200
1936,1980-12-31,0.0,0.664063,0.65625,0.65625,0.13586700000000002,24000
1937,1981-01-02,0.0,0.664063,0.65625,0.65625,0.13586700000000002,9600
1938,1981-01-05,0.0,0.679688,0.664063,0.679688,0.140719,62400
1939,1981-01-06,0.0,0.679688,0.671875,0.671875,0.139102,14400
1940,1981-01-07,0.0,0.648438,0.617188,0.632813,0.13101400000000002,100800
1941,1981-01-08,0.0,0.625,0.625,0.625,0.129397,16000
1942,1981-01-09,0.0,0.640625,0.625,0.640625,0.132632,17600
1943,1981-01-12,0.0,0.632813,0.625,0.632813,0.13101400000000002,28800
1944,1981-01-13,0.0,0.625,0.617188,0.617188,0.127779,11200
1945,1981-01-14,0.0,0.640625,0.625,0.625,0.129397,27200
1946,1981-01-15,0.0,0.625,0.617188,0.617188,0.127779,22400
1947,1981-01-16,0.0,0.625,0.617188,0.625,0.129397,16000
1948,1981-01-19,0.0,0.632813,0.632813,0.632813,0.13101400000000002,19200
1949,1981-01-20,0.0,0.632813,0.632813,0.632813,0.13101400000000002,16000
1950,1981-01-21,0.632813,0.632813,0.632813,0.632813,0.13101400000000002,0
1951,1981-01-22,0.0,0.640625,0.640625,0.640625,0.132632,1600
1952,1981-01-23,0.0,0.632813,0.632813,0.632813,0.13101400000000002,3200
1953,1981-01-26,0.0,0.648438,0.640625,0.640625,0.132632,6400
1954,1981-01-27,0.0,0.648438,0.648438,0.648438,0.134249,1600
1955,1981-01-28,0.0,0.648438,0.625,0.625,0.129397,16000
1956,1981-01-29,0.0,0.625,0.617188,0.617188,0.127779,11200
1957,1981-01-30,0.0,0.65625,0.625,0.65625,0.13586700000000002,48000
1958,1981-02-02,0.0,0.640625,0.625,0.625,0.129397,48000
1959,1981-02-03,0.0,0.632813,0.625,0.632813,0.13101400000000002,6400
1960,1981-02-04,0.0,0.625,0.625,0.625,0.129397,11200
1961,1981-02-05,0.625,0.625,0.625,0.625,0.129397,0
1962,1981-02-06,0.0,0.640625,0.625,0.640625,0.132632,73600
1963,1981-02-09,0.0,0.640625,0.625,0.625,0.129397,22400
1964,1981-02-10,0.0,0.640625,0.640625,0.640625,0.132632,4800
1965,1981-02-11,0.0,0.632813,0.625,0.625,0.129397,12800
1966,1981-02-12,0.625,0.625,0.625,0.625,0.129397,0
1967,1981-02-13,0.0,0.625,0.625,0.625,0.129397,4800
1968,1981-02-17,0.0,0.640625,0.625,0.625,0.129397,19200
1969,1981-02-18,0.0,0.632813,0.617188,0.625,0.129397,25600
1970,1981-02-19,0.0,0.625,0.617188,0.625,0.129397,14400
1971,1981-02-20,0.0,0.625,0.617188,0.625,0.129397,16000
1972,1981-02-23,0.0,0.648438,0.617188,0.648438,0.134249,73600
1973,1981-02-24,0.0,0.664063,0.640625,0.664063,0.137484,28800
1974,1981-02-25,0.0,0.703125,0.679688,0.703125,0.145571,40000
1975,1981-02-26,0.0,0.726563,0.703125,0.726563,0.150424,30400
1976,1981-02-27,0.0,0.742188,0.726563,0.726563,0.150424,64000
1977,1981-03-02,0.0,0.742188,0.742188,0.742188,0.153659,6400
1978,1981-03-03,0.0,0.742188,0.726563,0.734375,0.152041,28800
1979,1981-03-04,0.0,0.765625,0.742188,0.765625,0.15851099999999999,25600
1980,1981-03-05,0.0,0.765625,0.75,0.765625,0.15851099999999999,11200
1981,1981-03-06,0.0,0.765625,0.75,0.765625,0.15851099999999999,11200
1982,1981-03-09,0.0,0.765625,0.765625,0.765625,0.15851099999999999,4800
1983,1981-03-10,0.0,0.765625,0.75,0.75,0.155276,56000
1984,1981-03-11,0.0,0.75,0.71875,0.726563,0.150424,89600
1985,1981-03-12,0.0,0.75,0.734375,0.75,0.155276,27200
1986,1981-03-13,0.0,0.742188,0.734375,0.742188,0.153659,19200
1987,1981-03-16,0.0,0.75,0.742188,0.75,0.155276,76800
1988,1981-03-17,0.0,0.773438,0.757813,0.773438,0.160129,44800
1989,1981-03-18,0.0,0.789063,0.773438,0.789063,0.163363,24000
1990,1981-03-19,0.0,0.789063,0.773438,0.78125,0.161746,41600
1991,1981-03-20,0.0,0.78125,0.765625,0.765625,0.15851099999999999,49600
1992,1981-03-23,0.0,0.78125,0.773438,0.773438,0.160129,4800
1993,1981-03-24,0.0,0.78125,0.75,0.765625,0.15851099999999999,112000
1994,1981-03-25,0.0,0.757813,0.757813,0.757813,0.156894,11200
1995,1981-03-26,0.0,0.765625,0.75,0.75,0.155276,30400
1996,1981-03-27,0.0,0.75,0.734375,0.734375,0.152041,27200
1997,1981-03-30,0.0,0.734375,0.726563,0.734375,0.152041,8000
1998,1981-03-31,0.0,0.75,0.734375,0.75,0.155276,9600
1999,1981-04-01,0.0,0.765625,0.75,0.765625,0.15851099999999999,24000
2000,1981-04-02,0.0,0.765625,0.742188,0.742188,0.153659,38400
2001,1981-04-03,0.0,0.757813,0.742188,0.742188,0.153659,8000
2002,1981-04-06,0.0,0.734375,0.726563,0.734375,0.152041,11200
2003,1981-04-07,0.0,0.726563,0.726563,0.726563,0.150424,1600
2004,1981-04-08,0.0,0.757813,0.742188,0.757813,0.156894,28800
2005,1981-04-09,0.757813,0.757813,0.757813,0.757813,0.156894,0
2006,1981-04-10,0.0,0.757813,0.757813,0.757813,0.156894,4800
2007,1981-04-13,0.0,0.757813,0.742188,0.757813,0.156894,12800
2008,1981-04-14,0.757813,0.757813,0.757813,0.757813,0.156894,0
2009,1981-04-15,0.0,0.757813,0.742188,0.757813,0.156894,6400
2010,1981-04-16,0.0,0.765625,0.757813,0.757813,0.156894,33600
2011,1981-04-20,0.0,0.757813,0.742188,0.757813,0.156894,17600
2012,1981-04-21,0.0,0.75,0.742188,0.742188,0.153659,27200
2013,1981-04-22,0.0,0.75,0.734375,0.742188,0.153659,43200
2014,1981-04-23,0.0,0.8125,0.75,0.804688,0.166598,164800
2015,1981-04-24,0.0,0.859375,0.8125,0.851563,0.176303,273600
2016,1981-04-27,0.0,0.875,0.851563,0.859375,0.177921,139200
2017,1981-04-28,0.0,0.867188,0.851563,0.851563,0.176303,28800
2018,1981-04-29,0.0,0.84375,0.820313,0.820313,0.16983299999999998,33600
2019,1981-04-30,0.0,0.835938,0.8125,0.835938,0.173068,36800
2020,1981-05-01,0.0,0.851563,0.835938,0.84375,0.17468599999999998,24000
2021,1981-05-04,0.0,0.867188,0.851563,0.851563,0.176303,83200
2022,1981-05-05,0.0,0.851563,0.84375,0.84375,0.17468599999999998,43200
2023,1981-05-06,0.0,0.851563,0.84375,0.84375,0.17468599999999998,40000
2024,1981-05-07,0.0,0.851563,0.84375,0.851563,0.176303,22400
2025,1981-05-08,0.0,0.859375,0.84375,0.84375,0.17468599999999998,20800
2026,1981-05-11,0.0,0.859375,0.84375,0.851563,0.176303,27200
2027,1981-05-12,0.0,0.859375,0.835938,0.835938,0.173068,24000
2028,1981-05-13,0.0,0.851563,0.835938,0.835938,0.173068,41600
2029,1981-05-14,0.0,0.859375,0.828125,0.859375,0.177921,44800
2030,1981-05-15,0.0,0.859375,0.851563,0.851563,0.176303,12800
2031,1981-05-18,0.0,0.851563,0.84375,0.84375,0.17468599999999998,9600
2032,1981-05-19,0.0,0.84375,0.828125,0.828125,0.171451,6400
2033,1981-05-20,0.0,0.835938,0.8125,0.835938,0.173068,100800
2034,1981-05-21,0.0,0.851563,0.835938,0.84375,0.17468599999999998,64000
2035,1981-05-22,0.0,0.851563,0.828125,0.828125,0.171451,60800
2036,1981-05-26,0.0,0.851563,0.820313,0.84375,0.17468599999999998,35200
2037,1981-05-27,0.0,0.835938,0.828125,0.828125,0.171451,57600
2038,1981-05-28,0.0,0.835938,0.820313,0.828125,0.171451,40000
2039,1981-05-29,0.0,0.84375,0.835938,0.84375,0.17468599999999998,40000
2040,1981-06-01,0.0,0.875,0.84375,0.875,0.18115499999999998,176000
2041,1981-06-02,0.0,0.929688,0.875,0.914063,0.189243,182400
2042,1981-06-03,0.0,0.992188,0.921875,0.960938,0.198948,160000
2043,1981-06-04,0.0,0.96875,0.945313,0.945313,0.195713,96000
2044,1981-06-05,0.0,0.960938,0.9375,0.9375,0.19409500000000002,28800
2045,1981-06-08,0.0,0.960938,0.9375,0.945313,0.195713,40000
2046,1981-06-09,0.0,0.945313,0.929688,0.945313,0.195713,17600
2047,1981-06-10,0.0,0.945313,0.9375,0.9375,0.19409500000000002,16000
2048,1981-06-11,0.0,0.945313,0.929688,0.929688,0.192478,24000
2049,1981-06-12,0.0,0.9375,0.929688,0.9375,0.19409500000000002,36800
2050,1981-06-15,0.0,0.921875,0.890625,0.890625,0.184391,64000
2051,1981-06-16,0.0,0.90625,0.882813,0.90625,0.187625,59200
2052,1981-06-17,0.0,0.898438,0.890625,0.898438,0.18600799999999998,46400
2053,1981-06-18,0.0,0.90625,0.890625,0.90625,0.187625,24000
2054,1981-06-19,0.0,0.90625,0.898438,0.90625,0.187625,3200
2055,1981-06-22,0.0,0.90625,0.882813,0.882813,0.182773,49600
2056,1981-06-23,0.0,0.898438,0.882813,0.898438,0.18600799999999998,22400
2057,1981-06-24,0.0,0.90625,0.882813,0.882813,0.182773,11200
2058,1981-06-25,0.0,0.882813,0.875,0.882813,0.182773,6400
2059,1981-06-26,0.0,0.882813,0.875,0.882813,0.182773,19200
2060,1981-06-29,0.0,0.960938,0.898438,0.945313,0.195713,118400
2061,1981-06-30,0.0,0.9375,0.921875,0.921875,0.19086,41600
2062,1981-07-01,0.0,0.929688,0.914063,0.914063,0.189243,25600
2063,1981-07-02,0.0,0.914063,0.90625,0.90625,0.187625,11200
2064,1981-07-06,0.0,0.90625,0.867188,0.867188,0.179538,38400
2065,1981-07-07,0.0,0.867188,0.84375,0.84375,0.17468599999999998,59200
2066,1981-07-08,0.0,0.859375,0.84375,0.859375,0.177921,16000
2067,1981-07-09,0.0,0.882813,0.867188,0.882813,0.182773,44800
2068,1981-07-10,0.0,0.890625,0.882813,0.890625,0.184391,9600
2069,1981-07-13,0.0,0.9375,0.875,0.929688,0.192478,73600
2070,1981-07-14,0.0,0.9375,0.914063,0.914063,0.189243,43200
2071,1981-07-15,0.0,0.929688,0.921875,0.921875,0.19086,16000
2072,1981-07-16,0.0,0.921875,0.90625,0.90625,0.187625,17600
2073,1981-07-17,0.0,0.90625,0.898438,0.90625,0.187625,4800
2074,1981-07-20,0.0,0.90625,0.875,0.890625,0.184391,20800
2075,1981-07-21,0.0,0.890625,0.875,0.890625,0.184391,14400
2076,1981-07-22,0.0,0.890625,0.875,0.875,0.18115499999999998,12800
2077,1981-07-23,0.0,0.914063,0.875,0.914063,0.189243,27200
2078,1981-07-24,0.0,0.929688,0.929688,0.929688,0.192478,4800
2079,1981-07-27,0.0,0.9375,0.929688,0.929688,0.192478,24000
2080,1981-07-28,0.0,0.921875,0.921875,0.921875,0.19086,1600
2081,1981-07-29,0.0,0.9375,0.921875,0.921875,0.19086,24000
2082,1981-07-30,0.0,0.921875,0.90625,0.90625,0.187625,12800
2083,1981-07-31,0.0,0.929688,0.914063,0.929688,0.192478,48000
2084,1981-08-03,0.0,0.929688,0.914063,0.914063,0.189243,19200
2085,1981-08-04,0.0,0.914063,0.90625,0.90625,0.187625,16000
2086,1981-08-05,0.0,0.914063,0.898438,0.914063,0.189243,9600
2087,1981-08-06,0.0,0.90625,0.898438,0.90625,0.187625,17600
2088,1981-08-07,0.0,0.898438,0.890625,0.898438,0.18600799999999998,12800
2089,1981-08-10,0.0,0.890625,0.867188,0.867188,0.179538,24000
2090,1981-08-11,0.0,0.875,0.851563,0.867188,0.179538,25600
2091,1981-08-12,0.0,0.882813,0.867188,0.882813,0.182773,8000
2092,1981-08-13,0.0,0.875,0.851563,0.851563,0.176303,14400
2093,1981-08-14,0.0,0.835938,0.835938,0.835938,0.173068,30400
2094,1981-08-17,0.0,0.835938,0.835938,0.835938,0.173068,9600
2095,1981-08-18,0.0,0.835938,0.828125,0.828125,0.171451,19200
2096,1981-08-19,0.0,0.84375,0.828125,0.835938,0.173068,27200
2097,1981-08-20,0.0,0.851563,0.828125,0.851563,0.176303,17600
2098,1981-08-21,0.0,0.851563,0.84375,0.84375,0.17468599999999998,12800
2099,1981-08-24,0.0,0.851563,0.828125,0.851563,0.176303,92800
2100,1981-08-25,0.0,0.851563,0.835938,0.851563,0.176303,14400
2101,1981-08-26,0.0,0.835938,0.828125,0.828125,0.171451,24000
2102,1981-08-27,0.0,0.84375,0.828125,0.828125,0.171451,22400
2103,1981-08-28,0.0,0.835938,0.828125,0.828125,0.171451,25600
2104,1981-08-31,0.0,0.835938,0.8125,0.8125,0.168216,36800
2105,1981-09-01,0.0,0.796875,0.773438,0.789063,0.163363,120000
2106,1981-09-02,0.0,0.789063,0.78125,0.789063,0.163363,9600
2107,1981-09-03,0.0,0.78125,0.78125,0.78125,0.161746,16000
2108,1981-09-04,0.0,0.773438,0.773438,0.773438,0.160129,49600
2109,1981-09-08,0.0,0.773438,0.757813,0.757813,0.156894,41600
2110,1981-09-09,0.0,0.757813,0.757813,0.757813,0.156894,6400
2111,1981-09-10,0.0,0.765625,0.757813,0.757813,0.156894,9600
2112,1981-09-11,0.0,0.765625,0.757813,0.765625,0.15851099999999999,19200
2113,1981-09-14,0.0,0.765625,0.757813,0.765625,0.15851099999999999,4800
2114,1981-09-15,0.765625,0.765625,0.765625,0.765625,0.15851099999999999,0
2115,1981-09-16,0.0,0.757813,0.757813,0.757813,0.156894,25600
2116,1981-09-17,0.0,0.765625,0.757813,0.757813,0.156894,22400
2117,1981-09-18,0.0,0.773438,0.75,0.757813,0.156894,44800
2118,1981-09-21,0.0,0.75,0.75,0.75,0.155276,36800
2119,1981-09-22,0.0,0.765625,0.75,0.765625,0.15851099999999999,9600
2120,1981-09-23,0.0,0.757813,0.75,0.75,0.155276,80000
2121,1981-09-24,0.0,0.757813,0.75,0.757813,0.156894,20800
2122,1981-09-25,0.0,0.765625,0.75,0.757813,0.156894,49600
2123,1981-09-28,0.0,0.75,0.734375,0.75,0.155276,48000
2124,1981-09-29,0.0,0.765625,0.765625,0.765625,0.15851099999999999,12800
2125,1981-09-30,0.0,0.765625,0.765625,0.765625,0.15851099999999999,3200
2126,1981-10-01,0.0,0.789063,0.773438,0.789063,0.163363,11200
2127,1981-10-02,0.789063,0.789063,0.789063,0.789063,0.163363,0
2128,1981-10-05,0.0,0.773438,0.773438,0.773438,0.160129,3200
2129,1981-10-06,0.773438,0.773438,0.773438,0.773438,0.160129,0
2130,1981-10-07,0.0,0.796875,0.765625,0.796875,0.164981,28800
2131,1981-10-08,0.0,0.8125,0.796875,0.8125,0.168216,16000
2132,1981-10-09,0.0,0.8125,0.8125,0.8125,0.168216,6400
2133,1981-10-12,0.0,0.8125,0.789063,0.796875,0.164981,28800
2134,1981-10-13,0.0,0.796875,0.789063,0.796875,0.164981,4800
2135,1981-10-14,0.0,0.828125,0.8125,0.828125,0.171451,12800
2136,1981-10-15,0.828125,0.828125,0.828125,0.828125,0.171451,0
2137,1981-10-16,0.0,0.8125,0.804688,0.804688,0.166598,8000
2138,1981-10-19,0.0,0.789063,0.789063,0.789063,0.163363,1600
2139,1981-10-20,0.789063,0.789063,0.789063,0.789063,0.163363,0
2140,1981-10-21,0.0,0.8125,0.796875,0.796875,0.164981,12800
2141,1981-10-22,0.0,0.8125,0.789063,0.789063,0.163363,6400
2142,1981-10-23,0.0,0.804688,0.796875,0.796875,0.164981,6400
2143,1981-10-26,0.0,0.8125,0.804688,0.8125,0.168216,3200
2144,1981-10-27,0.0,0.851563,0.828125,0.84375,0.17468599999999998,20800
2145,1981-10-28,0.0,0.859375,0.859375,0.859375,0.177921,4800
2146,1981-10-29,0.0,0.84375,0.84375,0.84375,0.17468599999999998,3200
2147,1981-10-30,0.0,0.859375,0.828125,0.859375,0.177921,25600
2148,1981-11-02,0.0,0.875,0.875,0.875,0.18115499999999998,24000
2149,1981-11-03,0.0,0.921875,0.875,0.921875,0.19086,75200
2150,1981-11-04,0.0,0.921875,0.921875,0.921875,0.19086,3200
2151,1981-11-05,0.0,0.90625,0.859375,0.859375,0.177921,32000
2152,1981-11-06,0.0,0.890625,0.875,0.875,0.18115499999999998,19200
2153,1981-11-09,0.0,0.875,0.867188,0.867188,0.179538,12800
2154,1981-11-10,0.0,0.914063,0.875,0.875,0.18115499999999998,54400
2155,1981-11-11,0.0,0.875,0.867188,0.875,0.18115499999999998,11200
2156,1981-11-12,0.0,0.875,0.859375,0.859375,0.177921,6400
2157,1981-11-13,0.0,0.859375,0.84375,0.859375,0.177921,11200
2158,1981-11-16,0.0,0.84375,0.84375,0.84375,0.17468599999999998,6400
2159,1981-11-17,0.0,0.851563,0.828125,0.828125,0.171451,16000
2160,1981-11-18,0.0,0.859375,0.84375,0.84375,0.17468599999999998,3200
2161,1981-11-19,0.0,0.835938,0.835938,0.835938,0.173068,3200
2162,1981-11-20,0.0,0.859375,0.828125,0.859375,0.177921,25600
2163,1981-11-23,0.0,0.84375,0.835938,0.835938,0.173068,9600
2164,1981-11-24,0.0,0.851563,0.835938,0.851563,0.176303,9600
2165,1981-11-25,0.0,0.867188,0.851563,0.851563,0.176303,9600
2166,1981-11-27,0.0,0.859375,0.84375,0.859375,0.177921,8000
2167,1981-11-30,0.0,0.867188,0.851563,0.851563,0.176303,11200
2168,1981-12-01,0.0,0.875,0.84375,0.859375,0.177921,41600
2169,1981-12-02,0.0,0.875,0.875,0.875,0.18115499999999998,22400
2170,1981-12-03,0.0,0.875,0.875,0.875,0.18115499999999998,6400
2171,1981-12-04,0.0,0.882813,0.875,0.882813,0.182773,49600
2172,1981-12-07,0.0,0.890625,0.890625,0.890625,0.184391,4800
2173,1981-12-08,0.0,0.875,0.851563,0.851563,0.176303,17600
2174,1981-12-09,0.0,0.859375,0.84375,0.84375,0.17468599999999998,16000
2175,1981-12-10,0.0,0.851563,0.851563,0.851563,0.176303,4800
2176,1981-12-11,0.0,0.859375,0.84375,0.859375,0.177921,11200
2177,1981-12-14,0.0,0.859375,0.84375,0.859375,0.177921,16000
2178,1981-12-15,0.0,0.859375,0.859375,0.859375,0.177921,32000
2179,1981-12-16,0.0,0.875,0.859375,0.875,0.18115499999999998,51200
2180,1981-12-17,0.0,0.890625,0.875,0.875,0.18115499999999998,38400
2181,1981-12-18,0.0,0.929688,0.882813,0.929688,0.192478,56000
2182,1981-12-21,0.0,0.976563,0.953125,0.976563,0.202182,92800
2183,1981-12-22,0.0,0.984375,0.976563,0.976563,0.202182,43200
2184,1981-12-23,0.0,0.992188,0.96875,0.992188,0.20541700000000002,32000
2185,1981-12-24,0.0,0.984375,0.976563,0.976563,0.202182,11200
2186,1981-12-28,0.0,1.015625,0.976563,1.0078129999999998,0.208652,174400
2187,1981-12-29,0.0,1.0,0.976563,0.976563,0.202182,25600
2188,1981-12-30,0.0,0.984375,0.96875,0.984375,0.2038,11200
2189,1981-12-31,0.0,1.015625,0.992188,1.015625,0.21026999999999998,43200
2190,1982-01-04,0.0,1.09375,1.0546879999999998,1.0546879999999998,0.21835700000000002,172800
2191,1982-01-05,0.0,1.0625,1.015625,1.0234379999999998,0.211887,57600
2192,1982-01-06,0.0,1.0,0.96875,0.976563,0.202182,62400
2193,1982-01-07,0.0,0.976563,0.9375,0.976563,0.202182,57600
2194,1982-01-08,0.0,0.984375,0.976563,0.984375,0.2038,4800
2195,1982-01-11,0.0,0.992188,0.96875,0.976563,0.202182,24000
2196,1982-01-12,0.0,0.953125,0.9375,0.945313,0.195713,43200
2197,1982-01-13,0.0,0.976563,0.9375,0.9375,0.19409500000000002,169600
2198,1982-01-14,0.0,0.953125,0.9375,0.9375,0.19409500000000002,40000
2199,1982-01-15,0.0,0.9375,0.929688,0.9375,0.19409500000000002,38400
2200,1982-01-18,0.0,0.9375,0.921875,0.9375,0.19409500000000002,4800
2201,1982-01-19,0.0,0.960938,0.9375,0.945313,0.195713,28800
2202,1982-01-20,0.0,0.9375,0.9375,0.9375,0.19409500000000002,1600
2203,1982-01-21,0.0,0.953125,0.9375,0.945313,0.195713,41600
2204,1982-01-22,0.0,0.945313,0.9375,0.9375,0.19409500000000002,51200
2205,1982-01-25,0.0,0.953125,0.921875,0.921875,0.19086,20800
2206,1982-01-26,0.0,0.921875,0.914063,0.914063,0.189243,12800
2207,1982-01-27,0.0,0.914063,0.914063,0.914063,0.189243,4800
2208,1982-01-28,0.914063,0.914063,0.914063,0.914063,0.189243,0
2209,1982-01-29,0.0,0.96875,0.9375,0.96875,0.20056500000000002,32000
2210,1982-02-01,0.0,0.96875,0.9375,0.9375,0.19409500000000002,14400
2211,1982-02-02,0.0,0.921875,0.914063,0.921875,0.19086,30400
2212,1982-02-03,0.0,0.921875,0.914063,0.914063,0.189243,16000
2213,1982-02-04,0.0,0.9375,0.914063,0.9375,0.19409500000000002,17600
2214,1982-02-05,0.0,0.960938,0.921875,0.960938,0.198948,22400
2215,1982-02-08,0.0,0.945313,0.945313,0.945313,0.195713,3200
2216,1982-02-09,0.0,0.929688,0.90625,0.90625,0.187625,44800
2217,1982-02-10,0.0,0.921875,0.890625,0.90625,0.187625,56000
2218,1982-02-11,0.0,0.921875,0.921875,0.921875,0.19086,11200
2219,1982-02-12,0.0,0.90625,0.90625,0.90625,0.187625,16000
2220,1982-02-16,0.0,0.90625,0.90625,0.90625,0.187625,14400
2221,1982-02-17,0.0,0.890625,0.890625,0.890625,0.184391,3200
2222,1982-02-18,0.0,0.882813,0.875,0.882813,0.182773,9600
2223,1982-02-19,0.0,0.875,0.875,0.875,0.18115499999999998,3200
2224,1982-02-22,0.0,0.90625,0.875,0.875,0.18115499999999998,44800
2225,1982-02-23,0.0,0.945313,0.867188,0.945313,0.195713,70400
2226,1982-02-24,0.0,1.0234379999999998,0.960938,0.992188,0.20541700000000002,180800
2227,1982-02-25,0.0,1.0078129999999998,0.976563,0.984375,0.2038,88000
2228,1982-02-26,0.0,0.992188,0.976563,0.984375,0.2038,72000
2229,1982-03-01,0.0,1.0,0.992188,0.992188,0.20541700000000002,44800
2230,1982-03-02,0.0,1.0078129999999998,0.96875,0.976563,0.202182,65600
2231,1982-03-03,0.0,0.976563,0.960938,0.96875,0.20056500000000002,46400
2232,1982-03-04,0.0,0.96875,0.945313,0.953125,0.19733,32000
2233,1982-03-05,0.0,0.953125,0.9375,0.9375,0.19409500000000002,33600
2234,1982-03-08,0.0,0.953125,0.875,0.875,0.18115499999999998,48000
2235,1982-03-09,0.0,0.859375,0.835938,0.851563,0.176303,76800
2236,1982-03-10,0.0,0.867188,0.851563,0.867188,0.179538,24000
2237,1982-03-11,0.0,0.867188,0.851563,0.851563,0.176303,9600
2238,1982-03-12,0.0,0.851563,0.828125,0.828125,0.171451,19200
2239,1982-03-15,0.0,0.828125,0.804688,0.8125,0.168216,49600
2240,1982-03-16,0.0,0.828125,0.828125,0.828125,0.171451,6400
2241,1982-03-17,0.0,0.8125,0.796875,0.8125,0.168216,15200
2242,1982-03-18,0.0,0.796875,0.78125,0.78125,0.161746,22400
2243,1982-03-19,0.0,0.796875,0.765625,0.765625,0.15851099999999999,67200
2244,1982-03-22,0.0,0.828125,0.78125,0.828125,0.171451,28800
2245,1982-03-23,0.0,0.84375,0.8125,0.828125,0.171451,19200
2246,1982-03-24,0.0,0.8125,0.796875,0.796875,0.164981,36000
2247,1982-03-25,0.0,0.796875,0.78125,0.796875,0.164981,35200
2248,1982-03-26,0.0,0.796875,0.78125,0.78125,0.161746,11200
2249,1982-03-29,0.0,0.796875,0.78125,0.78125,0.161746,40800
2250,1982-03-30,0.0,0.796875,0.78125,0.78125,0.161746,24000
2251,1982-03-31,0.0,0.8125,0.796875,0.796875,0.164981,29600
2252,1982-04-01,0.0,0.828125,0.796875,0.828125,0.171451,158400
2253,1982-04-02,0.0,0.84375,0.8125,0.84375,0.17468599999999998,32800
2254,1982-04-05,0.0,0.859375,0.84375,0.84375,0.17468599999999998,34400
2255,1982-04-06,0.0,0.84375,0.84375,0.84375,0.17468599999999998,1600
2256,1982-04-07,0.0,0.828125,0.828125,0.828125,0.171451,6400
2257,1982-04-08,0.0,0.828125,0.8125,0.828125,0.171451,6400
2258,1982-04-12,0.0,0.8125,0.796875,0.8125,0.168216,8000
2259,1982-04-13,0.0,0.8125,0.796875,0.796875,0.164981,16800
2260,1982-04-14,0.0,0.8125,0.8125,0.8125,0.168216,8000
2261,1982-04-15,0.0,0.8125,0.8125,0.8125,0.168216,2400
2262,1982-04-16,0.8125,0.8125,0.8125,0.8125,0.168216,0
2263,1982-04-19,0.0,0.8125,0.796875,0.8125,0.168216,43200
2264,1982-04-20,0.0,0.859375,0.8125,0.859375,0.177921,52000
2265,1982-04-21,0.0,0.875,0.859375,0.875,0.18115499999999998,19200
2266,1982-04-22,0.0,0.875,0.84375,0.859375,0.177921,27200
2267,1982-04-23,0.0,0.90625,0.84375,0.84375,0.17468599999999998,63200
2268,1982-04-26,0.0,0.8125,0.78125,0.78125,0.161746,68800
2269,1982-04-27,0.0,0.8125,0.796875,0.8125,0.168216,14400
2270,1982-04-28,0.0,0.8125,0.8125,0.8125,0.168216,4800
2271,1982-04-29,0.0,0.828125,0.796875,0.796875,0.164981,24000
2272,1982-04-30,0.0,0.828125,0.796875,0.8125,0.168216,8000
2273,1982-05-03,0.0,0.8125,0.78125,0.78125,0.161746,12000
2274,1982-05-04,0.0,0.8125,0.796875,0.796875,0.164981,50400
2275,1982-05-05,0.0,0.8125,0.78125,0.78125,0.161746,44800
2276,1982-05-06,0.0,0.796875,0.765625,0.796875,0.164981,39200
2277,1982-05-07,0.0,0.796875,0.796875,0.796875,0.164981,6400
2278,1982-05-10,0.0,0.796875,0.765625,0.78125,0.161746,36800
2279,1982-05-11,0.0,0.78125,0.765625,0.78125,0.161746,20000
2280,1982-05-12,0.0,0.78125,0.75,0.765625,0.15851099999999999,27200
2281,1982-05-13,0.0,0.78125,0.765625,0.765625,0.15851099999999999,10400
2282,1982-05-14,0.0,0.8125,0.78125,0.8125,0.168216,23200
2283,1982-05-17,0.0,0.8125,0.765625,0.765625,0.15851099999999999,12800
2284,1982-05-18,0.0,0.78125,0.78125,0.78125,0.161746,1600
2285,1982-05-19,0.0,0.765625,0.765625,0.765625,0.15851099999999999,5600
2286,1982-05-20,0.0,0.75,0.734375,0.75,0.155276,44000
2287,1982-05-21,0.0,0.765625,0.75,0.765625,0.15851099999999999,3200
2288,1982-05-24,0.0,0.75,0.734375,0.734375,0.152041,5600
2289,1982-05-25,0.0,0.75,0.71875,0.75,0.155276,24800
2290,1982-05-26,0.0,0.71875,0.703125,0.703125,0.145571,5600
2291,1982-05-27,0.0,0.71875,0.6875,0.703125,0.145571,27200
2292,1982-05-28,0.0,0.734375,0.703125,0.734375,0.152041,32000
2293,1982-06-01,0.0,0.765625,0.734375,0.75,0.155276,15200
2294,1982-06-02,0.0,0.78125,0.75,0.78125,0.161746,8800
2295,1982-06-03,0.0,0.78125,0.78125,0.78125,0.161746,9600
2296,1982-06-04,0.0,0.78125,0.765625,0.765625,0.15851099999999999,20000
2297,1982-06-07,0.0,0.765625,0.75,0.75,0.155276,20800
2298,1982-06-08,0.0,0.75,0.71875,0.734375,0.152041,20800
2299,1982-06-09,0.0,0.75,0.734375,0.734375,0.152041,7200
2300,1982-06-10,0.0,0.734375,0.71875,0.734375,0.152041,5600
2301,1982-06-11,0.0,0.75,0.75,0.75,0.155276,1600
2302,1982-06-14,0.0,0.75,0.734375,0.75,0.155276,10400
2303,1982-06-15,0.0,0.75,0.75,0.75,0.155276,1600
2304,1982-06-16,0.0,0.71875,0.71875,0.71875,0.148806,1600
2305,1982-06-17,0.0,0.75,0.71875,0.75,0.155276,35200
2306,1982-06-18,0.0,0.75,0.734375,0.734375,0.152041,8800
2307,1982-06-21,0.0,0.71875,0.71875,0.71875,0.148806,2400
2308,1982-06-22,0.0,0.734375,0.734375,0.734375,0.152041,3200
2309,1982-06-23,0.0,0.734375,0.71875,0.71875,0.148806,10400
2310,1982-06-24,0.0,0.75,0.734375,0.75,0.155276,28000
2311,1982-06-25,0.0,0.765625,0.734375,0.75,0.155276,9600
2312,1982-06-28,0.0,0.765625,0.75,0.75,0.155276,8000
2313,1982-06-29,0.0,0.75,0.734375,0.734375,0.152041,4000
2314,1982-06-30,0.0,0.765625,0.75,0.75,0.155276,13600
2315,1982-07-01,0.0,0.75,0.75,0.75,0.155276,12000
2316,1982-07-02,0.0,0.765625,0.765625,0.765625,0.15851099999999999,1600
2317,1982-07-06,0.0,0.765625,0.734375,0.734375,0.152041,7200
2318,1982-07-07,0.0,0.75,0.734375,0.734375,0.152041,5600
2319,1982-07-08,0.734375,0.734375,0.734375,0.734375,0.152041,0
2320,1982-07-09,0.0,0.765625,0.71875,0.765625,0.15851099999999999,9600
2321,1982-07-12,0.0,0.78125,0.734375,0.75,0.155276,20000
2322,1982-07-13,0.0,0.765625,0.734375,0.75,0.155276,12000
2323,1982-07-14,0.0,0.765625,0.75,0.75,0.155276,21600
2324,1982-07-15,0.0,0.8125,0.78125,0.8125,0.168216,17600
2325,1982-07-16,0.0,0.84375,0.8125,0.84375,0.17468599999999998,37600
2326,1982-07-19,0.0,0.84375,0.828125,0.84375,0.17468599999999998,11200
2327,1982-07-20,0.0,0.84375,0.8125,0.828125,0.171451,15200
2328,1982-07-21,0.0,0.84375,0.828125,0.828125,0.171451,10400
2329,1982-07-22,0.0,0.859375,0.828125,0.859375,0.177921,22400
2330,1982-07-23,0.0,0.875,0.84375,0.84375,0.17468599999999998,70400
2331,1982-07-26,0.0,0.84375,0.828125,0.84375,0.17468599999999998,4000
2332,1982-07-27,0.0,0.859375,0.84375,0.859375,0.177921,21600
2333,1982-07-28,0.0,0.859375,0.84375,0.84375,0.17468599999999998,11200
2334,1982-07-29,0.0,0.84375,0.828125,0.84375,0.17468599999999998,10400
2335,1982-07-30,0.0,0.84375,0.8125,0.8125,0.168216,34400
2336,1982-08-02,0.0,0.84375,0.84375,0.84375,0.17468599999999998,1600
2337,1982-08-03,0.0,0.875,0.84375,0.84375,0.17468599999999998,40800
2338,1982-08-04,0.0,0.859375,0.84375,0.84375,0.17468599999999998,12000
2339,1982-08-05,0.0,0.84375,0.8125,0.8125,0.168216,8800
2340,1982-08-06,0.0,0.828125,0.828125,0.828125,0.171451,1600
2341,1982-08-09,0.0,0.796875,0.78125,0.78125,0.161746,11200
2342,1982-08-10,0.0,0.765625,0.75,0.75,0.155276,16000
2343,1982-08-11,0.0,0.75,0.703125,0.734375,0.152041,48800
2344,1982-08-12,0.0,0.796875,0.75,0.78125,0.161746,9600
2345,1982-08-13,0.0,0.796875,0.796875,0.796875,0.164981,5600
2346,1982-08-16,0.0,0.796875,0.765625,0.78125,0.161746,13600
2347,1982-08-17,0.0,0.78125,0.765625,0.78125,0.161746,7200
2348,1982-08-18,0.0,0.859375,0.8125,0.828125,0.171451,32000
2349,1982-08-19,0.0,0.859375,0.828125,0.828125,0.171451,9600
2350,1982-08-20,0.0,0.859375,0.828125,0.859375,0.177921,4800
2351,1982-08-23,0.0,0.859375,0.796875,0.859375,0.177921,36800
2352,1982-08-24,0.0,0.859375,0.84375,0.859375,0.177921,29600
2353,1982-08-25,0.0,0.875,0.828125,0.828125,0.171451,16000
2354,1982-08-26,0.0,0.921875,0.859375,0.875,0.18115499999999998,56000
2355,1982-08-27,0.0,0.90625,0.875,0.875,0.18115499999999998,11200
2356,1982-08-30,0.0,0.875,0.875,0.875,0.18115499999999998,4800
2357,1982-08-31,0.0,0.921875,0.875,0.90625,0.187625,32800
2358,1982-09-01,0.0,0.90625,0.828125,0.859375,0.177921,36800
2359,1982-09-02,0.0,0.890625,0.890625,0.890625,0.184391,800
2360,1982-09-03,0.0,0.90625,0.875,0.90625,0.187625,22400
2361,1982-09-07,0.0,0.890625,0.859375,0.890625,0.184391,24000
2362,1982-09-08,0.0,0.890625,0.875,0.890625,0.184391,28000
2363,1982-09-09,0.0,0.890625,0.875,0.890625,0.184391,16800
2364,1982-09-10,0.0,0.890625,0.875,0.875,0.18115499999999998,15200
2365,1982-09-13,0.0,0.90625,0.875,0.90625,0.187625,30400
2366,1982-09-14,0.0,0.953125,0.921875,0.9375,0.19409500000000002,47200
2367,1982-09-15,0.0,0.953125,0.921875,0.921875,0.19086,14400
2368,1982-09-16,0.0,0.921875,0.875,0.921875,0.19086,47200
2369,1982-09-17,0.0,0.9375,0.921875,0.9375,0.19409500000000002,24000
2370,1982-09-20,0.0,0.9375,0.890625,0.90625,0.187625,28000
2371,1982-09-21,0.0,0.96875,0.90625,0.953125,0.19733,56800
2372,1982-09-22,0.0,0.9375,0.9375,0.9375,0.19409500000000002,41600
2373,1982-09-23,0.0,0.9375,0.90625,0.9375,0.19409500000000002,16800
2374,1982-09-24,0.0,0.9375,0.921875,0.9375,0.19409500000000002,46400
2375,1982-09-27,0.0,0.9375,0.921875,0.9375,0.19409500000000002,8800
2376,1982-09-28,0.0,0.96875,0.9375,0.96875,0.20056500000000002,41600
2377,1982-09-29,0.0,0.9375,0.921875,0.9375,0.19409500000000002,15200
2378,1982-09-30,0.0,0.953125,0.921875,0.953125,0.19733,21600
2379,1982-10-01,0.0,0.96875,0.921875,0.96875,0.20056500000000002,27200
2380,1982-10-04,0.0,0.96875,0.9375,0.953125,0.19733,40800
2381,1982-10-05,0.0,0.984375,0.96875,0.984375,0.2038,66400
2382,1982-10-06,0.0,1.015625,0.96875,1.015625,0.21026999999999998,89600
2383,1982-10-07,0.0,1.015625,0.96875,0.96875,0.20056500000000002,81600
2384,1982-10-08,0.0,1.0,0.9375,0.953125,0.19733,72800
2385,1982-10-11,0.0,0.984375,0.96875,0.96875,0.20056500000000002,24800
2386,1982-10-12,0.0,0.984375,0.9375,0.953125,0.19733,93600
2387,1982-10-13,0.0,0.96875,0.90625,0.9375,0.19409500000000002,77600
2388,1982-10-14,0.0,0.96875,0.9375,0.96875,0.20056500000000002,90400
2389,1982-10-15,0.0,1.0625,0.953125,1.0625,0.219975,363200
2390,1982-10-18,0.0,1.078125,1.015625,1.0625,0.219975,74400
2391,1982-10-19,0.0,1.0625,1.03125,1.03125,0.21350500000000003,40000
2392,1982-10-20,0.0,1.140625,1.03125,1.125,0.23291399999999998,170400
2393,1982-10-21,0.0,1.125,1.09375,1.125,0.23291399999999998,146400
2394,1982-10-22,0.0,1.1875,1.125,1.15625,0.239384,134400
2395,1982-10-25,0.0,1.140625,1.046875,1.046875,0.216739,71200
2396,1982-10-26,0.0,1.09375,1.03125,1.09375,0.226444,31200
2397,1982-10-27,0.0,1.125,1.0625,1.125,0.23291399999999998,100000
2398,1982-10-28,0.0,1.125,0.96875,0.96875,0.20056500000000002,216000
2399,1982-10-29,0.0,1.0,0.953125,0.953125,0.19733,47200
2400,1982-11-01,0.0,0.9375,0.890625,0.9375,0.19409500000000002,72000
2401,1982-11-02,0.0,0.984375,0.90625,0.984375,0.2038,106400
2402,1982-11-03,0.0,1.046875,0.96875,0.96875,0.20056500000000002,61600
2403,1982-11-04,0.0,1.015625,0.953125,0.96875,0.20056500000000002,92800
2404,1982-11-05,0.0,0.9375,0.9375,0.9375,0.19409500000000002,11200
2405,1982-11-08,0.0,0.9375,0.875,0.921875,0.19086,85600
2406,1982-11-09,0.0,0.96875,0.890625,0.96875,0.20056500000000002,56000
2407,1982-11-10,0.0,1.0,0.953125,0.984375,0.2038,123200
2408,1982-11-11,0.0,1.0,0.984375,1.0,0.207035,76000
2409,1982-11-12,0.0,1.03125,1.0,1.0,0.207035,22400
2410,1982-11-15,0.0,1.0,0.984375,0.984375,0.2038,63200
2411,1982-11-16,0.0,0.984375,0.9375,0.9375,0.19409500000000002,45600
2412,1982-11-17,0.0,1.0,0.953125,1.0,0.207035,19200
2413,1982-11-18,0.0,1.0,0.96875,0.984375,0.2038,56800
2414,1982-11-19,0.0,1.0,0.96875,0.984375,0.2038,120800
2415,1982-11-22,0.0,0.96875,0.96875,0.96875,0.20056500000000002,12000
2416,1982-11-23,0.0,0.96875,0.953125,0.96875,0.20056500000000002,25600
2417,1982-11-24,0.0,1.0,0.953125,1.0,0.207035,56800
2418,1982-11-26,0.0,1.0,0.984375,1.0,0.207035,33600
2419,1982-11-29,0.0,1.0,0.984375,1.0,0.207035,15200
2420,1982-11-30,0.0,1.0625,1.0,1.0625,0.219975,114400
2421,1982-12-01,0.0,1.109375,1.0625,1.09375,0.226444,105600
2422,1982-12-02,0.0,1.109375,1.046875,1.0625,0.219975,92000
2423,1982-12-03,0.0,1.15625,1.03125,1.15625,0.239384,69600
2424,1982-12-06,0.0,1.140625,1.109375,1.125,0.23291399999999998,48000
2425,1982-12-07,0.0,1.140625,1.109375,1.125,0.23291399999999998,76000
2426,1982-12-08,0.0,1.140625,1.125,1.125,0.23291399999999998,12800
2427,1982-12-09,0.0,1.109375,1.078125,1.109375,0.229679,18400
2428,1982-12-10,0.0,1.109375,1.078125,1.078125,0.22321,21600
2429,1982-12-13,0.0,1.078125,1.078125,1.078125,0.22321,4000
2430,1982-12-14,0.0,1.125,1.09375,1.09375,0.226444,52000
2431,1982-12-15,0.0,1.109375,1.078125,1.078125,0.22321,24000
2432,1982-12-16,1.078125,1.078125,1.078125,1.078125,0.22321,0
2433,1982-12-17,0.0,1.125,1.078125,1.125,0.23291399999999998,41600
2434,1982-12-20,0.0,1.109375,1.09375,1.109375,0.229679,44800
2435,1982-12-21,0.0,1.109375,1.09375,1.109375,0.229679,20800
2436,1982-12-22,0.0,1.125,1.109375,1.109375,0.229679,53600
2437,1982-12-23,0.0,1.1875,1.109375,1.1875,0.245854,188800
2438,1982-12-27,0.0,1.25,1.1875,1.234375,0.25555900000000004,67200
2439,1982-12-28,0.0,1.25,1.171875,1.171875,0.242619,54400
2440,1982-12-29,0.0,1.1875,1.171875,1.1875,0.245854,16800
2441,1982-12-30,0.0,1.234375,1.1875,1.203125,0.24908899999999998,40800
2442,1982-12-31,0.0,1.203125,1.1875,1.203125,0.24908899999999998,15200
2443,1983-01-03,0.0,1.1875,1.1875,1.1875,0.245854,24800
2444,1983-01-04,0.0,1.1875,1.15625,1.171875,0.242619,80000
2445,1983-01-05,0.0,1.21875,1.1875,1.1875,0.245854,36800
2446,1983-01-06,0.0,1.203125,1.1875,1.203125,0.24908899999999998,34400
2447,1983-01-07,0.0,1.21875,1.1875,1.1875,0.245854,40800
2448,1983-01-10,0.0,1.21875,1.1875,1.21875,0.252324,23200
2449,1983-01-11,0.0,1.21875,1.1875,1.1875,0.245854,26400
2450,1983-01-12,0.0,1.21875,1.1875,1.203125,0.24908899999999998,36000
2451,1983-01-13,0.0,1.1875,1.15625,1.1875,0.245854,28000
2452,1983-01-14,0.0,1.1875,1.140625,1.171875,0.242619,68000
2453,1983-01-17,0.0,1.1875,1.15625,1.1875,0.245854,16800
2454,1983-01-18,0.0,1.1875,1.15625,1.171875,0.242619,30400
2455,1983-01-19,0.0,1.1875,1.15625,1.171875,0.242619,36800
2456,1983-01-20,0.0,1.1875,1.171875,1.171875,0.242619,2400
2457,1983-01-21,0.0,1.171875,1.140625,1.171875,0.242619,21600
2458,1983-01-24,0.0,1.140625,1.09375,1.109375,0.229679,19200
2459,1983-01-25,0.0,1.140625,1.125,1.140625,0.23614899999999997,12800
2460,1983-01-26,0.0,1.125,1.109375,1.109375,0.229679,8000
2461,1983-01-27,0.0,1.125,1.125,1.125,0.23291399999999998,800
2462,1983-01-28,0.0,1.140625,1.109375,1.109375,0.229679,30400
2463,1983-01-31,0.0,1.125,1.109375,1.109375,0.229679,7200
2464,1983-02-01,0.0,1.109375,1.109375,1.109375,0.229679,2400
2465,1983-02-02,0.0,1.09375,1.09375,1.09375,0.226444,18400
2466,1983-02-03,0.0,1.078125,1.0625,1.0625,0.219975,8000
2467,1983-02-04,0.0,1.0625,1.03125,1.0625,0.219975,17600
2468,1983-02-07,0.0,1.0625,1.03125,1.046875,0.216739,12000
2469,1983-02-08,0.0,1.078125,1.046875,1.0625,0.219975,29600
2470,1983-02-09,0.0,1.0625,1.03125,1.0625,0.219975,12800
2471,1983-02-10,0.0,1.078125,1.046875,1.078125,0.22321,24800
2472,1983-02-11,0.0,1.0625,1.0625,1.0625,0.219975,8000
2473,1983-02-14,0.0,1.078125,1.0625,1.078125,0.22321,1600
2474,1983-02-15,0.0,1.109375,1.078125,1.09375,0.226444,24800
2475,1983-02-16,0.0,1.09375,1.0625,1.078125,0.22321,9600
2476,1983-02-17,0.0,1.125,1.078125,1.125,0.23291399999999998,4800
2477,1983-02-18,0.0,1.125,1.109375,1.125,0.23291399999999998,10400
2478,1983-02-22,0.0,1.125,1.09375,1.125,0.23291399999999998,4800
2479,1983-02-23,0.0,1.125,1.109375,1.109375,0.229679,21600
2480,1983-02-24,0.0,1.15625,1.125,1.15625,0.239384,20000
2481,1983-02-25,0.0,1.1875,1.109375,1.1875,0.245854,80000
2482,1983-02-28,0.0,1.296875,1.1875,1.28125,0.265263,90400
2483,1983-03-01,0.0,1.296875,1.234375,1.25,0.258794,77600
2484,1983-03-02,0.0,1.25,1.203125,1.21875,0.252324,48800
2485,1983-03-03,0.0,1.21875,1.1875,1.1875,0.245854,55200
2486,1983-03-04,0.0,1.234375,1.1875,1.234375,0.25555900000000004,69600
2487,1983-03-07,0.0,1.671875,1.421875,1.4375,0.297613,298400
2488,1983-03-08,0.0,1.46875,1.421875,1.46875,0.304083,309600
2489,1983-03-09,0.0,1.5,1.4375,1.484375,0.307317,136800
2490,1983-03-10,0.0,1.515625,1.484375,1.5,0.310552,220000
2491,1983-03-11,0.0,1.515625,1.4375,1.46875,0.304083,64000
2492,1983-03-14,0.0,1.484375,1.453125,1.453125,0.300847,88000
2493,1983-03-15,0.0,1.46875,1.421875,1.453125,0.300847,60800
2494,1983-03-16,0.0,1.453125,1.421875,1.453125,0.300847,24000
2495,1983-03-17,0.0,1.4375,1.40625,1.4375,0.297613,38400
2496,1983-03-18,0.0,1.4375,1.390625,1.421875,0.29437800000000003,36000
2497,1983-03-21,0.0,1.4375,1.375,1.4375,0.297613,58400
2498,1983-03-22,0.0,1.453125,1.4375,1.4375,0.297613,40000
2499,1983-03-23,0.0,1.546875,1.4375,1.515625,0.313787,80000
2500,1983-03-24,0.0,1.671875,1.53125,1.609375,0.33319699999999997,150400
2501,1983-03-25,0.0,1.640625,1.578125,1.609375,0.33319699999999997,125600
2502,1983-03-28,0.0,1.6875,1.625,1.671875,0.346136,103200
2503,1983-03-29,0.0,1.671875,1.53125,1.5625,0.323492,105600
2504,1983-03-30,0.0,1.609375,1.5625,1.5625,0.323492,23200
2505,1983-03-31,0.0,1.59375,1.53125,1.53125,0.31702199999999997,44800
2506,1983-04-04,0.0,1.53125,1.453125,1.5,0.310552,44800
2507,1983-04-05,0.0,1.546875,1.46875,1.515625,0.313787,13600
2508,1983-04-06,0.0,1.53125,1.484375,1.515625,0.313787,15200
2509,1983-04-07,0.0,1.5625,1.515625,1.53125,0.31702199999999997,21600
2510,1983-04-08,0.0,1.515625,1.5,1.5,0.310552,9600
2511,1983-04-11,0.0,1.53125,1.5,1.515625,0.313787,16000
2512,1983-04-12,0.0,1.515625,1.5,1.5,0.310552,28000
2513,1983-04-13,0.0,1.5,1.484375,1.484375,0.307317,16000
2514,1983-04-14,0.0,1.46875,1.40625,1.453125,0.300847,56800
2515,1983-04-15,0.0,1.453125,1.421875,1.4375,0.297613,24000
2516,1983-04-18,0.0,1.4375,1.375,1.375,0.284673,46400
2517,1983-04-19,0.0,1.421875,1.375,1.40625,0.291143,19200
2518,1983-04-20,0.0,1.484375,1.390625,1.484375,0.307317,76800
2519,1983-04-21,0.0,1.5625,1.5,1.5,0.310552,80800
2520,1983-04-22,0.0,1.515625,1.453125,1.515625,0.313787,68800
2521,1983-04-25,0.0,1.546875,1.515625,1.546875,0.320257,61600
2522,1983-04-26,0.0,1.546875,1.5,1.546875,0.320257,52000
2523,1983-04-27,0.0,1.6875,1.625,1.65625,0.342901,241600
2524,1983-04-28,0.0,1.703125,1.671875,1.6875,0.349371,80800
2525,1983-04-29,0.0,1.71875,1.6875,1.703125,0.352606,89600
2526,1983-05-02,0.0,1.703125,1.625,1.625,0.336431,40000
2527,1983-05-03,0.0,1.609375,1.515625,1.546875,0.320257,70400
2528,1983-05-04,0.0,1.609375,1.546875,1.5625,0.323492,34400
2529,1983-05-05,0.0,1.59375,1.546875,1.578125,0.326727,44000
2530,1983-05-06,0.0,1.609375,1.59375,1.59375,0.329962,23200
2531,1983-05-09,0.0,1.6875,1.609375,1.640625,0.339667,61600
2532,1983-05-10,0.0,1.6875,1.671875,1.6875,0.349371,28000
2533,1983-05-11,0.0,1.734375,1.65625,1.671875,0.346136,94400
2534,1983-05-12,0.0,1.671875,1.625,1.625,0.336431,36000
2535,1983-05-13,0.0,1.640625,1.609375,1.609375,0.33319699999999997,15200
2536,1983-05-16,0.0,1.625,1.5625,1.59375,0.329962,28000
2537,1983-05-17,0.0,1.609375,1.5625,1.609375,0.33319699999999997,45600
2538,1983-05-18,0.0,1.71875,1.59375,1.625,0.336431,68000
2539,1983-05-19,0.0,1.609375,1.578125,1.578125,0.326727,25600
2540,1983-05-20,0.0,1.609375,1.5625,1.578125,0.326727,41600
2541,1983-05-23,0.0,1.578125,1.5,1.578125,0.326727,36000
2542,1983-05-24,0.0,1.578125,1.546875,1.578125,0.326727,20000
2543,1983-05-25,0.0,1.609375,1.5625,1.578125,0.326727,29600
2544,1983-05-26,0.0,1.578125,1.546875,1.5625,0.323492,36800
2545,1983-05-27,0.0,1.546875,1.515625,1.546875,0.320257,52800
2546,1983-05-31,0.0,1.546875,1.515625,1.515625,0.313787,15200
2547,1983-06-01,0.0,1.53125,1.5,1.5,0.310552,10400
2548,1983-06-02,0.0,1.5,1.484375,1.5,0.310552,32800
2549,1983-06-03,0.0,1.5625,1.5,1.546875,0.320257,20000
2550,1983-06-06,0.0,1.578125,1.546875,1.578125,0.326727,8000
2551,1983-06-07,0.0,1.625,1.5625,1.625,0.336431,123200
2552,1983-06-08,0.0,1.625,1.59375,1.59375,0.329962,12800
2553,1983-06-09,0.0,1.578125,1.546875,1.546875,0.320257,12000
2554,1983-06-10,0.0,1.578125,1.53125,1.546875,0.320257,41600
2555,1983-06-13,0.0,1.578125,1.5625,1.5625,0.323492,16000
2556,1983-06-14,0.0,1.609375,1.5625,1.609375,0.33319699999999997,19200
2557,1983-06-15,0.0,1.734375,1.609375,1.703125,0.352606,53600
2558,1983-06-16,0.0,1.734375,1.6875,1.71875,0.35584099999999996,66400
2559,1983-06-17,0.0,1.71875,1.625,1.640625,0.339667,40800
2560,1983-06-20,0.0,1.65625,1.625,1.65625,0.342901,29600
2561,1983-06-21,0.0,1.703125,1.640625,1.703125,0.352606,15200
2562,1983-06-22,0.0,1.8125,1.6875,1.8125,0.375251,53600
2563,1983-06-23,0.0,1.828125,1.78125,1.8125,0.375251,64000
2564,1983-06-24,0.0,1.796875,1.75,1.78125,0.36878099999999997,34400
2565,1983-06-27,0.0,1.796875,1.65625,1.65625,0.342901,55200
2566,1983-06-28,0.0,1.703125,1.625,1.625,0.336431,36800
2567,1983-06-29,0.0,1.65625,1.5625,1.59375,0.329962,27200
2568,1983-06-30,0.0,1.625,1.578125,1.625,0.336431,16000
2569,1983-07-01,0.0,1.65625,1.625,1.65625,0.342901,16000
2570,1983-07-05,0.0,1.640625,1.640625,1.640625,0.339667,12000
2571,1983-07-06,0.0,1.65625,1.640625,1.65625,0.342901,11200
2572,1983-07-07,0.0,1.625,1.59375,1.625,0.336431,15200
2573,1983-07-08,0.0,1.625,1.59375,1.59375,0.329962,8000
2574,1983-07-11,0.0,1.625,1.578125,1.578125,0.326727,8800
2575,1983-07-12,0.0,1.578125,1.53125,1.5625,0.323492,14400
2576,1983-07-13,0.0,1.578125,1.515625,1.515625,0.313787,5600
2577,1983-07-14,0.0,1.53125,1.515625,1.515625,0.313787,22400
2578,1983-07-15,0.0,1.515625,1.453125,1.453125,0.300847,40800
2579,1983-07-18,0.0,1.46875,1.4375,1.46875,0.304083,13600
2580,1983-07-19,0.0,1.5,1.46875,1.5,0.310552,16000
2581,1983-07-20,0.0,1.515625,1.4375,1.46875,0.304083,18400
2582,1983-07-21,0.0,1.46875,1.453125,1.453125,0.300847,8000
2583,1983-07-22,0.0,1.5,1.46875,1.5,0.310552,10400
2584,1983-07-25,0.0,1.515625,1.515625,1.515625,0.313787,10400
2585,1983-07-26,0.0,1.515625,1.5,1.515625,0.313787,10400
2586,1983-07-27,0.0,1.46875,1.4375,1.4375,0.297613,8800
2587,1983-07-28,0.0,1.453125,1.375,1.375,0.284673,55200
2588,1983-07-29,0.0,1.421875,1.359375,1.421875,0.29437800000000003,22400
2589,1983-08-01,0.0,1.453125,1.40625,1.453125,0.300847,14400
2590,1983-08-02,0.0,1.515625,1.4375,1.5,0.310552,18400
2591,1983-08-03,0.0,1.5,1.375,1.40625,0.291143,25600
2592,1983-08-04,0.0,1.421875,1.375,1.375,0.284673,13600
2593,1983-08-05,0.0,1.390625,1.375,1.375,0.284673,8000
2594,1983-08-08,0.0,1.40625,1.375,1.375,0.284673,33600
2595,1983-08-09,0.0,1.40625,1.375,1.375,0.284673,1600
2596,1983-08-10,0.0,1.375,1.3125,1.34375,0.27820300000000003,20800
2597,1983-08-11,0.0,1.359375,1.328125,1.359375,0.281438,10400
2598,1983-08-12,0.0,1.390625,1.359375,1.390625,0.287908,8800
2599,1983-08-15,0.0,1.390625,1.390625,1.390625,0.287908,4000
2600,1983-08-16,0.0,1.453125,1.40625,1.40625,0.291143,13600
2601,1983-08-17,0.0,1.40625,1.40625,1.40625,0.291143,1600
2602,1983-08-18,0.0,1.40625,1.390625,1.390625,0.287908,4800
2603,1983-08-19,0.0,1.390625,1.390625,1.390625,0.287908,5600
2604,1983-08-22,0.0,1.390625,1.390625,1.390625,0.287908,6400
2605,1983-08-23,0.0,1.390625,1.375,1.390625,0.287908,16000
2606,1983-08-24,0.0,1.375,1.375,1.375,0.284673,20800
2607,1983-08-25,0.0,1.359375,1.328125,1.328125,0.274968,20800
2608,1983-08-26,0.0,1.390625,1.34375,1.390625,0.287908,15200
2609,1983-08-29,0.0,1.390625,1.359375,1.375,0.284673,16800
2610,1983-08-30,0.0,1.40625,1.375,1.390625,0.287908,44000
2611,1983-08-31,0.0,1.375,1.375,1.375,0.284673,4000
2612,1983-09-01,0.0,1.375,1.375,1.375,0.284673,16000
2613,1983-09-02,0.0,1.390625,1.359375,1.375,0.284673,10400
2614,1983-09-06,0.0,1.421875,1.375,1.390625,0.287908,25600
2615,1983-09-07,0.0,1.421875,1.421875,1.421875,0.29437800000000003,2400
2616,1983-09-08,0.0,1.4375,1.40625,1.4375,0.297613,47200
2617,1983-09-09,0.0,1.5,1.453125,1.484375,0.307317,36800
2618,1983-09-12,0.0,1.5,1.453125,1.453125,0.300847,24000
2619,1983-09-13,0.0,1.46875,1.453125,1.46875,0.304083,16000
2620,1983-09-14,0.0,1.46875,1.46875,1.46875,0.304083,16000
2621,1983-09-15,0.0,1.46875,1.4375,1.4375,0.297613,34400
2622,1983-09-16,1.4375,1.4375,1.4375,1.4375,0.297613,0
2623,1983-09-19,0.0,1.46875,1.4375,1.4375,0.297613,8800
2624,1983-09-20,0.0,1.484375,1.46875,1.46875,0.304083,4800
2625,1983-09-21,0.0,1.46875,1.46875,1.46875,0.304083,15200
2626,1983-09-22,0.0,1.484375,1.453125,1.484375,0.307317,15200
2627,1983-09-23,0.0,1.46875,1.40625,1.453125,0.300847,30400
2628,1983-09-26,0.0,1.46875,1.453125,1.46875,0.304083,17600
2629,1983-09-27,0.0,1.484375,1.453125,1.484375,0.307317,35200
2630,1983-09-28,0.0,1.5,1.46875,1.5,0.310552,8000
2631,1983-09-29,0.0,1.515625,1.5,1.5,0.310552,14400
2632,1983-09-30,0.0,1.5,1.46875,1.46875,0.304083,2400
2633,1983-10-03,0.0,1.5,1.453125,1.453125,0.300847,29600
2634,1983-10-04,0.0,1.453125,1.453125,1.453125,0.300847,800
2635,1983-10-05,0.0,1.453125,1.421875,1.453125,0.300847,10400
2636,1983-10-06,0.0,1.46875,1.4375,1.4375,0.297613,4800
2637,1983-10-07,0.0,1.453125,1.40625,1.40625,0.291143,63200
2638,1983-10-10,0.0,1.40625,1.375,1.390625,0.287908,15200
2639,1983-10-11,0.0,1.421875,1.34375,1.34375,0.27820300000000003,36800
2640,1983-10-12,0.0,1.359375,1.34375,1.359375,0.281438,8000
2641,1983-10-13,0.0,1.390625,1.359375,1.390625,0.287908,7200
2642,1983-10-14,0.0,1.375,1.3125,1.3125,0.271733,28000
2643,1983-10-17,0.0,1.359375,1.34375,1.359375,0.281438,28000
2644,1983-10-18,0.0,1.34375,1.3125,1.328125,0.274968,24000
2645,1983-10-19,0.0,1.421875,1.359375,1.421875,0.29437800000000003,35200
2646,1983-10-20,0.0,1.46875,1.4375,1.4375,0.297613,49600
2647,1983-10-21,0.0,1.4375,1.4375,1.4375,0.297613,1600
2648,1983-10-24,0.0,1.4375,1.375,1.390625,0.287908,13600
2649,1983-10-25,0.0,1.375,1.296875,1.3125,0.271733,32800
2650,1983-10-26,0.0,1.328125,1.296875,1.3125,0.271733,16800
2651,1983-10-27,0.0,1.390625,1.34375,1.375,0.284673,24800
2652,1983-10-28,0.0,1.40625,1.375,1.40625,0.291143,8000
2653,1983-10-31,0.0,1.375,1.34375,1.34375,0.27820300000000003,7200
2654,1983-11-01,0.0,1.34375,1.328125,1.328125,0.274968,4000
2655,1983-11-02,0.0,1.359375,1.3125,1.328125,0.274968,12800
2656,1983-11-03,0.0,1.328125,1.3125,1.328125,0.274968,4800
2657,1983-11-04,0.0,1.359375,1.328125,1.34375,0.27820300000000003,14400
2658,1983-11-07,0.0,1.359375,1.34375,1.34375,0.27820300000000003,3200
2659,1983-11-08,0.0,1.359375,1.34375,1.34375,0.27820300000000003,5600
2660,1983-11-09,0.0,1.328125,1.328125,1.328125,0.274968,5600
2661,1983-11-10,0.0,1.375,1.34375,1.375,0.284673,18400
2662,1983-11-11,0.0,1.40625,1.375,1.40625,0.291143,36000
2663,1983-11-14,0.0,1.421875,1.390625,1.421875,0.29437800000000003,15200
2664,1983-11-15,0.0,1.40625,1.40625,1.40625,0.291143,5600
2665,1983-11-16,0.0,1.4375,1.40625,1.421875,0.29437800000000003,29600
2666,1983-11-17,0.0,1.421875,1.421875,1.421875,0.29437800000000003,8800
2667,1983-11-18,0.0,1.421875,1.40625,1.40625,0.291143,9600
2668,1983-11-21,0.0,1.40625,1.390625,1.40625,0.291143,6400
2669,1983-11-22,0.0,1.4375,1.390625,1.40625,0.291143,24000
2670,1983-11-23,0.0,1.453125,1.375,1.453125,0.300847,22400
2671,1983-11-25,0.0,1.453125,1.4375,1.4375,0.297613,4800
2672,1983-11-28,0.0,1.484375,1.4375,1.453125,0.300847,32800
2673,1983-11-29,0.0,1.46875,1.4375,1.4375,0.297613,28800
2674,1983-11-30,0.0,1.484375,1.453125,1.46875,0.304083,11200
2675,1983-12-01,0.0,1.4375,1.40625,1.40625,0.291143,16800
2676,1983-12-02,0.0,1.421875,1.359375,1.359375,0.281438,16000
2677,1983-12-05,0.0,1.40625,1.359375,1.390625,0.287908,13600
2678,1983-12-06,0.0,1.390625,1.375,1.390625,0.287908,5600
2679,1983-12-07,0.0,1.390625,1.375,1.390625,0.287908,16000
2680,1983-12-08,0.0,1.390625,1.375,1.390625,0.287908,6400
2681,1983-12-09,0.0,1.40625,1.390625,1.390625,0.287908,32000
2682,1983-12-12,0.0,1.359375,1.328125,1.328125,0.274968,22400
2683,1983-12-13,0.0,1.34375,1.28125,1.296875,0.268498,25600
2684,1983-12-14,0.0,1.34375,1.3125,1.34375,0.27820300000000003,5600
2685,1983-12-15,0.0,1.359375,1.34375,1.359375,0.281438,11200
2686,1983-12-16,0.0,1.359375,1.359375,1.359375,0.281438,800
2687,1983-12-19,0.0,1.375,1.359375,1.375,0.284673,14400
2688,1983-12-20,0.0,1.390625,1.375,1.375,0.284673,14400
2689,1983-12-21,0.0,1.40625,1.34375,1.40625,0.291143,40000
2690,1983-12-22,0.0,1.421875,1.40625,1.40625,0.291143,12000
2691,1983-12-23,0.0,1.40625,1.40625,1.40625,0.291143,1600
2692,1983-12-27,0.0,1.4375,1.40625,1.4375,0.297613,5600
2693,1983-12-28,0.0,1.421875,1.390625,1.40625,0.291143,32800
2694,1983-12-29,0.0,1.390625,1.375,1.375,0.284673,8000
2695,1983-12-30,0.0,1.421875,1.390625,1.40625,0.291143,13600
2696,1984-01-03,0.0,1.421875,1.375,1.390625,0.287908,37600
2697,1984-01-04,0.0,1.5,1.421875,1.5,0.310552,232800
2698,1984-01-05,0.0,1.5,1.46875,1.484375,0.307317,27200
2699,1984-01-06,0.0,1.484375,1.453125,1.484375,0.307317,18400
2700,1984-01-09,0.0,1.46875,1.4375,1.453125,0.300847,13600
2701,1984-01-10,0.0,1.5,1.453125,1.5,0.310552,54400
2702,1984-01-11,0.0,1.5,1.484375,1.5,0.310552,11200
2703,1984-01-12,0.0,1.515625,1.484375,1.5,0.310552,10400
2704,1984-01-13,0.0,1.5,1.484375,1.5,0.310552,31200
2705,1984-01-16,0.0,1.5,1.484375,1.484375,0.307317,2400
2706,1984-01-17,0.0,1.546875,1.5,1.546875,0.320257,56800
2707,1984-01-18,0.0,1.578125,1.53125,1.578125,0.326727,91200
2708,1984-01-19,0.0,1.578125,1.53125,1.53125,0.31702199999999997,20800
2709,1984-01-20,0.0,1.546875,1.53125,1.546875,0.320257,15200
2710,1984-01-23,0.0,1.546875,1.515625,1.546875,0.320257,12800
2711,1984-01-24,0.0,1.5625,1.484375,1.5625,0.323492,40800
2712,1984-01-25,0.0,1.578125,1.515625,1.546875,0.320257,22400
2713,1984-01-26,0.0,1.546875,1.546875,1.546875,0.320257,2400
2714,1984-01-27,0.0,1.53125,1.484375,1.484375,0.307317,34400
2715,1984-01-30,0.0,1.515625,1.484375,1.484375,0.307317,3200
2716,1984-01-31,0.0,1.46875,1.46875,1.46875,0.304083,23200
2717,1984-02-01,0.0,1.484375,1.4375,1.484375,0.307317,11200
2718,1984-02-02,0.0,1.484375,1.4375,1.4375,0.297613,13600
2719,1984-02-03,0.0,1.453125,1.4375,1.453125,0.300847,2400
2720,1984-02-06,0.0,1.453125,1.40625,1.4375,0.297613,42400
2721,1984-02-07,0.0,1.46875,1.4375,1.46875,0.304083,52800
2722,1984-02-08,0.0,1.484375,1.453125,1.46875,0.304083,29600
2723,1984-02-09,0.0,1.453125,1.421875,1.421875,0.29437800000000003,55200
2724,1984-02-10,0.0,1.421875,1.34375,1.390625,0.287908,114400
2725,1984-02-13,0.0,1.390625,1.328125,1.328125,0.274968,31200
2726,1984-02-14,0.0,1.453125,1.34375,1.453125,0.300847,50400
2727,1984-02-15,0.0,1.4375,1.40625,1.421875,0.29437800000000003,18400
2728,1984-02-16,0.0,1.453125,1.4375,1.453125,0.300847,24000
2729,1984-02-17,0.0,1.4375,1.40625,1.40625,0.291143,8800
2730,1984-02-21,0.0,1.4375,1.40625,1.421875,0.29437800000000003,13600
2731,1984-02-22,0.0,1.515625,1.40625,1.515625,0.313787,73600
2732,1984-02-23,0.0,1.546875,1.46875,1.515625,0.313787,78400
2733,1984-02-24,0.0,1.515625,1.484375,1.484375,0.307317,32800
2734,1984-02-27,0.0,1.53125,1.5,1.515625,0.313787,41600
2735,1984-02-28,0.0,1.5,1.453125,1.484375,0.307317,53600
2736,1984-02-29,0.0,1.484375,1.46875,1.484375,0.307317,24800
2737,1984-03-01,0.0,1.484375,1.484375,1.484375,0.307317,15200
2738,1984-03-02,0.0,1.5,1.484375,1.5,0.310552,37600
2739,1984-03-05,0.0,1.5,1.46875,1.46875,0.304083,17600
2740,1984-03-06,0.0,1.484375,1.4375,1.453125,0.300847,36800
2741,1984-03-07,0.0,1.453125,1.4375,1.4375,0.297613,16000
2742,1984-03-08,0.0,1.484375,1.453125,1.484375,0.307317,21600
2743,1984-03-09,1.484375,1.484375,1.484375,1.484375,0.307317,0
2744,1984-03-12,0.0,1.46875,1.421875,1.46875,0.304083,58400
2745,1984-03-13,0.0,1.484375,1.4375,1.46875,0.304083,24000
2746,1984-03-14,0.0,1.46875,1.46875,1.46875,0.304083,3200
2747,1984-03-15,0.0,1.484375,1.453125,1.484375,0.307317,20800
2748,1984-03-16,0.0,1.578125,1.5,1.53125,0.31702199999999997,105600
2749,1984-03-19,0.0,1.53125,1.484375,1.484375,0.307317,58400
2750,1984-03-20,0.0,1.53125,1.484375,1.53125,0.31702199999999997,16000
2751,1984-03-21,0.0,1.53125,1.515625,1.515625,0.313787,5600
2752,1984-03-22,0.0,1.546875,1.5,1.546875,0.320257,52800
2753,1984-03-23,0.0,1.5625,1.53125,1.53125,0.31702199999999997,10400
2754,1984-03-26,0.0,1.5625,1.53125,1.5625,0.323492,7200
2755,1984-03-27,0.0,1.5625,1.515625,1.546875,0.320257,22400
2756,1984-03-28,0.0,1.5625,1.515625,1.5625,0.323492,22400
2757,1984-03-29,0.0,1.5625,1.53125,1.53125,0.31702199999999997,4000
2758,1984-03-30,0.0,1.546875,1.53125,1.53125,0.31702199999999997,16800
2759,1984-04-02,0.0,1.546875,1.53125,1.546875,0.320257,25600
2760,1984-04-03,0.0,1.546875,1.5,1.5,0.310552,14400
2761,1984-04-04,0.0,1.546875,1.53125,1.53125,0.31702199999999997,10400
2762,1984-04-05,0.0,1.53125,1.484375,1.484375,0.307317,22400
2763,1984-04-06,0.0,1.484375,1.46875,1.484375,0.307317,9600
2764,1984-04-09,0.0,1.484375,1.453125,1.453125,0.300847,40800
2765,1984-04-10,0.0,1.484375,1.453125,1.484375,0.307317,17600
2766,1984-04-11,0.0,1.46875,1.4375,1.4375,0.297613,49600
2767,1984-04-12,0.0,1.453125,1.4375,1.4375,0.297613,36800
2768,1984-04-13,0.0,1.453125,1.4375,1.4375,0.297613,8000
2769,1984-04-16,0.0,1.484375,1.453125,1.46875,0.304083,32800
2770,1984-04-17,0.0,1.484375,1.46875,1.484375,0.307317,6400
2771,1984-04-18,0.0,1.5,1.484375,1.484375,0.307317,59200
2772,1984-04-19,0.0,1.484375,1.46875,1.484375,0.307317,8800
2773,1984-04-23,0.0,1.484375,1.4375,1.4375,0.297613,40000
2774,1984-04-24,0.0,1.46875,1.4375,1.46875,0.304083,12800
2775,1984-04-25,0.0,1.5,1.46875,1.484375,0.307317,12000
2776,1984-04-26,0.0,1.515625,1.5,1.5,0.310552,12000
2777,1984-04-27,0.0,1.5,1.484375,1.484375,0.307317,8000
2778,1984-04-30,0.0,1.5,1.484375,1.5,0.310552,8000
2779,1984-05-01,0.0,1.5,1.46875,1.5,0.310552,37600
2780,1984-05-02,0.0,1.515625,1.5,1.515625,0.313787,24800
2781,1984-05-03,0.0,1.515625,1.5,1.5,0.310552,18400
2782,1984-05-04,0.0,1.5,1.5,1.5,0.310552,4000
2783,1984-05-07,0.0,1.515625,1.5,1.515625,0.313787,28800
2784,1984-05-08,0.0,1.53125,1.515625,1.515625,0.313787,142400
2785,1984-05-09,0.0,1.5625,1.5,1.515625,0.313787,62400
2786,1984-05-10,0.0,1.53125,1.515625,1.53125,0.31702199999999997,50400
2787,1984-05-11,0.0,1.53125,1.5,1.515625,0.313787,22400
2788,1984-05-14,0.0,1.53125,1.515625,1.53125,0.31702199999999997,40000
2789,1984-05-15,0.0,1.53125,1.515625,1.515625,0.313787,4800
2790,1984-05-16,0.0,1.53125,1.515625,1.53125,0.31702199999999997,1600
2791,1984-05-17,0.0,1.53125,1.515625,1.53125,0.31702199999999997,13600
2792,1984-05-18,0.0,1.5,1.484375,1.484375,0.307317,26400
2793,1984-05-21,0.0,1.5,1.453125,1.46875,0.304083,65600
2794,1984-05-22,0.0,1.46875,1.4375,1.4375,0.297613,23200
2795,1984-05-23,0.0,1.46875,1.4375,1.4375,0.297613,21600
2796,1984-05-24,0.0,1.46875,1.4375,1.46875,0.304083,40000
2797,1984-05-25,0.0,1.453125,1.4375,1.453125,0.300847,16000
2798,1984-05-29,0.0,1.484375,1.4375,1.4375,0.297613,18400
2799,1984-05-30,0.0,1.421875,1.390625,1.421875,0.29437800000000003,28000
2800,1984-05-31,0.0,1.46875,1.4375,1.4375,0.297613,10400
2801,1984-06-01,0.0,1.46875,1.4375,1.46875,0.304083,18400
2802,1984-06-04,0.0,1.53125,1.5,1.515625,0.313787,56800
2803,1984-06-05,0.0,1.515625,1.515625,1.515625,0.313787,6400
2804,1984-06-06,0.0,1.515625,1.484375,1.484375,0.307317,10400
2805,1984-06-07,0.0,1.5,1.46875,1.46875,0.304083,9600
2806,1984-06-08,1.46875,1.46875,1.46875,1.46875,0.304083,0
2807,1984-06-11,0.0,1.484375,1.453125,1.453125,0.300847,6400
2808,1984-06-12,0.0,1.453125,1.453125,1.453125,0.300847,800
2809,1984-06-13,0.0,1.453125,1.4375,1.4375,0.297613,3200
2810,1984-06-14,0.0,1.421875,1.40625,1.40625,0.291143,4000
2811,1984-06-15,0.0,1.421875,1.40625,1.40625,0.291143,6400
2812,1984-06-18,0.0,1.4375,1.421875,1.421875,0.29437800000000003,10400
2813,1984-06-19,0.0,1.46875,1.4375,1.46875,0.304083,37600
2814,1984-06-20,0.0,1.46875,1.453125,1.453125,0.300847,34400
2815,1984-06-21,0.0,1.484375,1.4375,1.453125,0.300847,15200
2816,1984-06-22,0.0,1.453125,1.40625,1.453125,0.300847,11200
2817,1984-06-25,0.0,1.46875,1.4375,1.453125,0.300847,7200
2818,1984-06-26,0.0,1.46875,1.421875,1.421875,0.29437800000000003,16800
2819,1984-06-27,0.0,1.4375,1.40625,1.421875,0.29437800000000003,13600
2820,1984-06-28,0.0,1.453125,1.421875,1.453125,0.300847,3200
2821,1984-06-29,0.0,1.453125,1.390625,1.453125,0.300847,44000
2822,1984-07-02,0.0,1.515625,1.46875,1.484375,0.307317,16000
2823,1984-07-03,0.0,1.515625,1.515625,1.515625,0.313787,5600
2824,1984-07-05,0.0,1.515625,1.4375,1.4375,0.297613,20800
2825,1984-07-06,0.0,1.484375,1.421875,1.484375,0.307317,11200
2826,1984-07-09,0.0,1.484375,1.46875,1.46875,0.304083,13600
2827,1984-07-10,0.0,1.484375,1.46875,1.484375,0.307317,9600
2828,1984-07-11,0.0,1.484375,1.453125,1.453125,0.300847,4800
2829,1984-07-12,0.0,1.484375,1.46875,1.46875,0.304083,10400
2830,1984-07-13,0.0,1.5,1.484375,1.484375,0.307317,18400
2831,1984-07-16,0.0,1.515625,1.46875,1.5,0.310552,42400
2832,1984-07-17,0.0,1.5,1.484375,1.484375,0.307317,41600
2833,1984-07-18,0.0,1.515625,1.5,1.515625,0.313787,4800
2834,1984-07-19,0.0,1.5,1.5,1.5,0.310552,19200
2835,1984-07-20,0.0,1.5625,1.515625,1.546875,0.320257,72800
2836,1984-07-23,0.0,1.5625,1.515625,1.53125,0.31702199999999997,49600
2837,1984-07-24,0.0,1.515625,1.484375,1.5,0.310552,31200
2838,1984-07-25,0.0,1.484375,1.421875,1.421875,0.29437800000000003,21600
2839,1984-07-26,0.0,1.4375,1.40625,1.4375,0.297613,28000
2840,1984-07-27,0.0,1.4375,1.4375,1.4375,0.297613,3200
2841,1984-07-30,0.0,1.46875,1.4375,1.4375,0.297613,20800
2842,1984-07-31,1.4375,1.4375,1.4375,1.4375,0.297613,0
2843,1984-08-01,0.0,1.46875,1.4375,1.453125,0.300847,18400
2844,1984-08-02,0.0,1.484375,1.46875,1.46875,0.304083,54400
2845,1984-08-03,0.0,1.546875,1.5,1.53125,0.31702199999999997,67200
2846,1984-08-06,0.0,1.734375,1.5625,1.671875,0.346136,415200
2847,1984-08-07,0.0,1.6875,1.640625,1.640625,0.339667,152800
2848,1984-08-08,0.0,1.65625,1.625,1.625,0.336431,27200
2849,1984-08-09,0.0,1.671875,1.640625,1.65625,0.342901,80000
2850,1984-08-10,0.0,1.71875,1.65625,1.671875,0.346136,72800
2851,1984-08-13,0.0,1.71875,1.671875,1.71875,0.35584099999999996,74400
2852,1984-08-14,0.0,1.71875,1.671875,1.6875,0.349371,63200
2853,1984-08-15,0.0,1.703125,1.671875,1.671875,0.346136,26400
2854,1984-08-16,0.0,1.703125,1.6875,1.703125,0.352606,8800
2855,1984-08-17,0.0,1.703125,1.671875,1.703125,0.352606,22400
2856,1984-08-20,0.0,1.703125,1.6875,1.703125,0.352606,35200
2857,1984-08-21,0.0,1.703125,1.6875,1.6875,0.349371,31200
2858,1984-08-22,0.0,1.71875,1.6875,1.703125,0.352606,44000
2859,1984-08-23,0.0,1.703125,1.65625,1.65625,0.342901,69600
2860,1984-08-24,0.0,1.703125,1.65625,1.703125,0.352606,40800
2861,1984-08-27,0.0,1.703125,1.6875,1.703125,0.352606,21600
2862,1984-08-28,0.0,1.71875,1.65625,1.6875,0.349371,16000
2863,1984-08-29,0.0,1.71875,1.671875,1.671875,0.346136,16000
2864,1984-08-30,0.0,1.703125,1.671875,1.6875,0.349371,3200
2865,1984-08-31,0.0,1.671875,1.65625,1.65625,0.342901,29600
2866,1984-09-04,0.0,1.671875,1.65625,1.65625,0.342901,15200
2867,1984-09-05,0.0,1.671875,1.65625,1.671875,0.346136,33600
2868,1984-09-06,0.0,1.671875,1.65625,1.671875,0.346136,13600
2869,1984-09-07,0.0,1.6875,1.65625,1.65625,0.342901,28000
2870,1984-09-10,0.0,1.65625,1.640625,1.640625,0.339667,19200
2871,1984-09-11,0.0,1.65625,1.640625,1.640625,0.339667,2400
2872,1984-09-12,0.0,1.65625,1.59375,1.59375,0.329962,60000
2873,1984-09-13,0.0,1.625,1.578125,1.609375,0.33319699999999997,19200
2874,1984-09-14,0.0,1.625,1.5625,1.5625,0.323492,33600
2875,1984-09-17,0.0,1.5625,1.484375,1.53125,0.31702199999999997,139200
2876,1984-09-18,0.0,1.59375,1.5625,1.578125,0.326727,24000
2877,1984-09-19,0.0,1.578125,1.546875,1.5625,0.323492,39200
2878,1984-09-20,0.0,1.5625,1.5625,1.5625,0.323492,13600
2879,1984-09-21,0.0,1.609375,1.578125,1.578125,0.326727,30400
2880,1984-09-24,0.0,1.5625,1.546875,1.546875,0.320257,42400
2881,1984-09-25,0.0,1.5625,1.515625,1.53125,0.31702199999999997,48000
2882,1984-09-26,0.0,1.59375,1.546875,1.578125,0.326727,22400
2883,1984-09-27,0.0,1.578125,1.546875,1.578125,0.326727,9600
2884,1984-09-28,0.0,1.578125,1.546875,1.546875,0.320257,4800
2885,1984-10-01,0.0,1.53125,1.5,1.5,0.310552,12000
2886,1984-10-02,0.0,1.53125,1.5,1.53125,0.31702199999999997,8000
2887,1984-10-03,0.0,1.546875,1.484375,1.53125,0.31702199999999997,25600
2888,1984-10-04,0.0,1.53125,1.515625,1.53125,0.31702199999999997,12000
2889,1984-10-05,0.0,1.515625,1.5,1.5,0.310552,22400
2890,1984-10-08,0.0,1.5,1.46875,1.46875,0.304083,40000
2891,1984-10-09,0.0,1.46875,1.4375,1.453125,0.300847,30400
2892,1984-10-10,0.0,1.5,1.484375,1.5,0.310552,8000
2893,1984-10-11,0.0,1.515625,1.46875,1.5,0.310552,57600
2894,1984-10-12,0.0,1.53125,1.484375,1.484375,0.307317,20800
2895,1984-10-15,0.0,1.546875,1.46875,1.53125,0.31702199999999997,35200
2896,1984-10-16,0.0,1.546875,1.53125,1.53125,0.31702199999999997,14400
2897,1984-10-17,0.0,1.515625,1.5,1.5,0.310552,29600
2898,1984-10-18,0.0,1.5,1.46875,1.484375,0.307317,28000
2899,1984-10-19,0.0,1.546875,1.5,1.53125,0.31702199999999997,29600
2900,1984-10-22,0.0,1.53125,1.515625,1.53125,0.31702199999999997,24000
2901,1984-10-23,0.0,1.609375,1.515625,1.609375,0.33319699999999997,94400
2902,1984-10-24,0.0,1.625,1.609375,1.609375,0.33319699999999997,56000
2903,1984-10-25,0.0,1.59375,1.5625,1.5625,0.323492,15200
2904,1984-10-26,0.0,1.546875,1.53125,1.53125,0.31702199999999997,3200
2905,1984-10-29,1.53125,1.53125,1.53125,1.53125,0.31702199999999997,0
2906,1984-10-30,0.0,1.5625,1.53125,1.546875,0.320257,12800
2907,1984-10-31,0.0,1.53125,1.5,1.5,0.310552,10400
2908,1984-11-01,0.0,1.5625,1.515625,1.5625,0.323492,22400
2909,1984-11-02,0.0,1.578125,1.546875,1.578125,0.326727,210400
2910,1984-11-05,0.0,1.5625,1.53125,1.546875,0.320257,14400
2911,1984-11-06,0.0,1.5625,1.546875,1.546875,0.320257,7200
2912,1984-11-07,0.0,1.546875,1.53125,1.546875,0.320257,21600
2913,1984-11-08,0.0,1.546875,1.5,1.515625,0.313787,27200
2914,1984-11-09,0.0,1.53125,1.515625,1.53125,0.31702199999999997,15200
2915,1984-11-12,0.0,1.5625,1.5,1.5625,0.323492,10400
2916,1984-11-13,0.0,1.53125,1.53125,1.53125,0.31702199999999997,11200
2917,1984-11-14,0.0,1.53125,1.515625,1.53125,0.31702199999999997,29600
2918,1984-11-15,0.0,1.546875,1.515625,1.515625,0.313787,15200
2919,1984-11-16,0.0,1.515625,1.5,1.5,0.310552,4000
2920,1984-11-19,0.0,1.53125,1.515625,1.515625,0.313787,7200
2921,1984-11-20,0.0,1.515625,1.5,1.515625,0.313787,24800
2922,1984-11-21,0.0,1.515625,1.5,1.5,0.310552,24800
2923,1984-11-23,0.0,1.53125,1.5,1.5,0.310552,28800
2924,1984-11-26,0.0,1.515625,1.5,1.5,0.310552,9600
2925,1984-11-27,0.0,1.5,1.484375,1.5,0.310552,5600
2926,1984-11-28,0.0,1.484375,1.46875,1.484375,0.307317,135200
2927,1984-11-29,0.0,1.46875,1.4375,1.4375,0.297613,15200
2928,1984-11-30,0.0,1.46875,1.4375,1.46875,0.304083,9600
2929,1984-12-03,0.0,1.46875,1.453125,1.46875,0.304083,12800
2930,1984-12-04,0.0,1.46875,1.4375,1.4375,0.297613,8800
2931,1984-12-05,0.0,1.484375,1.421875,1.453125,0.300847,24000
2932,1984-12-06,0.0,1.46875,1.4375,1.4375,0.297613,10400
2933,1984-12-07,0.0,1.453125,1.4375,1.4375,0.297613,9600
2934,1984-12-10,0.0,1.4375,1.40625,1.4375,0.297613,48000
2935,1984-12-11,0.0,1.4375,1.4375,1.4375,0.297613,8000
2936,1984-12-12,0.0,1.453125,1.4375,1.4375,0.297613,21600
2937,1984-12-13,0.0,1.4375,1.40625,1.4375,0.297613,12000
2938,1984-12-14,0.0,1.4375,1.40625,1.40625,0.291143,8000
2939,1984-12-17,0.0,1.421875,1.40625,1.421875,0.29437800000000003,30400
2940,1984-12-18,0.0,1.515625,1.4375,1.515625,0.313787,48800
2941,1984-12-19,0.0,1.53125,1.5,1.5,0.310552,25600
2942,1984-12-20,0.0,1.5,1.5,1.5,0.310552,16000
2943,1984-12-21,0.0,1.5,1.5,1.5,0.310552,39200
2944,1984-12-24,0.0,1.515625,1.5,1.515625,0.313787,16000
2945,1984-12-26,0.0,1.515625,1.5,1.515625,0.313787,5600
2946,1984-12-27,0.0,1.546875,1.5,1.5,0.310552,185600
2947,1984-12-28,0.0,1.640625,1.5,1.625,0.336431,876000
2948,1984-12-31,0.0,1.625,1.5,1.59375,0.329962,112000
2949,1985-01-02,0.0,1.59375,1.5625,1.5625,0.323492,16800
2950,1985-01-03,0.0,1.546875,1.515625,1.546875,0.320257,24800
2951,1985-01-04,0.0,1.546875,1.53125,1.546875,0.320257,9600
2952,1985-01-07,0.0,1.5625,1.546875,1.5625,0.323492,14400
2953,1985-01-08,0.0,1.5625,1.546875,1.546875,0.320257,13600
2954,1985-01-09,0.0,1.5625,1.546875,1.5625,0.323492,15200
2955,1985-01-10,0.0,1.59375,1.5625,1.578125,0.326727,48800
2956,1985-01-11,0.0,1.609375,1.578125,1.59375,0.329962,28800
2957,1985-01-14,0.0,1.609375,1.578125,1.609375,0.33319699999999997,22400
2958,1985-01-15,0.0,1.625,1.609375,1.609375,0.33319699999999997,27200
2959,1985-01-16,0.0,1.625,1.59375,1.609375,0.33319699999999997,52800
2960,1985-01-17,0.0,1.6875,1.625,1.6875,0.349371,127200
2961,1985-01-18,0.0,1.734375,1.6875,1.734375,0.359076,64800
2962,1985-01-21,0.0,1.78125,1.71875,1.75,0.362311,140000
2963,1985-01-22,0.0,1.765625,1.703125,1.734375,0.359076,50400
2964,1985-01-23,0.0,1.78125,1.71875,1.78125,0.36878099999999997,94400
2965,1985-01-24,0.0,1.8125,1.75,1.75,0.362311,65600
2966,1985-01-25,0.0,1.828125,1.765625,1.8125,0.375251,68800
2967,1985-01-28,0.0,1.890625,1.8125,1.84375,0.381721,152000
2968,1985-01-29,0.0,1.859375,1.796875,1.859375,0.384955,43200
2969,1985-01-30,0.0,1.859375,1.78125,1.78125,0.36878099999999997,46400
2970,1985-01-31,0.0,1.8125,1.75,1.75,0.362311,44000
2971,1985-02-01,0.0,1.796875,1.75,1.78125,0.36878099999999997,20000
2972,1985-02-04,0.0,1.890625,1.78125,1.890625,0.391425,82400
2973,1985-02-05,0.0,1.90625,1.84375,1.84375,0.381721,96000
2974,1985-02-06,0.0,1.890625,1.859375,1.875,0.38819000000000004,56800
2975,1985-02-07,0.0,1.921875,1.875,1.875,0.38819000000000004,48000
2976,1985-02-08,0.0,1.921875,1.890625,1.921875,0.397895,35200
2977,1985-02-11,0.0,1.90625,1.828125,1.859375,0.384955,36800
2978,1985-02-12,0.0,1.859375,1.828125,1.859375,0.384955,27200
2979,1985-02-13,0.0,1.90625,1.84375,1.90625,0.39466,46400
2980,1985-02-14,0.0,1.90625,1.84375,1.859375,0.384955,27200
2981,1985-02-15,0.0,1.84375,1.8125,1.8125,0.394338,18400
2982,1985-02-19,0.0,1.8125,1.765625,1.8125,0.394338,46400
2983,1985-02-20,0.0,1.828125,1.734375,1.796875,0.390939,136000
2984,1985-02-21,0.0,1.8125,1.75,1.75,0.38074,80000
2985,1985-02-22,0.0,1.75,1.6875,1.71875,0.37394099999999997,119200
2986,1985-02-25,0.0,1.796875,1.71875,1.78125,0.38753899999999997,70400
2987,1985-02-26,0.0,1.859375,1.765625,1.828125,0.397737,78400
2988,1985-02-27,0.0,1.859375,1.8125,1.828125,0.397737,73600
2989,1985-02-28,0.0,1.828125,1.8125,1.8125,0.394338,13600
2990,1985-03-01,0.0,1.875,1.8125,1.84375,0.40113699999999997,62400
2991,1985-03-04,0.0,1.875,1.828125,1.828125,0.397737,53600
2992,1985-03-05,0.0,1.84375,1.765625,1.765625,0.38414,109600
2993,1985-03-06,0.0,1.765625,1.6875,1.703125,0.370542,44000
2994,1985-03-07,0.0,1.796875,1.671875,1.78125,0.38753899999999997,64800
2995,1985-03-08,0.0,1.796875,1.75,1.75,0.38074,19200
2996,1985-03-11,0.0,1.765625,1.703125,1.765625,0.38414,24000
2997,1985-03-12,0.0,1.84375,1.78125,1.8125,0.394338,32000
2998,1985-03-13,0.0,1.890625,1.8125,1.828125,0.397737,123200
2999,1985-03-14,0.0,1.859375,1.75,1.859375,0.404536,47200
3000,1985-03-15,0.0,1.890625,1.859375,1.859375,0.404536,50400
3001,1985-03-18,0.0,1.875,1.84375,1.875,0.407936,31200
3002,1985-03-19,0.0,1.875,1.84375,1.84375,0.40113699999999997,47200
3003,1985-03-20,0.0,1.859375,1.828125,1.828125,0.397737,6400
3004,1985-03-21,0.0,1.859375,1.828125,1.84375,0.40113699999999997,4000
3005,1985-03-22,0.0,1.859375,1.828125,1.859375,0.404536,12800
3006,1985-03-25,0.0,1.828125,1.828125,1.828125,0.397737,1600
3007,1985-03-26,0.0,1.859375,1.796875,1.8125,0.394338,35200
3008,1985-03-27,0.0,1.828125,1.78125,1.78125,0.38753899999999997,11200
3009,1985-03-28,0.0,1.875,1.765625,1.859375,0.404536,55200
3010,1985-03-29,0.0,1.859375,1.828125,1.828125,0.397737,11200
3011,1985-04-01,0.0,1.859375,1.8125,1.8125,0.394338,20800
3012,1985-04-02,0.0,1.84375,1.78125,1.78125,0.38753899999999997,29600
3013,1985-04-03,0.0,1.8125,1.78125,1.78125,0.38753899999999997,12000
3014,1985-04-04,0.0,1.765625,1.75,1.75,0.38074,17600
3015,1985-04-08,0.0,1.796875,1.75,1.78125,0.38753899999999997,20800
3016,1985-04-09,0.0,1.796875,1.75,1.796875,0.390939,8000
3017,1985-04-10,0.0,1.796875,1.765625,1.765625,0.38414,7200
3018,1985-04-11,0.0,1.796875,1.765625,1.796875,0.390939,16800
3019,1985-04-12,0.0,1.8125,1.78125,1.78125,0.38753899999999997,21600
3020,1985-04-15,0.0,1.859375,1.78125,1.859375,0.404536,61600
3021,1985-04-16,0.0,1.859375,1.8125,1.8125,0.394338,24800
3022,1985-04-17,0.0,1.828125,1.828125,1.828125,0.397737,1600
3023,1985-04-18,0.0,1.828125,1.8125,1.828125,0.397737,12800
3024,1985-04-19,0.0,1.828125,1.796875,1.796875,0.390939,26400
3025,1985-04-22,0.0,1.890625,1.828125,1.890625,0.41133500000000006,44800
3026,1985-04-23,0.0,1.875,1.8125,1.8125,0.394338,24000
3027,1985-04-24,0.0,1.828125,1.796875,1.8125,0.394338,28800
3028,1985-04-25,0.0,1.84375,1.8125,1.84375,0.40113699999999997,29600
3029,1985-04-26,0.0,1.875,1.84375,1.859375,0.404536,9600
3030,1985-04-29,0.0,1.875,1.84375,1.84375,0.40113699999999997,35200
3031,1985-04-30,0.0,1.890625,1.84375,1.890625,0.41133500000000006,68000
3032,1985-05-01,0.0,1.890625,1.875,1.875,0.407936,28800
3033,1985-05-02,0.0,1.875,1.828125,1.828125,0.397737,20000
3034,1985-05-03,0.0,1.859375,1.828125,1.84375,0.40113699999999997,12800
3035,1985-05-06,0.0,1.875,1.828125,1.859375,0.404536,23200
3036,1985-05-07,0.0,1.890625,1.859375,1.875,0.407936,33600
3037,1985-05-08,0.0,1.875,1.84375,1.875,0.407936,28800
3038,1985-05-09,0.0,1.96875,1.890625,1.96875,0.428333,56000
3039,1985-05-10,0.0,2.0,1.96875,2.0,0.43513100000000005,63200
3040,1985-05-13,0.0,2.109375,2.015625,2.03125,0.44193000000000005,84000
3041,1985-05-14,0.0,2.03125,1.96875,2.03125,0.46241899999999997,39200
3042,1985-05-15,0.0,2.015625,2.0,2.0,0.455305,12000
3043,1985-05-16,0.0,2.21875,2.0,2.203125,0.5015470000000001,114400
3044,1985-05-17,0.0,2.171875,2.125,2.125,0.48376199999999997,52000
3045,1985-05-20,0.0,2.140625,2.015625,2.015625,0.458862,52000
3046,1985-05-21,0.0,2.078125,2.03125,2.046875,0.465976,25600
3047,1985-05-22,0.0,2.046875,2.015625,2.046875,0.465976,24000
3048,1985-05-23,0.0,2.109375,2.0625,2.109375,0.480205,23200
3049,1985-05-24,0.0,2.09375,2.078125,2.078125,0.473091,9600
3050,1985-05-28,0.0,2.0625,2.0625,2.0625,0.469533,2400
3051,1985-05-29,0.0,2.046875,2.03125,2.046875,0.465976,11200
3052,1985-05-30,0.0,2.046875,2.015625,2.015625,0.458862,20000
3053,1985-05-31,0.0,2.046875,2.015625,2.03125,0.46241899999999997,23200
3054,1985-06-03,0.0,2.0625,2.015625,2.0625,0.469533,78400
3055,1985-06-04,0.0,2.078125,2.03125,2.03125,0.46241899999999997,15200
3056,1985-06-05,0.0,2.09375,2.015625,2.09375,0.47664700000000004,113600
3057,1985-06-06,0.0,2.09375,2.046875,2.078125,0.473091,16000
3058,1985-06-07,0.0,2.09375,2.0625,2.078125,0.473091,18400
3059,1985-06-10,0.0,2.09375,2.0625,2.078125,0.473091,24000
3060,1985-06-11,0.0,2.09375,2.0625,2.0625,0.469533,7200
3061,1985-06-12,0.0,2.078125,2.046875,2.078125,0.473091,43200
3062,1985-06-13,0.0,2.078125,2.03125,2.03125,0.46241899999999997,26400
3063,1985-06-14,0.0,2.0625,2.03125,2.0625,0.469533,13600
3064,1985-06-17,0.0,2.09375,2.0625,2.078125,0.473091,21600
3065,1985-06-18,0.0,2.0625,2.046875,2.0625,0.469533,28800
3066,1985-06-19,0.0,2.078125,2.046875,2.046875,0.465976,208000
3067,1985-06-20,0.0,2.09375,2.078125,2.078125,0.473091,9600
3068,1985-06-21,0.0,2.0625,2.046875,2.0625,0.469533,28000
3069,1985-06-24,0.0,2.046875,2.0,2.03125,0.46241899999999997,24000
3070,1985-06-25,0.0,2.109375,2.03125,2.09375,0.47664700000000004,39200
3071,1985-06-26,0.0,2.109375,2.078125,2.09375,0.47664700000000004,10400
3072,1985-06-27,0.0,2.125,2.09375,2.109375,0.480205,32000
3073,1985-06-28,0.0,2.109375,2.078125,2.09375,0.47664700000000004,35200
3074,1985-07-01,0.0,2.109375,2.09375,2.09375,0.47664700000000004,14400
3075,1985-07-02,0.0,2.15625,2.09375,2.140625,0.48731899999999995,32000
3076,1985-07-03,0.0,2.15625,2.109375,2.109375,0.480205,5600
3077,1985-07-05,0.0,2.171875,2.078125,2.171875,0.494433,214400
3078,1985-07-08,0.0,2.1875,2.140625,2.15625,0.49087600000000003,30400
3079,1985-07-09,0.0,2.171875,2.15625,2.171875,0.494433,27200
3080,1985-07-10,0.0,2.203125,2.15625,2.203125,0.5015470000000001,45600
3081,1985-07-11,0.0,2.203125,2.1875,2.1875,0.49799,150400
3082,1985-07-12,0.0,2.28125,2.171875,2.25,0.5122180000000001,58400
3083,1985-07-15,0.0,2.34375,2.234375,2.296875,0.52289,72800
3084,1985-07-16,0.0,2.328125,2.203125,2.203125,0.5015470000000001,56000
3085,1985-07-17,0.0,2.234375,2.078125,2.09375,0.47664700000000004,120000
3086,1985-07-18,0.0,2.140625,2.09375,2.109375,0.480205,30400
3087,1985-07-19,0.0,2.171875,2.125,2.140625,0.48731899999999995,30400
3088,1985-07-22,0.0,2.21875,2.15625,2.1875,0.49799,96000
3089,1985-07-23,0.0,2.3125,2.203125,2.28125,0.519332,192800
3090,1985-07-24,0.0,2.328125,2.25,2.296875,0.52289,60000
3091,1985-07-25,0.0,2.359375,2.296875,2.328125,0.530003,47200
3092,1985-07-26,0.0,2.34375,2.25,2.265625,0.515775,96800
3093,1985-07-29,0.0,2.28125,2.1875,2.21875,0.505104,41600
3094,1985-07-30,0.0,2.265625,2.1875,2.25,0.533874,34400
3095,1985-07-31,0.0,2.28125,2.234375,2.265625,0.5375810000000001,34400
3096,1985-08-01,0.0,2.265625,2.25,2.25,0.533874,10400
3097,1985-08-02,0.0,2.265625,2.234375,2.25,0.533874,16000
3098,1985-08-05,0.0,2.234375,2.203125,2.21875,0.526459,24000
3099,1985-08-06,0.0,2.203125,2.125,2.171875,0.5153369999999999,56000
3100,1985-08-07,0.0,2.171875,2.140625,2.171875,0.5153369999999999,27200
3101,1985-08-08,0.0,2.234375,2.1875,2.21875,0.526459,32800
3102,1985-08-09,0.0,2.234375,2.15625,2.1875,0.519044,46400
3103,1985-08-12,0.0,2.21875,2.171875,2.1875,0.519044,14400
3104,1985-08-13,0.0,2.203125,2.15625,2.1875,0.519044,25600
3105,1985-08-14,0.0,2.203125,2.140625,2.15625,0.511629,16800
3106,1985-08-15,0.0,2.171875,2.109375,2.140625,0.507922,22400
3107,1985-08-16,0.0,2.125,2.0625,2.09375,0.496799,37600
3108,1985-08-19,0.0,2.109375,2.046875,2.109375,0.5005069999999999,40800
3109,1985-08-20,0.0,2.234375,2.078125,2.203125,0.5227510000000001,237600
3110,1985-08-21,0.0,2.203125,2.171875,2.171875,0.5153369999999999,20000
3111,1985-08-22,0.0,2.1875,2.140625,2.140625,0.507922,36800
3112,1985-08-23,0.0,2.171875,2.09375,2.171875,0.5153369999999999,13600
3113,1985-08-26,0.0,2.140625,2.09375,2.140625,0.507922,32800
3114,1985-08-27,0.0,2.140625,2.09375,2.109375,0.5005069999999999,16800
3115,1985-08-28,0.0,2.140625,2.09375,2.140625,0.507922,16800
3116,1985-08-29,0.0,2.15625,2.09375,2.109375,0.5005069999999999,28000
3117,1985-08-30,0.0,2.109375,2.015625,2.046875,0.485677,73600
3118,1985-09-03,0.0,2.0625,2.015625,2.0625,0.489385,28000
3119,1985-09-04,0.0,2.0625,2.0,2.03125,0.48197,24000
3120,1985-09-05,0.0,2.03125,2.0,2.03125,0.48197,6400
3121,1985-09-06,0.0,2.046875,1.921875,1.953125,0.46343199999999996,65600
3122,1985-09-09,0.0,1.953125,1.90625,1.953125,0.46343199999999996,165600
3123,1985-09-10,0.0,1.953125,1.921875,1.953125,0.46343199999999996,37600
3124,1985-09-11,0.0,1.96875,1.90625,1.9375,0.459725,106400
3125,1985-09-12,0.0,1.921875,1.84375,1.859375,0.441188,94400
3126,1985-09-13,0.0,1.84375,1.796875,1.84375,0.43748000000000004,118400
3127,1985-09-16,0.0,1.875,1.8125,1.875,0.444895,86400
3128,1985-09-17,0.0,1.890625,1.84375,1.890625,0.44860200000000006,73600
3129,1985-09-18,0.0,1.90625,1.875,1.90625,0.45231000000000005,32800
3130,1985-09-19,0.0,1.921875,1.875,1.890625,0.44860200000000006,84000
3131,1985-09-20,0.0,1.90625,1.875,1.890625,0.44860200000000006,27200
3132,1985-09-23,0.0,1.90625,1.859375,1.875,0.444895,22400
3133,1985-09-24,0.0,1.953125,1.859375,1.921875,0.456017,37600
3134,1985-09-25,0.0,1.953125,1.90625,1.921875,0.456017,35200
3135,1985-09-26,0.0,1.953125,1.90625,1.953125,0.46343199999999996,36000
3136,1985-09-30,0.0,1.96875,1.9375,1.96875,0.46713999999999994,4000
3137,1985-10-01,0.0,1.953125,1.921875,1.953125,0.46343199999999996,30400
3138,1985-10-02,0.0,1.953125,1.90625,1.921875,0.456017,99200
3139,1985-10-03,0.0,1.9375,1.890625,1.921875,0.456017,27200
3140,1985-10-04,0.0,1.9375,1.890625,1.90625,0.45231000000000005,14400
3141,1985-10-07,0.0,1.984375,1.875,1.984375,0.470847,60000
3142,1985-10-08,0.0,1.984375,1.953125,1.984375,0.470847,50400
3143,1985-10-09,0.0,2.0,1.953125,2.0,0.474554,39200
3144,1985-10-10,0.0,2.0,1.9375,1.984375,0.470847,45600
3145,1985-10-11,0.0,2.03125,2.0,2.03125,0.48197,280000
3146,1985-10-14,0.0,2.0625,2.015625,2.0625,0.489385,36000
3147,1985-10-15,0.0,2.0625,2.0,2.015625,0.47826199999999996,68800
3148,1985-10-16,0.0,2.03125,1.984375,2.0,0.474554,76800
3149,1985-10-17,0.0,2.015625,1.953125,2.015625,0.47826199999999996,63200
3150,1985-10-18,0.0,2.0,1.9375,1.96875,0.46713999999999994,24000
3151,1985-10-21,0.0,1.953125,1.921875,1.953125,0.46343199999999996,57600
3152,1985-10-22,0.0,2.015625,1.96875,2.015625,0.47826199999999996,10400
3153,1985-10-23,0.0,2.046875,1.984375,2.046875,0.485677,52800
3154,1985-10-24,0.0,2.078125,2.0,2.03125,0.48197,41600
3155,1985-10-25,0.0,2.03125,1.9375,1.984375,0.470847,87200
3156,1985-10-28,0.0,1.984375,1.9375,1.984375,0.470847,52000
3157,1985-10-29,0.0,2.015625,1.9375,2.015625,0.47826199999999996,30400
3158,1985-10-30,0.0,2.046875,1.984375,2.03125,0.48197,63200
3159,1985-10-31,0.0,2.015625,1.953125,2.015625,0.47826199999999996,29600
3160,1985-11-01,0.0,2.015625,1.96875,2.015625,0.47826199999999996,28000
3161,1985-11-04,0.0,2.015625,1.984375,2.0,0.474554,12800
3162,1985-11-05,0.0,2.0,1.921875,1.96875,0.46713999999999994,86400
3163,1985-11-06,0.0,2.0625,1.953125,2.015625,0.501173,94400
3164,1985-11-07,0.0,2.0625,2.0,2.046875,0.508943,100000
3165,1985-11-08,0.0,2.109375,2.046875,2.109375,0.524483,49600
3166,1985-11-11,0.0,2.171875,2.0625,2.109375,0.524483,62400
3167,1985-11-12,0.0,2.09375,2.046875,2.09375,0.520598,44000
3168,1985-11-13,0.0,2.140625,2.0625,2.140625,0.532253,40000
3169,1985-11-14,0.0,2.140625,2.078125,2.140625,0.532253,56000
3170,1985-11-15,0.0,2.140625,2.078125,2.125,0.5283680000000001,16000
3171,1985-11-18,0.0,2.109375,2.0625,2.09375,0.520598,84800
3172,1985-11-19,0.0,2.140625,2.109375,2.125,0.5283680000000001,57600
3173,1985-11-20,0.0,2.21875,2.140625,2.1875,0.543908,78400
3174,1985-11-21,0.0,2.1875,2.15625,2.171875,0.5400229999999999,52000
3175,1985-11-22,0.0,2.21875,2.171875,2.1875,0.543908,58400
3176,1985-11-25,0.0,2.234375,2.203125,2.203125,0.547794,42400
3177,1985-11-26,0.0,2.234375,2.203125,2.21875,0.551679,23200
3178,1985-11-27,0.0,2.296875,2.203125,2.296875,0.571104,81600
3179,1985-11-29,0.0,2.296875,2.25,2.28125,0.5672189999999999,29600
3180,1985-12-02,0.0,2.265625,2.25,2.265625,0.563334,71200
3181,1985-12-03,0.0,2.25,2.25,2.25,0.559449,23200
3182,1985-12-04,0.0,2.25,2.21875,2.21875,0.551679,17600
3183,1985-12-05,0.0,2.234375,2.1875,2.21875,0.551679,45600
3184,1985-12-06,0.0,2.203125,2.1875,2.203125,0.547794,31200
3185,1985-12-09,0.0,2.203125,2.1875,2.1875,0.543908,35200
3186,1985-12-10,0.0,2.203125,2.1875,2.203125,0.547794,28800
3187,1985-12-11,0.0,2.203125,2.203125,2.203125,0.547794,17600
3188,1985-12-12,0.0,2.203125,2.1875,2.203125,0.547794,42400
3189,1985-12-13,0.0,2.25,2.1875,2.21875,0.551679,34400
3190,1985-12-16,0.0,2.3125,2.234375,2.296875,0.571104,96800
3191,1985-12-17,0.0,2.328125,2.28125,2.296875,0.571104,73600
3192,1985-12-18,0.0,2.34375,2.296875,2.3125,0.5749890000000001,113600
3193,1985-12-19,0.0,2.3125,2.265625,2.265625,0.563334,28800
3194,1985-12-20,0.0,2.265625,2.234375,2.234375,0.5555640000000001,21600
3195,1985-12-23,0.0,2.25,2.21875,2.21875,0.551679,12800
3196,1985-12-24,0.0,2.1875,2.171875,2.171875,0.5400229999999999,23200
3197,1985-12-26,0.0,2.21875,2.1875,2.21875,0.551679,28800
3198,1985-12-27,0.0,2.21875,2.1875,2.21875,0.551679,37600
3199,1985-12-30,0.0,2.25,2.21875,2.25,0.559449,14400
3200,1985-12-31,0.0,2.25,2.234375,2.234375,0.5555640000000001,15200
3201,1986-01-02,0.0,2.28125,2.25,2.28125,0.5672189999999999,80000
3202,1986-01-03,0.0,2.28125,2.21875,2.234375,0.5555640000000001,84800
3203,1986-01-06,0.0,2.28125,2.21875,2.25,0.559449,56000
3204,1986-01-07,0.0,2.28125,2.21875,2.25,0.559449,55200
3205,1986-01-08,0.0,2.34375,2.265625,2.3125,0.5749890000000001,66400
3206,1986-01-09,0.0,2.3125,2.265625,2.28125,0.5672189999999999,66400
3207,1986-01-10,0.0,2.3125,2.28125,2.28125,0.5672189999999999,56000
3208,1986-01-13,0.0,2.28125,2.28125,2.28125,0.5672189999999999,1600
3209,1986-01-14,0.0,2.3125,2.296875,2.3125,0.5749890000000001,19200
3210,1986-01-15,0.0,2.375,2.34375,2.34375,0.582759,35200
3211,1986-01-16,0.0,2.34375,2.328125,2.34375,0.582759,27200
3212,1986-01-17,0.0,2.34375,2.34375,2.34375,0.582759,14400
3213,1986-01-20,0.0,2.40625,2.34375,2.390625,0.594414,24800
3214,1986-01-21,0.0,2.40625,2.375,2.390625,0.594414,32000
3215,1986-01-22,2.390625,2.390625,2.390625,2.390625,0.594414,0
3216,1986-01-23,0.0,2.390625,2.359375,2.359375,0.5866439999999999,22400
3217,1986-01-24,0.0,2.375,2.359375,2.375,0.590529,8000
3218,1986-01-27,0.0,2.375,2.359375,2.359375,0.5866439999999999,2400
3219,1986-01-28,0.0,2.375,2.34375,2.359375,0.5866439999999999,14400
3220,1986-01-29,0.0,2.375,2.359375,2.375,0.590529,20800
3221,1986-01-30,0.0,2.390625,2.375,2.375,0.590529,4800
3222,1986-01-31,0.0,2.375,2.375,2.375,0.590529,9600
3223,1986-02-03,0.0,2.390625,2.375,2.390625,0.594414,29600
3224,1986-02-04,0.0,2.40625,2.375,2.40625,0.598299,32800
3225,1986-02-05,0.0,2.4375,2.40625,2.421875,0.602184,12000
3226,1986-02-06,0.0,2.46875,2.421875,2.453125,0.609954,52800
3227,1986-02-07,0.0,2.484375,2.453125,2.484375,0.617725,11200
3228,1986-02-10,0.0,2.484375,2.4375,2.484375,0.617725,26400
3229,1986-02-11,0.0,2.484375,2.421875,2.453125,0.609954,23200
3230,1986-02-12,0.0,2.46875,2.4375,2.46875,0.6138399999999999,12800
3231,1986-02-13,0.0,2.484375,2.421875,2.421875,0.602184,15200
3232,1986-02-14,0.0,2.46875,2.421875,2.4375,0.60607,22400
3233,1986-02-18,0.0,2.53125,2.453125,2.53125,0.62938,105600
3234,1986-02-19,0.0,2.609375,2.53125,2.546875,0.633265,157600
3235,1986-02-20,0.0,2.515625,2.46875,2.484375,0.617725,78400
3236,1986-02-21,0.0,2.546875,2.5,2.53125,0.62938,40000
3237,1986-02-24,0.0,2.53125,2.484375,2.5,0.62161,20000
3238,1986-02-25,0.0,2.515625,2.46875,2.5,0.64751,31200
3239,1986-02-26,0.0,2.53125,2.46875,2.53125,0.655604,94400
3240,1986-02-27,0.0,2.5,2.5,2.5,0.64751,7200
3241,1986-02-28,0.0,2.546875,2.515625,2.53125,0.655604,23200
3242,1986-03-03,0.0,2.609375,2.53125,2.546875,0.659651,37600
3243,1986-03-04,0.0,2.578125,2.546875,2.546875,0.659651,3200
3244,1986-03-05,0.0,2.53125,2.515625,2.53125,0.655604,6400
3245,1986-03-06,0.0,2.5625,2.53125,2.5625,0.663698,12000
3246,1986-03-07,0.0,2.59375,2.5625,2.59375,0.6717920000000001,9600
3247,1986-03-10,0.0,2.65625,2.609375,2.640625,0.683932,20800
3248,1986-03-11,0.0,2.703125,2.59375,2.703125,0.70012,74400
3249,1986-03-12,0.0,2.75,2.703125,2.703125,0.70012,66400
3250,1986-03-13,0.0,2.71875,2.65625,2.71875,0.704167,175200
3251,1986-03-14,0.0,2.75,2.703125,2.75,0.7122609999999999,43200
3252,1986-03-17,0.0,2.828125,2.75,2.8125,0.728449,28800
3253,1986-03-18,0.0,2.90625,2.828125,2.890625,0.748683,40800
3254,1986-03-19,0.0,2.984375,2.890625,2.90625,0.752731,185600
3255,1986-03-20,0.0,2.921875,2.84375,2.84375,0.7365430000000001,32000
3256,1986-03-21,0.0,2.875,2.84375,2.84375,0.7365430000000001,17600
3257,1986-03-24,0.0,2.859375,2.8125,2.8125,0.728449,35200
3258,1986-03-25,0.0,2.8125,2.78125,2.796875,0.724402,36000
3259,1986-03-26,0.0,2.828125,2.796875,2.828125,0.732496,10400
3260,1986-03-27,0.0,2.859375,2.828125,2.828125,0.732496,14400
3261,1986-03-31,0.0,2.84375,2.828125,2.828125,0.732496,11200
3262,1986-04-01,0.0,2.84375,2.796875,2.8125,0.728449,51200
3263,1986-04-02,0.0,2.8125,2.78125,2.796875,0.724402,25600
3264,1986-04-03,0.0,2.78125,2.765625,2.765625,0.716308,8800
3265,1986-04-04,0.0,2.78125,2.75,2.75,0.7122609999999999,14400
3266,1986-04-07,0.0,2.765625,2.671875,2.671875,0.692026,44800
3267,1986-04-08,0.0,2.765625,2.671875,2.734375,0.7082149999999999,61600
3268,1986-04-09,0.0,2.78125,2.75,2.75,0.7122609999999999,8800
3269,1986-04-10,0.0,2.8125,2.765625,2.8125,0.728449,22400
3270,1986-04-11,0.0,2.859375,2.828125,2.859375,0.74059,21600
3271,1986-04-14,0.0,2.875,2.828125,2.875,0.744637,81600
3272,1986-04-15,0.0,2.890625,2.859375,2.875,0.744637,24800
3273,1986-04-16,0.0,2.875,2.84375,2.875,0.744637,24000
3274,1986-04-17,0.0,2.875,2.859375,2.875,0.744637,64800
3275,1986-04-18,0.0,2.875,2.84375,2.859375,0.74059,9600
3276,1986-04-21,0.0,2.875,2.859375,2.875,0.744637,28800
3277,1986-04-22,0.0,2.890625,2.859375,2.890625,0.748683,57600
3278,1986-04-23,0.0,2.890625,2.875,2.890625,0.748683,46400
3279,1986-04-24,0.0,2.90625,2.875,2.90625,0.752731,38400
3280,1986-04-25,0.0,2.9375,2.890625,2.890625,0.748683,24800
3281,1986-04-28,0.0,2.890625,2.890625,2.890625,0.748683,32800
3282,1986-04-29,0.0,2.890625,2.875,2.890625,0.748683,32000
3283,1986-04-30,0.0,2.90625,2.890625,2.890625,0.748683,16000
3284,1986-05-01,0.0,2.96875,2.890625,2.96875,0.768918,30400
3285,1986-05-02,0.0,2.96875,2.9375,2.9375,0.760824,7200
3286,1986-05-05,0.0,2.96875,2.9375,2.953125,0.764871,25600
3287,1986-05-06,0.0,2.9375,2.9375,2.9375,0.760824,12800
3288,1986-05-07,0.0,2.9375,2.90625,2.90625,0.752731,11200
3289,1986-05-08,0.0,2.921875,2.875,2.890625,0.748683,5600
3290,1986-05-09,0.0,2.90625,2.890625,2.890625,0.748683,4800
3291,1986-05-12,0.0,2.921875,2.90625,2.921875,0.756777,3200
3292,1986-05-13,0.0,2.890625,2.890625,2.890625,0.748683,8000
3293,1986-05-14,0.0,2.890625,2.875,2.890625,0.775512,35200
3294,1986-05-15,0.0,2.859375,2.859375,2.859375,0.7671279999999999,2400
3295,1986-05-16,0.0,2.890625,2.859375,2.859375,0.7671279999999999,16800
3296,1986-05-19,0.0,2.859375,2.84375,2.84375,0.762936,11200
3297,1986-05-20,0.0,2.859375,2.8125,2.8125,0.754553,11200
3298,1986-05-21,0.0,2.828125,2.796875,2.796875,0.75036,7200
3299,1986-05-22,0.0,2.78125,2.734375,2.78125,0.746168,12800
3300,1986-05-23,0.0,2.78125,2.703125,2.703125,0.725209,40000
3301,1986-05-27,0.0,2.734375,2.703125,2.734375,0.733593,27200
3302,1986-05-28,0.0,2.8125,2.734375,2.8125,0.754553,70400
3303,1986-05-29,0.0,2.84375,2.78125,2.78125,0.746168,28000
3304,1986-05-30,0.0,2.875,2.78125,2.828125,0.758745,40800
3305,1986-06-02,0.0,2.8125,2.78125,2.78125,0.746168,60800
3306,1986-06-03,0.0,2.78125,2.765625,2.78125,0.746168,8800
3307,1986-06-04,0.0,2.78125,2.765625,2.78125,0.746168,11200
3308,1986-06-05,0.0,2.78125,2.765625,2.765625,0.741977,4800
3309,1986-06-06,0.0,2.796875,2.765625,2.765625,0.741977,17600
3310,1986-06-09,0.0,2.75,2.734375,2.734375,0.733593,8800
3311,1986-06-10,0.0,2.75,2.734375,2.75,0.737785,58400
3312,1986-06-11,2.75,2.75,2.75,2.75,0.737785,0
3313,1986-06-12,0.0,2.75,2.734375,2.734375,0.733593,21600
3314,1986-06-13,0.0,2.78125,2.765625,2.78125,0.746168,14400
3315,1986-06-16,0.0,2.8125,2.78125,2.8125,0.754553,8800
3316,1986-06-17,0.0,2.84375,2.8125,2.84375,0.762936,8800
3317,1986-06-18,0.0,2.859375,2.84375,2.84375,0.762936,3200
3318,1986-06-19,0.0,2.875,2.84375,2.84375,0.762936,4000
3319,1986-06-20,0.0,2.875,2.875,2.875,0.77132,12000
3320,1986-06-23,0.0,2.90625,2.875,2.890625,0.775512,11200
3321,1986-06-24,0.0,2.90625,2.875,2.875,0.77132,20000
3322,1986-06-25,0.0,2.875,2.875,2.875,0.77132,800
3323,1986-06-26,0.0,2.875,2.828125,2.828125,0.758745,72000
3324,1986-06-27,0.0,2.796875,2.765625,2.765625,0.741977,35200
3325,1986-06-30,0.0,2.75,2.71875,2.734375,0.733593,41600
3326,1986-07-01,0.0,2.71875,2.671875,2.6875,0.721016,24000
3327,1986-07-02,0.0,2.671875,2.609375,2.609375,0.7000569999999999,36000
3328,1986-07-03,0.0,2.609375,2.609375,2.609375,0.7000569999999999,1600
3329,1986-07-07,0.0,2.65625,2.609375,2.65625,0.712633,40000
3330,1986-07-08,0.0,2.640625,2.609375,2.625,0.704249,13600
3331,1986-07-09,0.0,2.65625,2.5625,2.65625,0.712633,112000
3332,1986-07-10,0.0,2.625,2.59375,2.59375,0.695865,24000
3333,1986-07-11,0.0,2.609375,2.5625,2.5625,0.687481,31200
3334,1986-07-14,0.0,2.5625,2.53125,2.53125,0.6790970000000001,14400
3335,1986-07-15,0.0,2.546875,2.5,2.5,0.670713,32000
3336,1986-07-16,0.0,2.53125,2.484375,2.5,0.670713,13600
3337,1986-07-17,0.0,2.515625,2.5,2.5,0.670713,8800
3338,1986-07-18,0.0,2.5,2.46875,2.5,0.670713,16800
3339,1986-07-21,0.0,2.5,2.5,2.5,0.670713,3200
3340,1986-07-22,0.0,2.53125,2.5,2.53125,0.6790970000000001,8800
3341,1986-07-23,0.0,2.546875,2.515625,2.546875,0.683289,5600
3342,1986-07-24,0.0,2.546875,2.546875,2.546875,0.683289,2400
3343,1986-07-25,0.0,2.53125,2.515625,2.515625,0.674905,3200
3344,1986-07-28,0.0,2.484375,2.40625,2.40625,0.6455609999999999,56000
3345,1986-07-29,0.0,2.40625,2.34375,2.390625,0.641369,107200
3346,1986-07-30,0.0,2.375,2.34375,2.375,0.637178,72000
3347,1986-07-31,0.0,2.34375,2.328125,2.328125,0.624602,45600
3348,1986-08-01,0.0,2.34375,2.3125,2.328125,0.624602,57600
3349,1986-08-04,0.0,2.328125,2.28125,2.3125,0.62041,35200
3350,1986-08-05,0.0,2.40625,2.34375,2.40625,0.6455609999999999,52000
3351,1986-08-06,0.0,2.421875,2.375,2.390625,0.641369,4800
3352,1986-08-07,0.0,2.375,2.375,2.375,0.637178,2400
3353,1986-08-08,0.0,2.375,2.34375,2.375,0.665185,14400
3354,1986-08-11,0.0,2.390625,2.375,2.390625,0.669561,64000
3355,1986-08-12,0.0,2.421875,2.375,2.421875,0.6783140000000001,11200
3356,1986-08-13,0.0,2.453125,2.40625,2.453125,0.687067,7200
3357,1986-08-14,0.0,2.484375,2.46875,2.484375,0.695819,16800
3358,1986-08-15,0.0,2.484375,2.46875,2.484375,0.695819,14400
3359,1986-08-18,0.0,2.46875,2.46875,2.46875,0.691443,11200
3360,1986-08-19,0.0,2.453125,2.453125,2.453125,0.687067,4000
3361,1986-08-20,0.0,2.453125,2.4375,2.4375,0.68269,36800
3362,1986-08-21,0.0,2.484375,2.453125,2.484375,0.695819,50400
3363,1986-08-22,0.0,2.46875,2.453125,2.453125,0.687067,5600
3364,1986-08-25,0.0,2.46875,2.453125,2.453125,0.687067,8800
3365,1986-08-26,0.0,2.484375,2.453125,2.484375,0.695819,22400
3366,1986-08-27,0.0,2.484375,2.46875,2.46875,0.691443,14400
3367,1986-08-28,0.0,2.46875,2.46875,2.46875,0.691443,800
3368,1986-08-29,0.0,2.453125,2.453125,2.453125,0.687067,8000
3369,1986-09-02,0.0,2.484375,2.453125,2.453125,0.687067,65600
3370,1986-09-03,0.0,2.5,2.453125,2.5,0.700195,204800
3371,1986-09-04,0.0,2.515625,2.484375,2.515625,0.7045710000000001,84000
3372,1986-09-05,0.0,2.515625,2.46875,2.46875,0.691443,23200
3373,1986-09-08,0.0,2.5,2.46875,2.46875,0.691443,4800
3374,1986-09-09,0.0,2.484375,2.46875,2.46875,0.691443,26400
3375,1986-09-10,0.0,2.5,2.46875,2.5,0.700195,31200
3376,1986-09-11,0.0,2.46875,2.4375,2.4375,0.68269,18400
3377,1986-09-12,0.0,2.40625,2.359375,2.375,0.665185,15200
3378,1986-09-15,0.0,2.375,2.34375,2.375,0.665185,20000
3379,1986-09-16,2.375,2.375,2.375,2.375,0.665185,0
3380,1986-09-17,0.0,2.34375,2.296875,2.34375,0.656433,13600
3381,1986-09-18,0.0,2.3125,2.28125,2.28125,0.6389279999999999,12800
3382,1986-09-19,0.0,2.296875,2.28125,2.296875,0.643305,24000
3383,1986-09-22,0.0,2.34375,2.328125,2.34375,0.656433,8000
3384,1986-09-23,0.0,2.375,2.328125,2.359375,0.660809,8000
3385,1986-09-24,0.0,2.359375,2.328125,2.328125,0.652057,4800
3386,1986-09-25,0.0,2.34375,2.3125,2.3125,0.64768,3200
3387,1986-09-26,0.0,2.3125,2.28125,2.3125,0.64768,20000
3388,1986-09-29,0.0,2.3125,2.28125,2.296875,0.643305,22400
3389,1986-09-30,0.0,2.34375,2.3125,2.34375,0.656433,26400
3390,1986-10-01,0.0,2.375,2.375,2.375,0.665185,12000
3391,1986-10-02,0.0,2.34375,2.34375,2.34375,0.656433,1600
3392,1986-10-03,0.0,2.375,2.359375,2.359375,0.660809,12000
3393,1986-10-06,0.0,2.40625,2.390625,2.40625,0.673938,8000
3394,1986-10-07,0.0,2.40625,2.390625,2.390625,0.669561,4800
3395,1986-10-08,0.0,2.375,2.375,2.375,0.665185,8800
3396,1986-10-09,0.0,2.375,2.375,2.375,0.665185,7200
3397,1986-10-10,0.0,2.375,2.359375,2.359375,0.660809,37600
3398,1986-10-13,0.0,2.359375,2.359375,2.359375,0.660809,3200
3399,1986-10-14,0.0,2.34375,2.34375,2.34375,0.656433,4000
3400,1986-10-15,0.0,2.40625,2.359375,2.390625,0.669561,36800
3401,1986-10-16,0.0,2.390625,2.375,2.390625,0.669561,29600
3402,1986-10-17,0.0,2.390625,2.390625,2.390625,0.669561,3200
3403,1986-10-20,0.0,2.375,2.359375,2.375,0.665185,32800
3404,1986-10-21,0.0,2.359375,2.3125,2.3125,0.64768,16000
3405,1986-10-22,2.3125,2.3125,2.3125,2.3125,0.64768,0
3406,1986-10-23,0.0,2.34375,2.3125,2.34375,0.656433,45600
3407,1986-10-24,0.0,2.328125,2.3125,2.3125,0.64768,12000
3408,1986-10-27,0.0,2.3125,2.3125,2.3125,0.64768,800
3409,1986-10-28,0.0,2.34375,2.296875,2.296875,0.643305,84800
3410,1986-10-29,0.0,2.3125,2.296875,2.296875,0.643305,6400
3411,1986-10-30,0.0,2.3125,2.3125,2.3125,0.64768,48000
3412,1986-10-31,0.0,2.296875,2.296875,2.296875,0.643305,2400
3413,1986-11-03,0.0,2.296875,2.296875,2.296875,0.643305,4000
3414,1986-11-04,0.0,2.359375,2.296875,2.359375,0.660809,32000
3415,1986-11-05,0.0,2.328125,2.296875,2.328125,0.652057,6400
3416,1986-11-06,0.0,2.328125,2.328125,2.328125,0.652057,87200
3417,1986-11-07,0.0,2.328125,2.3125,2.328125,0.652057,101600
3418,1986-11-10,0.0,2.3125,2.3125,2.3125,0.64768,73600
3419,1986-11-11,0.0,2.34375,2.328125,2.34375,0.656433,13600
3420,1986-11-12,0.0,2.359375,2.34375,2.34375,0.685689,4800
3421,1986-11-13,0.0,2.34375,2.328125,2.34375,0.685689,22400
3422,1986-11-14,0.0,2.375,2.328125,2.375,0.6948310000000001,16800
3423,1986-11-17,0.0,2.359375,2.34375,2.34375,0.685689,4000
3424,1986-11-18,0.0,2.328125,2.296875,2.328125,0.681118,49600
3425,1986-11-19,0.0,2.328125,2.296875,2.296875,0.671975,12000
3426,1986-11-20,0.0,2.296875,2.296875,2.296875,0.671975,6400
3427,1986-11-21,0.0,2.34375,2.328125,2.34375,0.685689,4800
3428,1986-11-24,0.0,2.375,2.34375,2.375,0.6948310000000001,22400
3429,1986-11-25,0.0,2.375,2.375,2.375,0.6948310000000001,3200
3430,1986-11-26,0.0,2.375,2.375,2.375,0.6948310000000001,3200
3431,1986-11-28,0.0,2.375,2.359375,2.359375,0.69026,24000
3432,1986-12-01,0.0,2.4375,2.390625,2.40625,0.703974,43200
3433,1986-12-02,0.0,2.421875,2.390625,2.390625,0.699403,30400
3434,1986-12-03,0.0,2.453125,2.40625,2.4375,0.713117,31200
3435,1986-12-04,0.0,2.421875,2.390625,2.390625,0.699403,17600
3436,1986-12-05,0.0,2.4375,2.390625,2.40625,0.703974,17600
3437,1986-12-08,0.0,2.40625,2.390625,2.40625,0.703974,71200
3438,1986-12-09,0.0,2.40625,2.375,2.375,0.6948310000000001,45600
3439,1986-12-10,0.0,2.359375,2.359375,2.359375,0.69026,1600
3440,1986-12-11,0.0,2.375,2.375,2.375,0.6948310000000001,2400
3441,1986-12-12,0.0,2.375,2.359375,2.359375,0.69026,12800
3442,1986-12-15,0.0,2.359375,2.3125,2.359375,0.69026,18400
3443,1986-12-16,0.0,2.375,2.34375,2.375,0.6948310000000001,18400
3444,1986-12-17,0.0,2.375,2.359375,2.359375,0.69026,10400
3445,1986-12-18,0.0,2.40625,2.359375,2.375,0.6948310000000001,20000
3446,1986-12-19,0.0,2.375,2.359375,2.359375,0.69026,12000
3447,1986-12-22,0.0,2.46875,2.328125,2.4375,0.713117,79200
3448,1986-12-23,0.0,2.484375,2.40625,2.421875,0.708545,27200
3449,1986-12-24,0.0,2.4375,2.4375,2.4375,0.713117,800
3450,1986-12-26,2.4375,2.4375,2.4375,2.4375,0.713117,0
3451,1986-12-29,0.0,2.5625,2.5,2.53125,0.740544,42400
3452,1986-12-30,0.0,2.53125,2.453125,2.453125,0.717688,20800
3453,1986-12-31,0.0,2.578125,2.4375,2.578125,0.754258,40000
3454,1987-01-02,2.578125,2.578125,2.578125,2.578125,0.754258,0
3455,1987-01-05,0.0,2.625,2.625,2.625,0.767972,8000
3456,1987-01-06,0.0,2.640625,2.640625,2.640625,0.772543,3200
3457,1987-01-07,0.0,2.671875,2.640625,2.671875,0.7816850000000001,58400
3458,1987-01-08,0.0,2.65625,2.65625,2.65625,0.7771140000000001,3200
3459,1987-01-09,0.0,2.6875,2.640625,2.6875,0.786257,10400
3460,1987-01-12,0.0,2.6875,2.65625,2.6875,0.786257,47200
3461,1987-01-13,0.0,2.671875,2.671875,2.671875,0.7816850000000001,16800
3462,1987-01-14,0.0,2.625,2.59375,2.59375,0.758829,238400
3463,1987-01-15,0.0,2.578125,2.5625,2.578125,0.754258,45600
3464,1987-01-16,0.0,2.5625,2.4375,2.46875,0.722259,223200
3465,1987-01-19,0.0,2.46875,2.4375,2.4375,0.713117,34400
3466,1987-01-20,0.0,2.4375,2.40625,2.40625,0.703974,64800
3467,1987-01-21,0.0,2.421875,2.40625,2.421875,0.708545,69600
3468,1987-01-22,0.0,2.453125,2.453125,2.453125,0.717688,12000
3469,1987-01-23,0.0,2.4375,2.40625,2.40625,0.703974,21600
3470,1987-01-26,0.0,2.40625,2.390625,2.390625,0.699403,31200
3471,1987-01-27,2.390625,2.390625,2.390625,2.390625,0.699403,0
3472,1987-01-28,0.0,2.40625,2.390625,2.40625,0.703974,25600
3473,1987-01-29,0.0,2.375,2.34375,2.34375,0.685689,20000
3474,1987-01-30,0.0,2.34375,2.328125,2.328125,0.681118,76000
3475,1987-02-02,0.0,2.375,2.328125,2.328125,0.681118,30400
3476,1987-02-03,0.0,2.34375,2.34375,2.34375,0.685689,16800
3477,1987-02-04,0.0,2.421875,2.375,2.421875,0.708545,27200
3478,1987-02-05,0.0,2.5,2.40625,2.5,0.731401,39200
3479,1987-02-06,0.0,2.484375,2.484375,2.484375,0.72683,800
3480,1987-02-09,0.0,2.53125,2.46875,2.53125,0.740544,14400
3481,1987-02-10,0.0,2.609375,2.546875,2.609375,0.7634,33600
3482,1987-02-11,0.0,2.609375,2.609375,2.609375,0.7634,9600
3483,1987-02-12,0.0,2.671875,2.609375,2.671875,0.7816850000000001,8800
3484,1987-02-13,0.0,2.71875,2.6875,2.6875,0.786257,19200
3485,1987-02-17,0.0,2.6875,2.625,2.65625,0.7771140000000001,68000
3486,1987-02-18,0.0,2.640625,2.484375,2.484375,0.72683,114400
3487,1987-02-19,0.0,2.46875,2.375,2.390625,0.699403,84800
3488,1987-02-20,0.0,2.46875,2.40625,2.46875,0.722259,38400
3489,1987-02-23,0.0,2.5,2.453125,2.5,0.731401,19200
3490,1987-02-24,0.0,2.53125,2.53125,2.53125,0.740544,16000
3491,1987-02-25,0.0,2.578125,2.5625,2.578125,0.754258,8800
3492,1987-02-26,0.0,2.5625,2.5625,2.5625,0.753706,3200
3493,1987-02-27,0.0,2.609375,2.578125,2.609375,0.767494,18400
3494,1987-03-02,0.0,2.65625,2.59375,2.65625,0.781281,32000
3495,1987-03-03,0.0,2.671875,2.640625,2.640625,0.7766850000000001,15200
3496,1987-03-04,0.0,2.640625,2.609375,2.609375,0.767494,30400
3497,1987-03-05,0.0,2.625,2.609375,2.609375,0.767494,39200
3498,1987-03-06,0.0,2.65625,2.609375,2.65625,0.781281,15200
3499,1987-03-09,0.0,2.640625,2.625,2.625,0.772089,16000
3500,1987-03-10,0.0,2.625,2.625,2.625,0.772089,800
3501,1987-03-11,0.0,2.640625,2.625,2.625,0.772089,4800
3502,1987-03-12,0.0,2.609375,2.59375,2.59375,0.762898,12000
3503,1987-03-13,0.0,2.578125,2.578125,2.578125,0.758302,1600
3504,1987-03-16,0.0,2.5625,2.5625,2.5625,0.753706,4000
3505,1987-03-17,0.0,2.5625,2.5625,2.5625,0.753706,1600
3506,1987-03-18,0.0,2.5625,2.5625,2.5625,0.753706,20800
3507,1987-03-19,0.0,2.609375,2.5625,2.609375,0.767494,16800
3508,1987-03-20,0.0,2.625,2.59375,2.625,0.772089,31200
3509,1987-03-23,0.0,2.640625,2.609375,2.625,0.772089,11200
3510,1987-03-24,0.0,2.65625,2.578125,2.640625,0.7766850000000001,87200
3511,1987-03-25,0.0,2.703125,2.625,2.703125,0.795068,41600
3512,1987-03-26,0.0,2.6875,2.640625,2.65625,0.781281,29600
3513,1987-03-27,0.0,2.671875,2.65625,2.671875,0.785877,1600
3514,1987-03-30,0.0,2.640625,2.609375,2.609375,0.767494,84800
3515,1987-03-31,0.0,2.609375,2.5625,2.5625,0.753706,70400
3516,1987-04-01,0.0,2.546875,2.546875,2.546875,0.74911,7200
3517,1987-04-02,0.0,2.5625,2.546875,2.546875,0.74911,7200
3518,1987-04-03,0.0,2.546875,2.546875,2.546875,0.74911,2400
3519,1987-04-06,0.0,2.546875,2.53125,2.53125,0.7445149999999999,6400
3520,1987-04-07,0.0,2.5625,2.546875,2.546875,0.74911,17600
3521,1987-04-08,0.0,2.53125,2.53125,2.53125,0.7445149999999999,6400
3522,1987-04-09,0.0,2.53125,2.484375,2.484375,0.730727,20000
3523,1987-04-10,0.0,2.5,2.46875,2.5,0.735323,5600
3524,1987-04-13,0.0,2.484375,2.453125,2.453125,0.721536,14400
3525,1987-04-14,0.0,2.4375,2.375,2.375,0.698557,17600
3526,1987-04-15,0.0,2.421875,2.375,2.390625,0.703153,14400
3527,1987-04-16,0.0,2.40625,2.390625,2.390625,0.703153,8800
3528,1987-04-20,0.0,2.40625,2.40625,2.40625,0.7077479999999999,800
3529,1987-04-21,2.40625,2.40625,2.40625,2.40625,0.7077479999999999,0
3530,1987-04-22,0.0,2.453125,2.421875,2.453125,0.721536,16800
3531,1987-04-23,2.453125,2.453125,2.453125,2.453125,0.721536,0
3532,1987-04-24,0.0,2.484375,2.46875,2.484375,0.730727,4000
3533,1987-04-27,0.0,2.46875,2.453125,2.453125,0.721536,12800
3534,1987-04-28,0.0,2.484375,2.46875,2.484375,0.730727,2400
3535,1987-04-29,0.0,2.484375,2.453125,2.484375,0.730727,12800
3536,1987-04-30,0.0,2.46875,2.453125,2.46875,0.726132,4000
3537,1987-05-01,0.0,2.484375,2.4375,2.484375,0.730727,28000
3538,1987-05-04,0.0,2.546875,2.5,2.546875,0.74911,16800
3539,1987-05-05,0.0,2.59375,2.546875,2.59375,0.762898,9600
3540,1987-05-06,0.0,2.6875,2.609375,2.671875,0.785877,43200
3541,1987-05-07,0.0,2.703125,2.6875,2.6875,0.790473,1600
3542,1987-05-08,2.6875,2.6875,2.6875,2.6875,0.790473,0
3543,1987-05-11,0.0,2.75,2.6875,2.734375,0.8042600000000001,25600
3544,1987-05-12,0.0,2.71875,2.71875,2.71875,0.799664,7200
3545,1987-05-13,0.0,2.734375,2.71875,2.734375,0.8042600000000001,12800
3546,1987-05-14,0.0,2.75,2.75,2.75,0.808856,2400
3547,1987-05-15,0.0,2.734375,2.703125,2.71875,0.803683,5600
3548,1987-05-18,0.0,2.71875,2.671875,2.671875,0.789826,22400
3549,1987-05-19,2.671875,2.671875,2.671875,2.671875,0.789826,0
3550,1987-05-20,0.0,2.65625,2.640625,2.640625,0.7805880000000001,8000
3551,1987-05-21,0.0,2.640625,2.578125,2.578125,0.762113,16800
3552,1987-05-22,0.0,2.578125,2.578125,2.578125,0.762113,4800
3553,1987-05-26,0.0,2.59375,2.5625,2.578125,0.762113,4800
3554,1987-05-27,0.0,2.625,2.59375,2.625,0.7759699999999999,38400
3555,1987-05-28,0.0,2.625,2.59375,2.59375,0.766731,8800
3556,1987-05-29,0.0,2.609375,2.59375,2.59375,0.766731,8800
3557,1987-06-01,2.59375,2.59375,2.59375,2.59375,0.766731,0
3558,1987-06-02,0.0,2.609375,2.59375,2.59375,0.766731,9600
3559,1987-06-03,0.0,2.59375,2.59375,2.59375,0.766731,800
3560,1987-06-04,0.0,2.578125,2.5625,2.5625,0.757494,20800
3561,1987-06-05,0.0,2.578125,2.578125,2.578125,0.762113,1600
3562,1987-06-08,0.0,2.5625,2.5625,2.5625,0.757494,2400
3563,1987-06-09,2.5625,2.5625,2.5625,2.5625,0.757494,0
3564,1987-06-10,0.0,2.59375,2.5625,2.59375,0.766731,2400
3565,1987-06-11,0.0,2.609375,2.59375,2.59375,0.766731,6400
3566,1987-06-12,0.0,2.671875,2.59375,2.640625,0.7805880000000001,50400
3567,1987-06-15,0.0,2.671875,2.640625,2.640625,0.7805880000000001,66400
3568,1987-06-16,0.0,2.640625,2.625,2.640625,0.7805880000000001,19200
3569,1987-06-17,0.0,2.65625,2.609375,2.625,0.7759699999999999,13600
3570,1987-06-18,0.0,2.59375,2.59375,2.59375,0.766731,4800
3571,1987-06-19,2.59375,2.59375,2.59375,2.59375,0.766731,0
3572,1987-06-22,0.0,2.671875,2.625,2.625,0.7759699999999999,40800
3573,1987-06-23,0.0,2.65625,2.625,2.625,0.7759699999999999,76800
3574,1987-06-24,0.0,2.671875,2.65625,2.671875,0.789826,16800
3575,1987-06-25,0.0,2.71875,2.671875,2.6875,0.794445,66400
3576,1987-06-26,0.0,2.703125,2.640625,2.671875,0.789826,86400
3577,1987-06-29,0.0,2.6875,2.625,2.65625,0.785207,57600
3578,1987-06-30,0.0,2.65625,2.578125,2.625,0.7759699999999999,60000
3579,1987-07-01,0.0,2.6875,2.625,2.6875,0.794445,243200
3580,1987-07-02,0.0,2.65625,2.625,2.640625,0.7805880000000001,44000
3581,1987-07-06,0.0,2.640625,2.625,2.640625,0.7805880000000001,5600
3582,1987-07-07,0.0,2.671875,2.625,2.671875,0.789826,34400
3583,1987-07-08,0.0,2.765625,2.65625,2.765625,0.817539,57600
3584,1987-07-09,0.0,2.828125,2.78125,2.8125,0.8313959999999999,31200
3585,1987-07-10,0.0,2.84375,2.796875,2.796875,0.8267770000000001,29600
3586,1987-07-13,0.0,2.84375,2.8125,2.84375,0.840634,8800
3587,1987-07-14,0.0,2.875,2.84375,2.875,0.8498709999999999,32800
3588,1987-07-15,0.0,2.921875,2.859375,2.921875,0.863728,20800
3589,1987-07-16,0.0,2.921875,2.890625,2.921875,0.863728,6400
3590,1987-07-17,0.0,2.90625,2.84375,2.859375,0.845252,32000
3591,1987-07-20,0.0,2.875,2.828125,2.875,0.8498709999999999,50400
3592,1987-07-21,0.0,2.875,2.859375,2.875,0.8498709999999999,84800
3593,1987-07-22,0.0,2.859375,2.859375,2.859375,0.845252,2400
3594,1987-07-23,0.0,2.890625,2.875,2.875,0.8498709999999999,13600
3595,1987-07-24,0.0,2.890625,2.859375,2.890625,0.85449,4800
3596,1987-07-27,0.0,2.90625,2.890625,2.90625,0.859109,7200
3597,1987-07-28,0.0,3.0,2.890625,3.0,0.8868219999999999,85600
3598,1987-07-29,0.0,3.015625,2.96875,2.984375,0.8822030000000001,22400
3599,1987-07-30,0.0,2.96875,2.953125,2.953125,0.872965,11200
3600,1987-07-31,0.0,2.9375,2.90625,2.9375,0.872409,11200
3601,1987-08-03,0.0,2.9375,2.921875,2.9375,0.872409,14400
3602,1987-08-04,0.0,2.921875,2.921875,2.921875,0.867768,1600
3603,1987-08-05,0.0,2.921875,2.890625,2.890625,0.8584870000000001,12800
3604,1987-08-06,0.0,2.90625,2.875,2.890625,0.8584870000000001,68800
3605,1987-08-07,0.0,2.90625,2.875,2.890625,0.8584870000000001,79200
3606,1987-08-10,0.0,2.984375,2.890625,2.96875,0.88169,60000
3607,1987-08-11,0.0,3.0,2.96875,2.984375,0.88633,8800
3608,1987-08-12,0.0,3.046875,2.984375,3.03125,0.900252,21600
3609,1987-08-13,0.0,3.09375,3.015625,3.09375,0.9188139999999999,16800
3610,1987-08-14,0.0,3.09375,3.0625,3.09375,0.9188139999999999,9600
3611,1987-08-17,0.0,3.078125,3.03125,3.0625,0.909533,25600
3612,1987-08-18,0.0,3.0625,3.015625,3.03125,0.900252,14400
3613,1987-08-19,0.0,3.0,2.984375,2.984375,0.88633,8000
3614,1987-08-20,0.0,3.0,2.96875,3.0,0.89097,12000
3615,1987-08-21,0.0,3.0,2.96875,3.0,0.89097,8800
3616,1987-08-24,0.0,3.0,3.0,3.0,0.89097,1600
3617,1987-08-25,0.0,2.984375,2.953125,2.984375,0.88633,31200
3618,1987-08-26,0.0,2.984375,2.96875,2.96875,0.88169,5600
3619,1987-08-27,0.0,2.984375,2.9375,2.96875,0.88169,24000
3620,1987-08-28,0.0,3.015625,2.96875,3.015625,0.895611,80000
3621,1987-08-31,0.0,3.015625,2.96875,2.96875,0.88169,12800
3622,1987-09-01,0.0,2.9375,2.9375,2.9375,0.872409,7200
3623,1987-09-02,0.0,2.90625,2.875,2.875,0.8538459999999999,27200
3624,1987-09-03,0.0,2.90625,2.859375,2.90625,0.8631280000000001,10400
3625,1987-09-04,0.0,2.875,2.875,2.875,0.8538459999999999,72800
3626,1987-09-08,0.0,2.859375,2.84375,2.84375,0.844566,20000
3627,1987-09-09,0.0,2.859375,2.84375,2.859375,0.8492059999999999,4000
3628,1987-09-10,0.0,2.90625,2.875,2.90625,0.8631280000000001,20800
3629,1987-09-11,0.0,2.90625,2.90625,2.90625,0.8631280000000001,10400
3630,1987-09-14,0.0,2.90625,2.875,2.875,0.8538459999999999,199200
3631,1987-09-15,0.0,2.90625,2.875,2.890625,0.8584870000000001,13600
3632,1987-09-16,0.0,2.890625,2.828125,2.890625,0.8584870000000001,28800
3633,1987-09-17,0.0,2.890625,2.859375,2.875,0.8538459999999999,13600
3634,1987-09-18,0.0,2.890625,2.859375,2.890625,0.8584870000000001,8000
3635,1987-09-21,0.0,2.859375,2.8125,2.828125,0.8399260000000001,25600
3636,1987-09-22,0.0,2.84375,2.828125,2.84375,0.844566,2400
3637,1987-09-23,0.0,2.84375,2.8125,2.84375,0.844566,7200
3638,1987-09-24,0.0,2.8125,2.796875,2.796875,0.830644,12000
3639,1987-09-25,0.0,2.78125,2.75,2.78125,0.8260040000000001,21600
3640,1987-09-28,0.0,2.78125,2.75,2.78125,0.8260040000000001,4000
3641,1987-09-29,0.0,2.78125,2.703125,2.78125,0.8260040000000001,40000
3642,1987-09-30,0.0,2.84375,2.78125,2.84375,0.844566,31200
3643,1987-10-01,0.0,2.84375,2.84375,2.84375,0.844566,10400
3644,1987-10-02,0.0,2.90625,2.859375,2.90625,0.8631280000000001,31200
3645,1987-10-05,0.0,2.953125,2.875,2.953125,0.877049,30400
3646,1987-10-06,0.0,2.96875,2.921875,2.921875,0.867768,7200
3647,1987-10-07,0.0,2.9375,2.9375,2.9375,0.872409,800
3648,1987-10-08,0.0,2.921875,2.921875,2.921875,0.867768,800
3649,1987-10-09,0.0,2.90625,2.875,2.890625,0.8584870000000001,18400
3650,1987-10-12,0.0,2.890625,2.859375,2.890625,0.8584870000000001,7200
3651,1987-10-13,0.0,2.875,2.859375,2.875,0.8538459999999999,9600
3652,1987-10-14,2.875,2.875,2.875,2.875,0.8538459999999999,0
3653,1987-10-15,0.0,2.84375,2.796875,2.796875,0.830644,10400
3654,1987-10-16,0.0,2.78125,2.71875,2.71875,0.807442,12000
3655,1987-10-19,0.0,2.6875,2.5,2.5,0.742476,67200
3656,1987-10-20,0.0,2.4375,2.1875,2.1875,0.649666,46400
3657,1987-10-21,0.0,2.3125,2.09375,2.25,0.6682279999999999,88000
3658,1987-10-22,0.0,2.375,2.15625,2.359375,0.700711,105600
3659,1987-10-23,0.0,2.40625,2.359375,2.40625,0.714633,32000
3660,1987-10-26,0.0,2.3125,2.1875,2.21875,0.6589470000000001,32800
3661,1987-10-27,0.0,2.25,2.1875,2.21875,0.6589470000000001,20800
3662,1987-10-28,0.0,2.3125,2.25,2.28125,0.677509,20000
3663,1987-10-29,0.0,2.3125,2.25,2.296875,0.682149,11200
3664,1987-10-30,0.0,2.4375,2.265625,2.421875,0.7192729999999999,120800
3665,1987-11-02,0.0,2.421875,2.34375,2.40625,0.714633,16800
3666,1987-11-03,0.0,2.390625,2.34375,2.390625,0.709992,10400
3667,1987-11-04,0.0,2.34375,2.296875,2.34375,0.696071,19200
3668,1987-11-05,0.0,2.359375,2.3125,2.359375,0.700711,8000
3669,1987-11-06,0.0,2.375,2.375,2.375,0.7053520000000001,9600
3670,1987-11-09,0.0,2.390625,2.359375,2.359375,0.700711,4000
3671,1987-11-10,0.0,2.34375,2.328125,2.34375,0.700151,2400
3672,1987-11-11,0.0,2.34375,2.34375,2.34375,0.700151,1600
3673,1987-11-12,0.0,2.375,2.328125,2.375,0.709486,44000
3674,1987-11-13,0.0,2.359375,2.265625,2.328125,0.695483,18400
3675,1987-11-16,0.0,2.359375,2.296875,2.34375,0.700151,12000
3676,1987-11-17,0.0,2.34375,2.3125,2.328125,0.695483,16800
3677,1987-11-18,0.0,2.390625,2.3125,2.328125,0.695483,40800
3678,1987-11-19,0.0,2.421875,2.296875,2.40625,0.7188220000000001,146400
3679,1987-11-20,0.0,2.390625,2.375,2.390625,0.714154,3200
3680,1987-11-23,0.0,2.390625,2.390625,2.390625,0.714154,800
3681,1987-11-24,0.0,2.40625,2.375,2.40625,0.7188220000000001,16000
3682,1987-11-25,0.0,2.375,2.328125,2.34375,0.700151,8800
3683,1987-11-27,0.0,2.34375,2.3125,2.34375,0.700151,5600
3684,1987-11-30,0.0,2.328125,2.25,2.328125,0.695483,26400
3685,1987-12-01,0.0,2.328125,2.296875,2.3125,0.690816,5600
3686,1987-12-02,0.0,2.296875,2.265625,2.296875,0.686148,4800
3687,1987-12-03,0.0,2.25,2.140625,2.171875,0.648806,42400
3688,1987-12-04,0.0,2.140625,2.09375,2.09375,0.625468,20000
3689,1987-12-07,0.0,2.078125,2.03125,2.046875,0.6114649999999999,13600
3690,1987-12-08,0.0,2.046875,2.0,2.0,0.5974619999999999,9600
3691,1987-12-09,0.0,2.046875,1.96875,2.046875,0.6114649999999999,49600
3692,1987-12-10,0.0,2.046875,2.03125,2.046875,0.6114649999999999,4800
3693,1987-12-11,0.0,2.109375,2.0,2.109375,0.6301359999999999,22400
3694,1987-12-14,0.0,2.125,2.09375,2.125,0.634804,14400
3695,1987-12-15,0.0,2.203125,2.125,2.203125,0.658142,48800
3696,1987-12-16,0.0,2.34375,2.1875,2.34375,0.700151,32000
3697,1987-12-17,0.0,2.359375,2.3125,2.3125,0.690816,6400
3698,1987-12-18,0.0,2.359375,2.3125,2.359375,0.704819,6400
3699,1987-12-21,0.0,2.359375,2.3125,2.359375,0.704819,8800
3700,1987-12-22,0.0,2.46875,2.359375,2.46875,0.737492,29600
3701,1987-12-23,0.0,2.53125,2.484375,2.53125,0.756163,6400
3702,1987-12-24,0.0,2.5,2.4375,2.453125,0.732825,12800
3703,1987-12-28,0.0,2.453125,2.34375,2.375,0.709486,13600
3704,1987-12-29,0.0,2.40625,2.359375,2.359375,0.704819,4800
3705,1987-12-30,0.0,2.40625,2.375,2.375,0.709486,32000
3706,1987-12-31,0.0,2.40625,2.390625,2.390625,0.714154,7200
3707,1988-01-04,0.0,2.4375,2.390625,2.4375,0.7281569999999999,10400
3708,1988-01-05,0.0,2.53125,2.46875,2.53125,0.756163,8800
3709,1988-01-06,0.0,2.578125,2.546875,2.578125,0.770166,5600
3710,1988-01-07,0.0,2.546875,2.5,2.53125,0.756163,9600
3711,1988-01-08,0.0,2.546875,2.46875,2.46875,0.737492,24800
3712,1988-01-11,0.0,2.53125,2.375,2.53125,0.756163,34400
3713,1988-01-12,0.0,2.546875,2.515625,2.515625,0.751495,3200
3714,1988-01-13,0.0,2.5,2.421875,2.46875,0.737492,24800
3715,1988-01-14,0.0,2.53125,2.453125,2.53125,0.756163,18400
3716,1988-01-15,0.0,2.609375,2.546875,2.609375,0.779501,13600
3717,1988-01-18,0.0,2.578125,2.53125,2.5625,0.7654989999999999,12000
3718,1988-01-19,0.0,2.53125,2.484375,2.484375,0.74216,6400
3719,1988-01-20,0.0,2.46875,2.40625,2.46875,0.737492,19200
3720,1988-01-21,0.0,2.5,2.46875,2.5,0.7468279999999999,38400
3721,1988-01-22,0.0,2.53125,2.453125,2.53125,0.756163,30400
3722,1988-01-25,0.0,2.5,2.40625,2.40625,0.7188220000000001,58400
3723,1988-01-26,0.0,2.421875,2.375,2.40625,0.7188220000000001,21600
3724,1988-01-27,0.0,2.4375,2.390625,2.4375,0.7281569999999999,4000
3725,1988-01-28,0.0,2.4375,2.390625,2.421875,0.72349,5600
3726,1988-01-29,0.0,2.4375,2.40625,2.421875,0.72349,36000
3727,1988-02-01,0.0,2.4375,2.359375,2.375,0.709486,80000
3728,1988-02-02,0.0,2.390625,2.375,2.390625,0.714154,12000
3729,1988-02-03,0.0,2.421875,2.390625,2.40625,0.7188220000000001,21600
3730,1988-02-04,0.0,2.421875,2.40625,2.421875,0.72349,12800
3731,1988-02-05,0.0,2.578125,2.421875,2.5625,0.7654989999999999,61600
3732,1988-02-08,0.0,2.640625,2.53125,2.640625,0.788836,104000
3733,1988-02-09,0.0,2.6875,2.625,2.671875,0.798172,32800
3734,1988-02-10,0.0,2.6875,2.59375,2.640625,0.788836,12000
3735,1988-02-11,0.0,2.703125,2.640625,2.703125,0.807508,40000
3736,1988-02-12,0.0,2.796875,2.71875,2.796875,0.835513,38400
3737,1988-02-16,0.0,2.78125,2.703125,2.75,0.8261270000000001,18400
3738,1988-02-17,0.0,2.765625,2.6875,2.6875,0.807351,14400
3739,1988-02-18,0.0,2.75,2.6875,2.75,0.8261270000000001,43200
3740,1988-02-19,0.0,2.78125,2.71875,2.75,0.8261270000000001,26400
3741,1988-02-22,0.0,2.78125,2.734375,2.78125,0.835515,12000
3742,1988-02-23,0.0,2.75,2.6875,2.703125,0.812046,40000
3743,1988-02-24,0.0,2.703125,2.671875,2.6875,0.807351,7200
3744,1988-02-25,0.0,2.71875,2.671875,2.671875,0.802658,22400
3745,1988-02-26,0.0,2.6875,2.640625,2.671875,0.802658,12000
3746,1988-02-29,0.0,2.671875,2.65625,2.65625,0.797964,8800
3747,1988-03-01,0.0,2.71875,2.671875,2.71875,0.816739,188000
3748,1988-03-02,0.0,2.734375,2.6875,2.71875,0.816739,16000
3749,1988-03-03,0.0,2.75,2.734375,2.75,0.8261270000000001,6400
3750,1988-03-04,0.0,2.71875,2.71875,2.71875,0.816739,1600
3751,1988-03-07,0.0,2.734375,2.71875,2.734375,0.821433,10400
3752,1988-03-08,0.0,2.796875,2.734375,2.796875,0.840209,118400
3753,1988-03-09,0.0,2.953125,2.796875,2.875,0.8636780000000001,35200
3754,1988-03-10,0.0,2.9375,2.828125,2.828125,0.8495969999999999,37600
3755,1988-03-11,0.0,2.828125,2.796875,2.828125,0.8495969999999999,4000
3756,1988-03-14,0.0,2.828125,2.8125,2.828125,0.8495969999999999,3200
3757,1988-03-15,0.0,2.84375,2.8125,2.84375,0.854291,45600
3758,1988-03-16,0.0,2.859375,2.84375,2.859375,0.858984,3200
3759,1988-03-17,0.0,2.859375,2.828125,2.859375,0.858984,3200
3760,1988-03-18,0.0,2.859375,2.828125,2.828125,0.8495969999999999,7200
3761,1988-03-21,0.0,2.84375,2.796875,2.828125,0.8495969999999999,16000
3762,1988-03-22,0.0,2.859375,2.828125,2.859375,0.858984,8000
3763,1988-03-23,0.0,2.859375,2.828125,2.859375,0.858984,10400
3764,1988-03-24,0.0,2.859375,2.828125,2.859375,0.858984,10400
3765,1988-03-25,0.0,2.859375,2.78125,2.8125,0.8449030000000001,21600
3766,1988-03-28,0.0,2.796875,2.765625,2.78125,0.835515,10400
3767,1988-03-29,0.0,2.796875,2.78125,2.78125,0.835515,7200
3768,1988-03-30,0.0,2.796875,2.75,2.75,0.8261270000000001,8800
3769,1988-03-31,0.0,2.8125,2.71875,2.8125,0.8449030000000001,24000
3770,1988-04-04,0.0,2.828125,2.78125,2.828125,0.8495969999999999,15200
3771,1988-04-05,0.0,2.84375,2.8125,2.84375,0.854291,32800
3772,1988-04-06,0.0,2.875,2.828125,2.875,0.8636780000000001,23200
3773,1988-04-07,0.0,2.953125,2.890625,2.953125,0.8871479999999999,24000
3774,1988-04-08,0.0,3.0,2.90625,3.0,0.9012290000000001,59200
3775,1988-04-11,0.0,3.0,2.96875,2.96875,0.891842,12000
3776,1988-04-12,0.0,2.984375,2.953125,2.984375,0.8965360000000001,16800
3777,1988-04-13,0.0,3.015625,2.921875,3.015625,0.905924,29600
3778,1988-04-14,0.0,3.015625,2.921875,2.953125,0.8871479999999999,52800
3779,1988-04-15,0.0,3.0,2.9375,3.0,0.9012290000000001,16800
3780,1988-04-18,0.0,3.078125,2.96875,3.078125,0.9246989999999999,52800
3781,1988-04-19,0.0,3.15625,3.09375,3.125,0.938781,19200
3782,1988-04-20,0.0,3.171875,3.078125,3.09375,0.929393,42400
3783,1988-04-21,0.0,3.109375,3.0625,3.09375,0.929393,24800
3784,1988-04-22,0.0,3.0625,3.03125,3.0625,0.920005,20800
3785,1988-04-25,0.0,3.078125,3.03125,3.03125,0.910618,61600
3786,1988-04-26,0.0,3.265625,3.046875,3.203125,0.96225,136800
3787,1988-04-27,0.0,3.3125,3.203125,3.265625,0.9810260000000001,80800
3788,1988-04-28,0.0,3.375,3.296875,3.328125,0.9998020000000001,28000
3789,1988-04-29,0.0,3.328125,3.265625,3.296875,0.9904139999999999,38400
3790,1988-05-02,0.0,3.28125,3.234375,3.28125,0.98572,42400
3791,1988-05-03,0.0,3.296875,3.234375,3.296875,0.9904139999999999,21600
3792,1988-05-04,0.0,3.390625,3.296875,3.359375,1.00919,16000
3793,1988-05-05,0.0,3.375,3.328125,3.375,1.013883,12800
3794,1988-05-06,0.0,3.359375,3.328125,3.328125,0.9998020000000001,11200
3795,1988-05-09,0.0,3.3125,3.265625,3.296875,0.9904139999999999,13600
3796,1988-05-10,0.0,3.265625,3.21875,3.21875,0.966944,103200
3797,1988-05-11,0.0,3.203125,3.125,3.171875,0.9528620000000001,46400
3798,1988-05-12,0.0,3.1875,3.125,3.140625,0.943475,26400
3799,1988-05-13,0.0,3.171875,3.125,3.171875,0.9528620000000001,21600
3800,1988-05-16,0.0,3.140625,3.109375,3.125,0.938781,16000
3801,1988-05-17,0.0,3.140625,3.109375,3.140625,0.943475,40800
3802,1988-05-18,0.0,3.15625,3.09375,3.125,0.938781,20000
3803,1988-05-19,0.0,3.171875,3.078125,3.171875,0.9528620000000001,67200
3804,1988-05-20,0.0,3.203125,3.140625,3.171875,0.9575809999999999,18400
3805,1988-05-23,0.0,3.1875,3.15625,3.1875,0.962299,2400
3806,1988-05-24,0.0,3.1875,3.140625,3.1875,0.962299,8000
3807,1988-05-25,0.0,3.15625,3.09375,3.125,0.9434299999999999,71200
3808,1988-05-26,0.0,3.125,3.09375,3.109375,0.9387129999999999,4000
3809,1988-05-27,0.0,3.109375,3.078125,3.109375,0.9387129999999999,8800
3810,1988-05-31,0.0,3.140625,3.109375,3.140625,0.948147,12800
3811,1988-06-01,0.0,3.296875,3.140625,3.265625,0.985884,36800
3812,1988-06-02,0.0,3.296875,3.25,3.25,0.981167,31200
3813,1988-06-03,0.0,3.28125,3.25,3.28125,0.9906010000000001,5600
3814,1988-06-06,0.0,3.296875,3.28125,3.296875,0.995318,5600
3815,1988-06-07,0.0,3.359375,3.28125,3.359375,1.0141870000000002,58400
3816,1988-06-08,0.0,3.421875,3.328125,3.421875,1.0330549999999998,11200
3817,1988-06-09,0.0,3.421875,3.3125,3.375,1.018904,52000
3818,1988-06-10,0.0,3.4375,3.359375,3.4375,1.037773,24000
3819,1988-06-13,0.0,3.53125,3.359375,3.53125,1.066076,134400
3820,1988-06-14,0.0,3.5625,3.5,3.5,1.056641,95200
3821,1988-06-15,0.0,3.5625,3.515625,3.53125,1.066076,12800
3822,1988-06-16,0.0,3.515625,3.40625,3.40625,1.028339,80000
3823,1988-06-17,0.0,3.390625,3.265625,3.375,1.018904,104000
3824,1988-06-20,0.0,3.4375,3.328125,3.4375,1.037773,30400
3825,1988-06-21,0.0,3.453125,3.375,3.40625,1.028339,19200
3826,1988-06-22,0.0,3.484375,3.34375,3.484375,1.051924,98400
3827,1988-06-23,0.0,3.46875,3.4375,3.46875,1.047207,28000
3828,1988-06-24,0.0,3.4375,3.375,3.375,1.018904,16000
3829,1988-06-27,0.0,3.390625,3.390625,3.390625,1.023621,1600
3830,1988-06-28,0.0,3.359375,3.296875,3.34375,1.00947,32800
3831,1988-06-29,0.0,3.4375,3.359375,3.390625,1.023621,37600
3832,1988-06-30,0.0,3.421875,3.40625,3.421875,1.0330549999999998,11200
3833,1988-07-01,0.0,3.4375,3.390625,3.4375,1.037773,18400
3834,1988-07-05,0.0,3.421875,3.34375,3.421875,1.0330549999999998,70400
3835,1988-07-06,0.0,3.40625,3.3125,3.359375,1.0141870000000002,51200
3836,1988-07-07,0.0,3.34375,3.3125,3.3125,1.0000360000000001,8800
3837,1988-07-08,0.0,3.328125,3.328125,3.328125,1.004753,8000
3838,1988-07-11,0.0,3.328125,3.328125,3.328125,1.004753,3200
3839,1988-07-12,0.0,3.296875,3.28125,3.296875,0.995318,4800
3840,1988-07-13,0.0,3.265625,3.1875,3.234375,0.97645,102400
3841,1988-07-14,0.0,3.203125,3.171875,3.203125,0.967016,9600
3842,1988-07-15,0.0,3.265625,3.15625,3.234375,0.97645,39200
3843,1988-07-18,0.0,3.25,3.1875,3.234375,0.97645,16800
3844,1988-07-19,0.0,3.265625,3.21875,3.21875,0.971733,18400
3845,1988-07-20,0.0,3.3125,3.21875,3.3125,1.0000360000000001,26400
3846,1988-07-21,0.0,3.3125,3.1875,3.203125,0.967016,56800
3847,1988-07-22,0.0,3.25,3.1875,3.25,0.981167,12800
3848,1988-07-25,0.0,3.25,3.25,3.25,0.981167,4000
3849,1988-07-26,0.0,3.25,3.1875,3.25,0.981167,53600
3850,1988-07-27,0.0,3.25,3.171875,3.171875,0.9575809999999999,158400
3851,1988-07-28,0.0,3.140625,3.046875,3.109375,0.9387129999999999,47200
3852,1988-07-29,0.0,3.21875,3.125,3.21875,0.971733,49600
3853,1988-08-01,0.0,3.25,3.234375,3.25,0.981167,42400
3854,1988-08-02,0.0,3.25,3.203125,3.203125,0.967016,13600
3855,1988-08-03,0.0,3.1875,3.15625,3.15625,0.9528639999999999,14400
3856,1988-08-04,0.0,3.1875,3.109375,3.15625,0.9528639999999999,64000
3857,1988-08-05,0.0,3.171875,3.140625,3.15625,0.9528639999999999,8800
3858,1988-08-08,0.0,3.15625,3.15625,3.15625,0.9528639999999999,1600
3859,1988-08-09,0.0,3.15625,3.109375,3.15625,0.957606,11200
3860,1988-08-10,0.0,3.140625,3.09375,3.109375,0.943385,10400
3861,1988-08-11,0.0,3.125,3.09375,3.109375,0.943385,21600
3862,1988-08-12,0.0,3.109375,3.078125,3.09375,0.938644,5600
3863,1988-08-15,0.0,3.109375,3.0625,3.09375,0.938644,30400
3864,1988-08-16,0.0,3.140625,3.125,3.140625,0.952866,3200
3865,1988-08-17,0.0,3.171875,3.109375,3.109375,0.943385,10400
3866,1988-08-18,0.0,3.125,3.09375,3.09375,0.938644,11200
3867,1988-08-19,0.0,3.109375,3.09375,3.09375,0.938644,5600
3868,1988-08-22,0.0,3.09375,3.0625,3.09375,0.938644,20000
3869,1988-08-23,0.0,3.09375,3.0625,3.0625,0.929162,48800
3870,1988-08-24,0.0,3.109375,3.0625,3.09375,0.938644,16800
3871,1988-08-25,0.0,3.078125,3.078125,3.078125,0.933903,1600
3872,1988-08-26,0.0,3.0625,3.0625,3.0625,0.929162,5600
3873,1988-08-29,0.0,3.140625,3.0625,3.125,0.948125,49600
3874,1988-08-30,0.0,3.09375,3.09375,3.09375,0.938644,8800
3875,1988-08-31,0.0,3.109375,3.109375,3.109375,0.943385,800
3876,1988-09-01,0.0,3.078125,3.078125,3.078125,0.933903,8000
3877,1988-09-02,0.0,3.15625,3.109375,3.125,0.948125,41600
3878,1988-09-06,0.0,3.109375,3.109375,3.109375,0.943385,1600
3879,1988-09-07,0.0,3.125,3.09375,3.109375,0.943385,8800
3880,1988-09-08,0.0,3.125,3.09375,3.125,0.948125,4000
3881,1988-09-09,0.0,3.140625,3.0625,3.140625,0.952866,21600
3882,1988-09-12,0.0,3.140625,3.109375,3.125,0.948125,2400
3883,1988-09-13,0.0,3.171875,3.140625,3.171875,0.962347,13600
3884,1988-09-14,0.0,3.28125,3.171875,3.28125,0.9955309999999999,20800
3885,1988-09-15,0.0,3.375,3.296875,3.375,1.023975,12000
3886,1988-09-16,0.0,3.421875,3.375,3.421875,1.038197,5600
3887,1988-09-19,0.0,3.453125,3.359375,3.421875,1.038197,21600
3888,1988-09-20,0.0,3.421875,3.34375,3.40625,1.033457,40800
3889,1988-09-21,0.0,3.375,3.375,3.375,1.023975,172000
3890,1988-09-22,0.0,3.40625,3.375,3.40625,1.033457,2400
3891,1988-09-23,0.0,3.4375,3.40625,3.4375,1.042937,5600
3892,1988-09-26,0.0,3.4375,3.40625,3.4375,1.042937,8000
3893,1988-09-27,0.0,3.484375,3.421875,3.484375,1.057159,5600
3894,1988-09-28,0.0,3.53125,3.5,3.53125,1.071381,39200
3895,1988-09-29,0.0,3.515625,3.421875,3.46875,1.052419,52800
3896,1988-09-30,0.0,3.5625,3.4375,3.53125,1.071381,44800
3897,1988-10-03,0.0,3.5625,3.5,3.53125,1.071381,16000
3898,1988-10-04,0.0,3.515625,3.453125,3.453125,1.047678,9600
3899,1988-10-05,0.0,3.421875,3.375,3.375,1.023975,12800
3900,1988-10-06,0.0,3.34375,3.296875,3.296875,1.0002719999999998,11200
3901,1988-10-07,0.0,3.34375,3.28125,3.34375,1.014494,8000
3902,1988-10-10,0.0,3.375,3.328125,3.34375,1.014494,20800
3903,1988-10-11,0.0,3.359375,3.28125,3.3125,1.005013,25600
3904,1988-10-12,0.0,3.28125,3.25,3.265625,0.990791,6400
3905,1988-10-13,0.0,3.265625,3.234375,3.265625,0.990791,5600
3906,1988-10-14,3.265625,3.265625,3.265625,3.265625,0.990791,0
3907,1988-10-17,0.0,3.359375,3.28125,3.359375,1.019234,12000
3908,1988-10-18,0.0,3.5625,3.375,3.5625,1.080863,48000
3909,1988-10-19,0.0,3.578125,3.515625,3.53125,1.071381,8800
3910,1988-10-20,0.0,3.546875,3.5,3.5,1.0619,17600
3911,1988-10-21,3.5,3.5,3.5,3.5,1.0619,0
3912,1988-10-24,0.0,3.515625,3.453125,3.46875,1.052419,26400
3913,1988-10-25,3.46875,3.46875,3.46875,3.46875,1.052419,0
3914,1988-10-26,0.0,3.515625,3.46875,3.515625,1.06664,8800
3915,1988-10-27,0.0,3.515625,3.484375,3.515625,1.06664,3200
3916,1988-10-28,0.0,3.53125,3.484375,3.5,1.0619,8000
3917,1988-10-31,0.0,3.46875,3.4375,3.4375,1.042937,10400
3918,1988-11-01,0.0,3.40625,3.390625,3.40625,1.033457,7200
3919,1988-11-02,0.0,3.421875,3.375,3.421875,1.038197,16800
3920,1988-11-03,0.0,3.59375,3.53125,3.53125,1.071381,44800
3921,1988-11-04,0.0,3.65625,3.515625,3.65625,1.109307,73600
3922,1988-11-07,0.0,3.625,3.578125,3.578125,1.085603,83200
3923,1988-11-08,0.0,3.59375,3.578125,3.59375,1.090344,3200
3924,1988-11-09,0.0,3.609375,3.578125,3.59375,1.090344,21600
3925,1988-11-10,0.0,3.59375,3.578125,3.59375,1.095107,6400
3926,1988-11-11,0.0,3.59375,3.578125,3.59375,1.095107,30400
3927,1988-11-14,0.0,3.609375,3.546875,3.5625,1.085584,21600
3928,1988-11-15,0.0,3.578125,3.53125,3.53125,1.0760610000000002,9600
3929,1988-11-16,0.0,3.5,3.46875,3.484375,1.061777,44800
3930,1988-11-17,0.0,3.484375,3.484375,3.484375,1.061777,800
3931,1988-11-18,0.0,3.515625,3.46875,3.515625,1.0713,16800
3932,1988-11-21,0.0,3.515625,3.46875,3.46875,1.057016,36000
3933,1988-11-22,0.0,3.5,3.46875,3.5,1.066539,17600
3934,1988-11-23,0.0,3.484375,3.484375,3.484375,1.061777,2400
3935,1988-11-25,0.0,3.53125,3.484375,3.53125,1.0760610000000002,8800
3936,1988-11-28,0.0,3.5625,3.5,3.53125,1.0760610000000002,23200
3937,1988-11-29,0.0,3.5625,3.53125,3.5625,1.085584,11200
3938,1988-11-30,0.0,3.625,3.59375,3.625,1.104629,36800
3939,1988-12-01,0.0,3.6875,3.59375,3.6875,1.123675,51200
3940,1988-12-02,0.0,3.65625,3.640625,3.640625,1.1093899999999999,8000
3941,1988-12-05,0.0,3.65625,3.609375,3.625,1.104629,20000
3942,1988-12-06,0.0,3.6875,3.625,3.6875,1.123675,80800
3943,1988-12-07,0.0,3.6875,3.65625,3.6875,1.123675,82400
3944,1988-12-08,0.0,3.78125,3.671875,3.78125,1.1522430000000001,11200
3945,1988-12-09,0.0,3.859375,3.765625,3.859375,1.17605,15200
3946,1988-12-12,0.0,3.90625,3.859375,3.859375,1.17605,9600
3947,1988-12-13,0.0,3.890625,3.859375,3.890625,1.1855719999999998,3200
3948,1988-12-14,0.0,3.90625,3.90625,3.90625,1.190333,800
3949,1988-12-15,0.0,3.90625,3.90625,3.90625,1.190333,800
3950,1988-12-16,0.0,4.0,3.96875,4.0,1.218901,32800
3951,1988-12-19,0.0,4.0,3.953125,4.0,1.218901,62400
3952,1988-12-20,0.0,3.96875,3.953125,3.953125,1.204617,4000
3953,1988-12-21,0.0,3.9375,3.9375,3.9375,1.199856,800
3954,1988-12-22,0.0,3.90625,3.890625,3.890625,1.1855719999999998,5600
3955,1988-12-23,0.0,3.875,3.828125,3.828125,1.166527,6400
3956,1988-12-27,3.828125,3.828125,3.828125,3.828125,1.166527,0
3957,1988-12-28,0.0,3.84375,3.796875,3.796875,1.1570040000000001,6400
3958,1988-12-29,0.0,3.78125,3.765625,3.78125,1.1522430000000001,3200
3959,1988-12-30,0.0,3.8125,3.765625,3.8125,1.161765,4000
3960,1989-01-03,0.0,3.78125,3.765625,3.765625,1.147482,3200
3961,1989-01-04,0.0,3.8125,3.78125,3.8125,1.161765,7200
3962,1989-01-05,0.0,3.8125,3.8125,3.8125,1.161765,800
3963,1989-01-06,0.0,3.84375,3.8125,3.84375,1.1712879999999999,7200
3964,1989-01-09,0.0,3.9375,3.875,3.9375,1.199856,9600
3965,1989-01-10,0.0,3.96875,3.890625,3.921875,1.195095,9600
3966,1989-01-11,0.0,3.921875,3.875,3.921875,1.195095,12800
3967,1989-01-12,0.0,3.984375,3.953125,3.984375,1.2141389999999999,31200
3968,1989-01-13,0.0,4.0625,3.984375,4.0625,1.237947,20000
3969,1989-01-16,0.0,4.125,4.0625,4.125,1.256992,12800
3970,1989-01-17,0.0,4.15625,4.125,4.15625,1.266515,24800
3971,1989-01-18,0.0,4.15625,4.125,4.15625,1.266515,19200
3972,1989-01-19,0.0,4.1875,4.171875,4.1875,1.276037,2400
3973,1989-01-20,0.0,4.1875,4.1875,4.1875,1.276037,800
3974,1989-01-23,0.0,4.171875,4.140625,4.171875,1.271276,11200
3975,1989-01-24,0.0,4.15625,4.140625,4.15625,1.266515,8000
3976,1989-01-25,0.0,4.15625,4.109375,4.140625,1.2617530000000001,11200
3977,1989-01-26,0.0,4.15625,4.109375,4.15625,1.266515,43200
3978,1989-01-27,0.0,4.1875,4.140625,4.15625,1.266515,35200
3979,1989-01-30,0.0,4.171875,4.125,4.15625,1.266515,8000
3980,1989-01-31,0.0,4.15625,4.125,4.15625,1.266515,8000
3981,1989-02-01,0.0,4.21875,4.15625,4.21875,1.285561,20000
3982,1989-02-02,0.0,4.203125,4.1875,4.203125,1.2807979999999999,2400
3983,1989-02-03,0.0,4.265625,4.203125,4.265625,1.299844,114400
3984,1989-02-06,0.0,4.296875,4.25,4.296875,1.309366,4800
3985,1989-02-07,0.0,4.3125,4.265625,4.265625,1.299844,12000
3986,1989-02-08,0.0,4.296875,4.296875,4.296875,1.309366,2400
3987,1989-02-09,0.0,4.265625,4.21875,4.21875,1.285561,8000
3988,1989-02-10,0.0,4.21875,4.1875,4.21875,1.285561,2400
3989,1989-02-13,0.0,4.203125,4.171875,4.203125,1.2807979999999999,7200
3990,1989-02-14,0.0,4.28125,4.21875,4.28125,1.304605,9600
3991,1989-02-15,0.0,4.3125,4.25,4.265625,1.299844,15200
3992,1989-02-16,0.0,4.28125,4.25,4.25,1.295083,8800
3993,1989-02-17,0.0,4.25,4.21875,4.21875,1.285561,5600
3994,1989-02-21,0.0,4.28125,4.1875,4.1875,1.276037,38400
3995,1989-02-22,0.0,4.171875,4.15625,4.15625,1.2722120000000001,41600
3996,1989-02-23,0.0,4.203125,4.171875,4.1875,1.281776,4800
3997,1989-02-24,0.0,4.21875,4.15625,4.203125,1.28656,41600
3998,1989-02-27,0.0,4.1875,4.125,4.15625,1.2722120000000001,11200
3999,1989-02-28,0.0,4.125,4.078125,4.09375,1.25308,16800
4000,1989-03-01,0.0,4.15625,4.109375,4.125,1.262646,28000
4001,1989-03-02,0.0,4.140625,4.109375,4.125,1.262646,20000
4002,1989-03-03,0.0,4.140625,4.09375,4.140625,1.267428,8800
4003,1989-03-06,0.0,4.140625,4.09375,4.09375,1.25308,7200
4004,1989-03-07,0.0,4.15625,4.09375,4.125,1.262646,28800
4005,1989-03-08,0.0,4.1875,4.125,4.1875,1.281776,8000
4006,1989-03-09,0.0,4.1875,4.15625,4.1875,1.281776,4800
4007,1989-03-10,0.0,4.203125,4.203125,4.203125,1.28656,8000
4008,1989-03-13,0.0,4.265625,4.21875,4.265625,1.30569,7200
4009,1989-03-14,0.0,4.34375,4.25,4.34375,1.329604,25600
4010,1989-03-15,0.0,4.390625,4.3125,4.390625,1.3439530000000002,11200
4011,1989-03-16,0.0,4.421875,4.359375,4.390625,1.3439530000000002,9600
4012,1989-03-17,0.0,4.40625,4.359375,4.359375,1.334386,12000
4013,1989-03-20,0.0,4.34375,4.328125,4.34375,1.329604,4800
4014,1989-03-21,0.0,4.375,4.359375,4.375,1.33917,1600
4015,1989-03-22,0.0,4.421875,4.375,4.421875,1.353517,9600
4016,1989-03-23,0.0,4.453125,4.4375,4.4375,1.358301,3200
4017,1989-03-27,0.0,4.484375,4.4375,4.484375,1.372649,12000
4018,1989-03-28,0.0,4.546875,4.46875,4.546875,1.39178,66400
4019,1989-03-29,0.0,4.75,4.5625,4.6875,1.4348239999999999,61600
4020,1989-03-30,0.0,4.75,4.65625,4.65625,1.425259,24000
4021,1989-03-31,0.0,4.625,4.5625,4.5625,1.396562,28800
4022,1989-04-03,0.0,4.5625,4.515625,4.515625,1.3822139999999998,42400
4023,1989-04-04,0.0,4.53125,4.5,4.53125,1.386997,11200
4024,1989-04-05,0.0,4.5625,4.5625,4.5625,1.396562,3200
4025,1989-04-06,0.0,4.609375,4.578125,4.609375,1.410911,4800
4026,1989-04-07,0.0,4.8125,4.640625,4.8125,1.473087,24800
4027,1989-04-10,0.0,4.859375,4.796875,4.796875,1.468304,12000
4028,1989-04-11,0.0,4.78125,4.78125,4.78125,1.4635209999999998,1600
4029,1989-04-12,0.0,4.75,4.71875,4.75,1.4539549999999999,11200
4030,1989-04-13,0.0,4.8125,4.78125,4.8125,1.473087,4000
4031,1989-04-14,0.0,4.90625,4.84375,4.90625,1.501783,6400
4032,1989-04-17,0.0,4.9375,4.875,4.9375,1.511349,13600
4033,1989-04-18,0.0,4.96875,4.90625,4.90625,1.501783,68800
4034,1989-04-19,0.0,4.90625,4.78125,4.8125,1.473087,46400
4035,1989-04-20,0.0,4.8125,4.75,4.75,1.4539549999999999,11200
4036,1989-04-21,0.0,4.75,4.71875,4.71875,1.44439,5600
4037,1989-04-24,0.0,4.6875,4.65625,4.65625,1.425259,7200
4038,1989-04-25,0.0,4.640625,4.640625,4.640625,1.420476,1600
4039,1989-04-26,0.0,4.625,4.578125,4.609375,1.410911,8800
4040,1989-04-27,0.0,4.59375,4.578125,4.578125,1.401345,3200
4041,1989-04-28,0.0,4.546875,4.453125,4.453125,1.363083,12800
4042,1989-05-01,0.0,4.46875,4.328125,4.359375,1.334386,56800
4043,1989-05-02,0.0,4.359375,4.28125,4.359375,1.334386,24000
4044,1989-05-03,0.0,4.390625,4.375,4.390625,1.3439530000000002,8800
4045,1989-05-04,0.0,4.609375,4.375,4.609375,1.410911,48000
4046,1989-05-05,0.0,4.71875,4.65625,4.6875,1.4348239999999999,29600
4047,1989-05-08,0.0,4.71875,4.71875,4.71875,1.44439,800
4048,1989-05-09,0.0,4.71875,4.6875,4.71875,1.44439,3200
4049,1989-05-10,0.0,4.75,4.734375,4.75,1.4539549999999999,4000
4050,1989-05-11,0.0,4.75,4.71875,4.75,1.4539549999999999,7200
4051,1989-05-12,0.0,4.75,4.71875,4.71875,1.450114,1600
4052,1989-05-15,0.0,4.734375,4.65625,4.65625,1.430907,20800
4053,1989-05-16,0.0,4.71875,4.59375,4.71875,1.450114,20000
4054,1989-05-17,0.0,4.78125,4.703125,4.78125,1.4693209999999999,13600
4055,1989-05-18,0.0,4.765625,4.703125,4.703125,1.4453120000000002,8000
4056,1989-05-19,0.0,4.671875,4.65625,4.65625,1.430907,4000
4057,1989-05-22,0.0,4.625,4.5625,4.5625,1.402097,12000
4058,1989-05-23,0.0,4.53125,4.4375,4.46875,1.3732870000000001,22400
4059,1989-05-24,0.0,4.46875,4.4375,4.46875,1.3732870000000001,3200
4060,1989-05-25,0.0,4.53125,4.46875,4.53125,1.3924940000000001,46400
4061,1989-05-26,0.0,4.5625,4.53125,4.53125,1.3924940000000001,4000
4062,1989-05-30,0.0,4.5625,4.5,4.5,1.38289,7200
4063,1989-05-31,0.0,4.59375,4.53125,4.59375,1.411701,8000
4064,1989-06-01,0.0,4.71875,4.546875,4.71875,1.450114,18400
4065,1989-06-02,0.0,4.734375,4.734375,4.734375,1.4549159999999999,1600
4066,1989-06-05,0.0,4.84375,4.765625,4.84375,1.488528,14400
4067,1989-06-06,0.0,4.890625,4.859375,4.890625,1.502933,6400
4068,1989-06-07,0.0,4.9375,4.859375,4.9375,1.5173379999999999,6400
4069,1989-06-08,0.0,5.015625,4.96875,5.015625,1.541347,7200
4070,1989-06-09,0.0,4.984375,4.875,4.875,1.498132,12800
4071,1989-06-12,0.0,4.84375,4.75,4.75,1.459717,18400
4072,1989-06-13,0.0,4.828125,4.75,4.828125,1.483726,4800
4073,1989-06-14,0.0,4.796875,4.75,4.78125,1.4693209999999999,8000
4074,1989-06-15,0.0,4.78125,4.75,4.78125,1.4693209999999999,11200
4075,1989-06-16,0.0,4.78125,4.71875,4.71875,1.450114,5600
4076,1989-06-19,4.71875,4.71875,4.71875,4.71875,1.450114,0
4077,1989-06-20,0.0,4.71875,4.71875,4.71875,1.450114,800
4078,1989-06-21,0.0,4.75,4.6875,4.75,1.459717,15200
4079,1989-06-22,0.0,4.71875,4.71875,4.71875,1.450114,2400
4080,1989-06-23,0.0,4.78125,4.71875,4.71875,1.450114,14400
4081,1989-06-26,4.71875,4.71875,4.71875,4.71875,1.450114,0
4082,1989-06-27,0.0,4.703125,4.703125,4.703125,1.4453120000000002,800
4083,1989-06-28,0.0,4.6875,4.6875,4.6875,1.440511,800
4084,1989-06-29,0.0,4.71875,4.703125,4.71875,1.450114,31200
4085,1989-06-30,0.0,4.6875,4.65625,4.6875,1.440511,10400
4086,1989-07-03,4.6875,4.6875,4.6875,4.6875,1.440511,0
4087,1989-07-05,0.0,4.71875,4.6875,4.6875,1.440511,1600
4088,1989-07-06,0.0,4.703125,4.703125,4.703125,1.4453120000000002,1600
4089,1989-07-07,0.0,4.71875,4.6875,4.71875,1.450114,7200
4090,1989-07-10,4.71875,4.71875,4.71875,4.71875,1.450114,0
4091,1989-07-11,0.0,4.6875,4.6875,4.6875,1.440511,1600
4092,1989-07-12,0.0,4.671875,4.671875,4.671875,1.4357090000000001,800
4093,1989-07-13,0.0,4.671875,4.65625,4.65625,1.430907,36800
4094,1989-07-14,0.0,4.65625,4.65625,4.65625,1.430907,29600
4095,1989-07-17,0.0,4.65625,4.65625,4.65625,1.430907,16000
4096,1989-07-18,0.0,4.71875,4.65625,4.71875,1.450114,10400
4097,1989-07-19,0.0,4.734375,4.71875,4.734375,1.4549159999999999,3200
4098,1989-07-20,0.0,4.796875,4.765625,4.796875,1.4741229999999999,6400
4099,1989-07-21,0.0,4.796875,4.75,4.75,1.459717,14400
4100,1989-07-24,4.75,4.75,4.75,4.75,1.459717,0
4101,1989-07-25,0.0,4.734375,4.71875,4.71875,1.450114,5600
4102,1989-07-26,4.71875,4.71875,4.71875,4.71875,1.450114,0
4103,1989-07-27,0.0,4.71875,4.71875,4.71875,1.450114,2400
4104,1989-07-28,0.0,4.703125,4.703125,4.703125,1.4453120000000002,1600
4105,1989-07-31,0.0,4.71875,4.6875,4.6875,1.440511,15200
4106,1989-08-01,0.0,4.703125,4.6875,4.703125,1.4453120000000002,8800
4107,1989-08-02,0.0,4.71875,4.71875,4.71875,1.450114,2400
4108,1989-08-03,0.0,4.6875,4.6875,4.6875,1.440511,2400
4109,1989-08-04,0.0,4.734375,4.71875,4.734375,1.4549159999999999,8000
4110,1989-08-07,0.0,4.734375,4.734375,4.734375,1.4549159999999999,800
4111,1989-08-08,0.0,4.765625,4.75,4.75,1.459717,2400
4112,1989-08-09,0.0,4.75,4.75,4.75,1.459717,4000
4113,1989-08-10,0.0,4.75,4.75,4.75,1.459717,800
4114,1989-08-11,0.0,4.71875,4.71875,4.71875,1.455861,1600
4115,1989-08-14,0.0,4.6875,4.6875,4.6875,1.4462190000000001,26400
4116,1989-08-15,0.0,4.6875,4.6875,4.6875,1.4462190000000001,7200
4117,1989-08-16,0.0,4.6875,4.65625,4.65625,1.4365780000000001,4800
4118,1989-08-17,0.0,4.625,4.625,4.625,1.4269370000000001,4000
4119,1989-08-18,0.0,4.65625,4.625,4.625,1.4269370000000001,1600
4120,1989-08-21,0.0,4.609375,4.59375,4.59375,1.417295,2400
4121,1989-08-22,0.0,4.5625,4.53125,4.53125,1.398013,6400
4122,1989-08-23,0.0,4.5625,4.5625,4.5625,1.4076540000000002,8000
4123,1989-08-24,0.0,4.53125,4.53125,4.53125,1.398013,1600
4124,1989-08-25,0.0,4.5,4.4375,4.4375,1.3690879999999999,9600
4125,1989-08-28,0.0,4.484375,4.4375,4.484375,1.38355,4000
4126,1989-08-29,0.0,4.53125,4.453125,4.5,1.388371,13600
4127,1989-08-30,4.5,4.5,4.5,4.5,1.388371,0
4128,1989-08-31,0.0,4.484375,4.484375,4.484375,1.38355,4000
4129,1989-09-01,4.484375,4.484375,4.484375,4.484375,1.38355,0
4130,1989-09-05,0.0,4.5625,4.515625,4.5625,1.4076540000000002,6400
4131,1989-09-06,0.0,4.59375,4.578125,4.578125,1.412475,2400
4132,1989-09-07,4.578125,4.578125,4.578125,4.578125,1.412475,0
4133,1989-09-08,4.578125,4.578125,4.578125,4.578125,1.412475,0
4134,1989-09-11,0.0,4.578125,4.578125,4.578125,1.412475,800
4135,1989-09-12,0.0,4.625,4.5625,4.625,1.4269370000000001,6400
4136,1989-09-13,4.625,4.625,4.625,4.625,1.4269370000000001,0
4137,1989-09-14,0.0,4.625,4.59375,4.625,1.4269370000000001,11200
4138,1989-09-15,0.0,4.59375,4.59375,4.59375,1.417295,800
4139,1989-09-18,0.0,4.59375,4.59375,4.59375,1.417295,16000
4140,1989-09-19,0.0,4.578125,4.578125,4.578125,1.412475,800
4141,1989-09-20,4.578125,4.578125,4.578125,4.578125,1.412475,0
4142,1989-09-21,4.578125,4.578125,4.578125,4.578125,1.412475,0
4143,1989-09-22,4.578125,4.578125,4.578125,4.578125,1.412475,0
4144,1989-09-25,0.0,4.609375,4.59375,4.59375,1.417295,2400
4145,1989-09-26,4.59375,4.59375,4.59375,4.59375,1.417295,0
4146,1989-09-27,4.59375,4.59375,4.59375,4.59375,1.417295,0
4147,1989-09-28,0.0,4.625,4.625,4.625,1.4269370000000001,5600
4148,1989-09-29,0.0,4.90625,4.65625,4.90625,1.51371,23200
4149,1989-10-02,0.0,4.90625,4.875,4.890625,1.508889,4800
4150,1989-10-03,0.0,4.890625,4.890625,4.890625,1.508889,800
4151,1989-10-04,4.890625,4.890625,4.890625,4.890625,1.508889,0
4152,1989-10-05,4.890625,4.890625,4.890625,4.890625,1.508889,0
4153,1989-10-06,0.0,4.875,4.859375,4.859375,1.499248,10400
4154,1989-10-09,0.0,4.828125,4.828125,4.828125,1.489607,1600
4155,1989-10-10,0.0,4.828125,4.828125,4.828125,1.489607,800
4156,1989-10-11,0.0,4.828125,4.8125,4.8125,1.484785,44000
4157,1989-10-12,0.0,4.828125,4.828125,4.828125,1.489607,4800
4158,1989-10-13,0.0,4.78125,4.78125,4.78125,1.475144,1600
4159,1989-10-16,0.0,4.71875,4.53125,4.53125,1.398013,20800
4160,1989-10-17,0.0,4.5,4.5,4.5,1.388371,4000
4161,1989-10-18,0.0,4.5,4.5,4.5,1.388371,8000
4162,1989-10-19,0.0,4.5,4.46875,4.5,1.388371,12000
4163,1989-10-20,0.0,4.53125,4.53125,4.53125,1.398013,800
4164,1989-10-23,0.0,4.5625,4.53125,4.53125,1.398013,8800
4165,1989-10-24,0.0,4.5,4.3125,4.3125,1.330522,27200
4166,1989-10-25,0.0,4.3125,4.25,4.25,1.311239,6400
4167,1989-10-26,0.0,4.21875,4.140625,4.140625,1.2774940000000001,14400
4168,1989-10-27,0.0,4.109375,4.03125,4.03125,1.243749,22400
4169,1989-10-30,0.0,4.0625,4.0625,4.0625,1.25339,20000
4170,1989-10-31,0.0,4.09375,4.0625,4.09375,1.263031,26400
4171,1989-11-01,0.0,4.078125,4.0625,4.078125,1.258211,12800
4172,1989-11-02,0.0,4.0625,4.0625,4.0625,1.25339,1600
4173,1989-11-03,0.0,4.0625,4.0625,4.0625,1.25339,23200
4174,1989-11-06,0.0,4.0625,4.0625,4.0625,1.25339,30400
4175,1989-11-07,0.0,4.03125,4.03125,4.03125,1.243749,800
4176,1989-11-08,0.0,4.0,4.0,4.0,1.239874,16000
4177,1989-11-09,4.0,4.0,4.0,4.0,1.239874,0
4178,1989-11-10,0.0,4.046875,4.03125,4.03125,1.2495610000000001,2400
4179,1989-11-13,0.0,4.0,3.96875,3.96875,1.2301879999999998,7200
4180,1989-11-14,0.0,4.0,3.875,3.890625,1.205971,26400
4181,1989-11-15,0.0,3.859375,3.84375,3.84375,1.1914420000000001,4000
4182,1989-11-16,0.0,3.84375,3.84375,3.84375,1.1914420000000001,14400
4183,1989-11-17,0.0,3.875,3.8125,3.8125,1.1817549999999999,10400
4184,1989-11-20,0.0,3.8125,3.78125,3.8125,1.1817549999999999,21600
4185,1989-11-21,0.0,3.8125,3.75,3.75,1.162382,13600
4186,1989-11-22,0.0,3.75,3.71875,3.71875,1.152696,16000
4187,1989-11-24,0.0,3.71875,3.65625,3.65625,1.1333229999999999,16000
4188,1989-11-27,0.0,3.703125,3.6875,3.703125,1.147852,42400
4189,1989-11-28,0.0,3.734375,3.6875,3.734375,1.157538,300000
4190,1989-11-29,0.0,3.859375,3.75,3.859375,1.196285,12000
4191,1989-11-30,0.0,3.890625,3.859375,3.859375,1.196285,46400
4192,1989-12-01,0.0,3.90625,3.90625,3.90625,1.210815,1600
4193,1989-12-04,3.90625,3.90625,3.90625,3.90625,1.210815,0
4194,1989-12-05,0.0,3.96875,3.9375,3.96875,1.2301879999999998,4800
4195,1989-12-06,0.0,3.96875,3.96875,3.96875,1.2301879999999998,800
4196,1989-12-07,0.0,3.96875,3.9375,3.953125,1.2253450000000001,256800
4197,1989-12-08,0.0,3.953125,3.921875,3.953125,1.2253450000000001,4800
4198,1989-12-11,0.0,3.921875,3.921875,3.921875,1.215658,1600
4199,1989-12-12,3.921875,3.921875,3.921875,3.921875,1.215658,0
4200,1989-12-13,0.0,3.9375,3.9375,3.9375,1.220501,6400
4201,1989-12-14,0.0,3.9375,3.921875,3.921875,1.215658,17600
4202,1989-12-15,0.0,3.90625,3.90625,3.90625,1.210815,800
4203,1989-12-18,3.90625,3.90625,3.90625,3.90625,1.210815,0
4204,1989-12-19,0.0,3.875,3.75,3.75,1.162382,19200
4205,1989-12-20,0.0,3.78125,3.78125,3.78125,1.172068,800
4206,1989-12-21,0.0,3.8125,3.8125,3.8125,1.1817549999999999,8000
4207,1989-12-22,0.0,3.84375,3.84375,3.84375,1.1914420000000001,1600
4208,1989-12-26,0.0,3.828125,3.828125,3.828125,1.186598,2400
4209,1989-12-27,0.0,3.828125,3.796875,3.828125,1.186598,32000
4210,1989-12-28,0.0,3.828125,3.796875,3.828125,1.186598,29600
4211,1989-12-29,0.0,3.84375,3.84375,3.84375,1.1914420000000001,1600
4212,1990-01-02,0.0,3.875,3.875,3.875,1.201128,2400
4213,1990-01-03,0.0,3.875,3.84375,3.84375,1.1914420000000001,1600
4214,1990-01-04,0.0,3.859375,3.84375,3.84375,1.1914420000000001,10400
4215,1990-01-05,0.0,3.828125,3.828125,3.828125,1.186598,1600
4216,1990-01-08,3.828125,3.828125,3.828125,3.828125,1.186598,0
4217,1990-01-09,0.0,3.859375,3.84375,3.84375,1.1914420000000001,83200
4218,1990-01-10,0.0,3.84375,3.84375,3.84375,1.1914420000000001,8000
4219,1990-01-11,0.0,3.875,3.84375,3.875,1.201128,3200
4220,1990-01-12,0.0,3.84375,3.8125,3.8125,1.1817549999999999,33600
4221,1990-01-15,0.0,3.84375,3.8125,3.84375,1.1914420000000001,3200
4222,1990-01-16,0.0,3.90625,3.8125,3.84375,1.1914420000000001,172800
4223,1990-01-17,0.0,3.875,3.84375,3.84375,1.1914420000000001,41600
4224,1990-01-18,0.0,3.875,3.875,3.875,1.201128,1600
4225,1990-01-19,0.0,3.859375,3.859375,3.859375,1.196285,4000
4226,1990-01-22,0.0,3.859375,3.859375,3.859375,1.196285,800
4227,1990-01-23,0.0,3.859375,3.859375,3.859375,1.196285,3200
4228,1990-01-24,3.859375,3.859375,3.859375,3.859375,1.196285,0
4229,1990-01-25,0.0,3.859375,3.859375,3.859375,1.196285,3200
4230,1990-01-26,0.0,3.828125,3.828125,3.828125,1.186598,17600
4231,1990-01-29,3.828125,3.828125,3.828125,3.828125,1.186598,0
4232,1990-01-30,0.0,3.8125,3.8125,3.8125,1.1817549999999999,52800
4233,1990-01-31,0.0,3.796875,3.78125,3.78125,1.172068,4000
4234,1990-02-01,0.0,3.8125,3.8125,3.8125,1.1817549999999999,12000
4235,1990-02-02,3.8125,3.8125,3.8125,3.8125,1.1817549999999999,0
4236,1990-02-05,0.0,3.8125,3.78125,3.78125,1.172068,8000
4237,1990-02-06,3.78125,3.78125,3.78125,3.78125,1.172068,0
4238,1990-02-07,3.78125,3.78125,3.78125,3.78125,1.172068,0
4239,1990-02-08,0.0,3.8125,3.78125,3.8125,1.1817549999999999,72800
4240,1990-02-09,0.0,3.90625,3.84375,3.90625,1.210815,221600
4241,1990-02-12,0.0,3.90625,3.875,3.90625,1.210815,89600
4242,1990-02-13,0.0,3.875,3.875,3.875,1.201128,27200
4243,1990-02-14,0.0,3.90625,3.875,3.875,1.201128,15200
4244,1990-02-15,0.0,3.859375,3.8125,3.8125,1.188657,84800
4245,1990-02-16,0.0,3.8125,3.78125,3.78125,1.178914,40800
4246,1990-02-20,0.0,3.75,3.75,3.75,1.16917,1600
4247,1990-02-21,3.75,3.75,3.75,3.75,1.16917,0
4248,1990-02-22,0.0,3.734375,3.734375,3.734375,1.164299,3200
4249,1990-02-23,0.0,3.71875,3.703125,3.703125,1.154556,7200
4250,1990-02-26,0.0,3.75,3.71875,3.75,1.16917,29600
4251,1990-02-27,0.0,3.78125,3.78125,3.78125,1.178914,16000
4252,1990-02-28,0.0,3.78125,3.765625,3.765625,1.174042,2400
4253,1990-03-01,0.0,3.78125,3.765625,3.78125,1.178914,42400
4254,1990-03-02,0.0,3.78125,3.75,3.78125,1.178914,3200
4255,1990-03-05,0.0,3.796875,3.78125,3.78125,1.178914,23200
4256,1990-03-06,0.0,3.8125,3.78125,3.8125,1.188657,22400
4257,1990-03-07,0.0,3.8125,3.8125,3.8125,1.188657,3200
4258,1990-03-08,3.8125,3.8125,3.8125,3.8125,1.188657,0
4259,1990-03-09,0.0,3.8125,3.8125,3.8125,1.188657,800
4260,1990-03-12,0.0,3.8125,3.796875,3.8125,1.188657,24000
4261,1990-03-13,0.0,3.8125,3.8125,3.8125,1.188657,3200
4262,1990-03-14,0.0,3.828125,3.828125,3.828125,1.1935280000000001,60000
4263,1990-03-15,0.0,3.875,3.828125,3.84375,1.198401,24800
4264,1990-03-16,3.84375,3.84375,3.84375,3.84375,1.198401,0
4265,1990-03-19,0.0,3.84375,3.84375,3.84375,1.198401,3200
4266,1990-03-20,0.0,3.84375,3.828125,3.828125,1.1935280000000001,5600
4267,1990-03-21,0.0,3.828125,3.8125,3.828125,1.1935280000000001,185600
4268,1990-03-22,0.0,3.8125,3.796875,3.796875,1.183786,35200
4269,1990-03-23,0.0,3.828125,3.796875,3.796875,1.183786,2400
4270,1990-03-26,0.0,3.8125,3.8125,3.8125,1.188657,4800
4271,1990-03-27,0.0,3.84375,3.84375,3.84375,1.198401,800
4272,1990-03-28,3.84375,3.84375,3.84375,3.84375,1.198401,0
4273,1990-03-29,0.0,3.875,3.84375,3.84375,1.198401,2400
4274,1990-03-30,0.0,3.90625,3.8125,3.890625,1.213014,13600
4275,1990-04-02,0.0,3.9375,3.90625,3.9375,1.22763,4800
4276,1990-04-03,0.0,4.0,3.96875,4.0,1.247115,4000
4277,1990-04-04,0.0,4.0,3.96875,3.96875,1.237372,185600
4278,1990-04-05,0.0,3.96875,3.96875,3.96875,1.237372,800
4279,1990-04-06,0.0,3.96875,3.9375,3.9375,1.22763,3200
4280,1990-04-09,0.0,3.96875,3.96875,3.96875,1.237372,800
4281,1990-04-10,3.96875,3.96875,3.96875,3.96875,1.237372,0
4282,1990-04-11,0.0,3.96875,3.96875,3.96875,1.237372,6400
4283,1990-04-12,0.0,3.984375,3.984375,3.984375,1.2422440000000001,3200
4284,1990-04-16,0.0,4.0,4.0,4.0,1.247115,1600
4285,1990-04-17,0.0,4.0,4.0,4.0,1.247115,4800
4286,1990-04-18,0.0,4.125,4.03125,4.125,1.286088,13600
4287,1990-04-19,0.0,4.40625,4.15625,4.40625,1.373776,32000
4288,1990-04-20,0.0,4.375,4.34375,4.34375,1.35429,11200
4289,1990-04-23,0.0,4.34375,4.3125,4.3125,1.344547,7200
4290,1990-04-24,4.3125,4.3125,4.3125,4.3125,1.344547,0
4291,1990-04-25,4.3125,4.3125,4.3125,4.3125,1.344547,0
4292,1990-04-26,4.3125,4.3125,4.3125,4.3125,1.344547,0
4293,1990-04-27,0.0,4.28125,4.28125,4.28125,1.334803,800
4294,1990-04-30,4.28125,4.28125,4.28125,4.28125,1.334803,0
4295,1990-05-01,0.0,4.296875,4.296875,4.296875,1.339675,224000
4296,1990-05-02,4.296875,4.296875,4.296875,4.296875,1.339675,0
4297,1990-05-03,4.296875,4.296875,4.296875,4.296875,1.339675,0
4298,1990-05-04,0.0,4.328125,4.296875,4.296875,1.339675,4000
4299,1990-05-07,4.296875,4.296875,4.296875,4.296875,1.339675,0
4300,1990-05-08,0.0,4.296875,4.296875,4.296875,1.339675,3200
4301,1990-05-09,0.0,4.34375,4.3125,4.34375,1.35429,3200
4302,1990-05-10,0.0,4.390625,4.328125,4.390625,1.3689040000000001,6400
4303,1990-05-11,0.0,4.4375,4.390625,4.4375,1.3906450000000001,16000
4304,1990-05-14,0.0,4.4375,4.40625,4.4375,1.3906450000000001,4000
4305,1990-05-15,0.0,4.4375,4.4375,4.4375,1.3906450000000001,3200
4306,1990-05-16,0.0,4.46875,4.4375,4.46875,1.4004379999999998,6400
4307,1990-05-17,4.46875,4.46875,4.46875,4.46875,1.4004379999999998,0
4308,1990-05-18,0.0,4.5,4.46875,4.5,1.410232,14400
4309,1990-05-21,0.0,4.46875,4.46875,4.46875,1.4004379999999998,10400
4310,1990-05-22,0.0,4.46875,4.46875,4.46875,1.4004379999999998,21600
4311,1990-05-23,0.0,4.5,4.46875,4.46875,1.4004379999999998,16000
4312,1990-05-24,0.0,4.453125,4.453125,4.453125,1.395542,3200
4313,1990-05-25,0.0,4.421875,4.421875,4.421875,1.385749,24000
4314,1990-05-29,0.0,4.453125,4.40625,4.453125,1.395542,18400
4315,1990-05-30,0.0,4.5,4.46875,4.5,1.410232,4800
4316,1990-05-31,0.0,4.5,4.46875,4.5,1.410232,4800
4317,1990-06-01,0.0,4.5,4.46875,4.5,1.410232,3200
4318,1990-06-04,0.0,4.59375,4.46875,4.59375,1.439611,20800
4319,1990-06-05,0.0,4.71875,4.625,4.71875,1.478784,13600
4320,1990-06-06,0.0,4.6875,4.6875,4.6875,1.468991,2400
4321,1990-06-07,0.0,4.671875,4.671875,4.671875,1.464094,800
4322,1990-06-08,0.0,4.734375,4.703125,4.734375,1.483682,6400
4323,1990-06-11,0.0,4.734375,4.734375,4.734375,1.483682,4800
4324,1990-06-12,0.0,4.765625,4.734375,4.734375,1.483682,9600
4325,1990-06-13,0.0,4.78125,4.734375,4.78125,1.498371,5600
4326,1990-06-14,0.0,4.8125,4.75,4.8125,1.5081639999999998,6400
4327,1990-06-15,0.0,4.859375,4.828125,4.828125,1.513061,4800
4328,1990-06-18,0.0,4.875,4.8125,4.84375,1.517958,14400
4329,1990-06-19,0.0,4.8125,4.75,4.75,1.488578,9600
4330,1990-06-20,0.0,4.75,4.734375,4.734375,1.483682,4800
4331,1990-06-21,0.0,4.796875,4.734375,4.796875,1.503268,6400
4332,1990-06-22,0.0,4.796875,4.765625,4.765625,1.493475,44000
4333,1990-06-25,0.0,4.859375,4.796875,4.859375,1.5228549999999998,12000
4334,1990-06-26,0.0,4.90625,4.859375,4.90625,1.5375450000000002,12000
4335,1990-06-27,0.0,4.9375,4.875,4.875,1.52775,8000
4336,1990-06-28,0.0,5.0,4.90625,5.0,1.566925,12000
4337,1990-06-29,0.0,5.0625,5.03125,5.0625,1.586511,4800
4338,1990-07-02,0.0,5.109375,5.03125,5.03125,1.576717,14400
4339,1990-07-03,0.0,5.0625,5.0,5.0625,1.586511,5600
4340,1990-07-05,0.0,5.09375,5.078125,5.09375,1.5963040000000002,3200
4341,1990-07-06,0.0,5.125,5.125,5.125,1.6060969999999999,4000
4342,1990-07-09,0.0,5.203125,5.125,5.203125,1.63058,6400
4343,1990-07-10,0.0,5.1875,5.0625,5.09375,1.5963040000000002,20000
4344,1990-07-11,0.0,5.28125,5.125,5.28125,1.6550639999999999,15200
4345,1990-07-12,0.0,5.3125,5.25,5.25,1.64527,8000
4346,1990-07-13,0.0,5.28125,5.1875,5.203125,1.63058,28000
4347,1990-07-16,0.0,5.3125,5.21875,5.3125,1.664857,15200
4348,1990-07-17,0.0,5.34375,5.21875,5.25,1.64527,15200
4349,1990-07-18,0.0,5.671875,5.28125,5.59375,1.752996,116800
4350,1990-07-19,0.0,5.71875,5.59375,5.6875,1.7823759999999997,105600
4351,1990-07-20,0.0,5.671875,5.546875,5.546875,1.7383060000000001,49600
4352,1990-07-23,0.0,5.546875,5.4375,5.46875,1.7138229999999999,70400
4353,1990-07-24,0.0,5.5,5.375,5.5,1.723616,32000
4354,1990-07-25,0.0,5.59375,5.5,5.59375,1.752996,8000
4355,1990-07-26,0.0,5.65625,5.59375,5.625,1.76279,9600
4356,1990-07-27,0.0,5.625,5.59375,5.625,1.76279,7200
4357,1990-07-30,0.0,5.625,5.5625,5.625,1.76279,12800
4358,1990-07-31,0.0,5.671875,5.625,5.671875,1.77748,25600
4359,1990-08-01,0.0,5.75,5.65625,5.6875,1.7823759999999997,15200
4360,1990-08-02,0.0,5.65625,5.625,5.625,1.76279,13600
4361,1990-08-03,0.0,5.59375,5.375,5.484375,1.718721,56800
4362,1990-08-06,0.0,5.453125,5.296875,5.296875,1.6599599999999999,21600
4363,1990-08-07,0.0,5.171875,5.125,5.140625,1.610994,24000
4364,1990-08-08,0.0,5.171875,5.109375,5.109375,1.6012,7200
4365,1990-08-09,0.0,5.078125,5.046875,5.078125,1.591407,5600
4366,1990-08-10,0.0,5.078125,4.9375,4.9375,1.5473379999999999,16000
4367,1990-08-13,0.0,4.890625,4.875,4.875,1.52775,40000
4368,1990-08-14,0.0,4.9375,4.875,4.9375,1.5473379999999999,4800
4369,1990-08-15,0.0,5.03125,4.96875,5.03125,1.576717,8000
4370,1990-08-16,0.0,5.0,4.96875,5.0,1.566925,4800
4371,1990-08-17,5.0,5.0,5.0,5.0,1.574008,0
4372,1990-08-20,0.0,5.0,5.0,5.0,1.574008,8800
4373,1990-08-21,0.0,4.96875,4.90625,4.90625,1.5444950000000002,7200
4374,1990-08-22,0.0,4.90625,4.875,4.90625,1.5444950000000002,2400
4375,1990-08-23,0.0,4.84375,4.71875,4.71875,1.4854690000000002,12800
4376,1990-08-24,0.0,4.6875,4.6875,4.6875,1.475631,13600
4377,1990-08-27,0.0,4.6875,4.65625,4.6875,1.475631,1600
4378,1990-08-28,0.0,4.71875,4.71875,4.71875,1.4854690000000002,1600
4379,1990-08-29,0.0,4.90625,4.6875,4.75,1.495307,41600
4380,1990-08-30,0.0,4.96875,4.9375,4.96875,1.56417,4000
4381,1990-08-31,0.0,5.03125,5.0,5.03125,1.5838450000000002,3200
4382,1990-09-04,0.0,5.03125,4.96875,5.0,1.574008,12000
4383,1990-09-05,0.0,5.0,5.0,5.0,1.574008,800
4384,1990-09-06,0.0,5.0,5.0,5.0,1.574008,800
4385,1990-09-07,0.0,5.0,4.90625,4.9375,1.554333,370400
4386,1990-09-10,0.0,5.0,4.96875,5.0,1.574008,2400
4387,1990-09-11,0.0,5.1875,5.03125,5.1875,1.633033,16800
4388,1990-09-12,0.0,5.25,5.21875,5.25,1.652707,7200
4389,1990-09-13,0.0,5.28125,5.25,5.28125,1.6625459999999999,4800
4390,1990-09-14,0.0,5.25,5.1875,5.1875,1.633033,8000
4391,1990-09-17,0.0,5.28125,5.25,5.25,1.652707,35200
4392,1990-09-18,0.0,5.25,5.21875,5.25,1.652707,12800
4393,1990-09-19,0.0,5.28125,5.203125,5.25,1.652707,102400
4394,1990-09-20,0.0,5.21875,5.125,5.125,1.613357,10400
4395,1990-09-21,0.0,5.09375,5.046875,5.046875,1.5887639999999998,6400
4396,1990-09-24,0.0,5.015625,4.96875,4.96875,1.56417,7200
4397,1990-09-25,0.0,4.96875,4.90625,4.90625,1.5444950000000002,8000
4398,1990-09-26,4.90625,4.90625,4.90625,4.90625,1.5444950000000002,0
4399,1990-09-27,0.0,4.9375,4.8125,4.8125,1.514981,18400
4400,1990-09-28,0.0,4.984375,4.8125,4.984375,1.5690879999999998,104000
4401,1990-10-01,0.0,5.046875,4.90625,5.046875,1.5887639999999998,24800
4402,1990-10-02,0.0,5.125,5.03125,5.0625,1.593683,16000
4403,1990-10-03,0.0,5.09375,5.0,5.0,1.574008,8000
4404,1990-10-04,5.0,5.0,5.0,5.0,1.574008,0
4405,1990-10-05,0.0,4.96875,4.96875,4.96875,1.56417,3200
4406,1990-10-08,0.0,5.0625,4.96875,5.0625,1.593683,8800
4407,1990-10-09,0.0,5.0625,5.0,5.0,1.574008,5600
4408,1990-10-10,0.0,5.03125,5.0,5.03125,1.5838450000000002,6400
4409,1990-10-11,0.0,5.0625,5.015625,5.046875,1.5887639999999998,47200
4410,1990-10-12,0.0,5.125,5.0625,5.125,1.613357,25600
4411,1990-10-15,0.0,5.15625,5.15625,5.15625,1.6231950000000002,2400
4412,1990-10-16,0.0,5.1875,5.140625,5.140625,1.618276,12000
4413,1990-10-17,0.0,5.109375,4.8125,4.828125,1.5199,60800
4414,1990-10-18,0.0,4.8125,4.78125,4.78125,1.505144,7200
4415,1990-10-19,0.0,4.8125,4.75,4.75,1.495307,10400
4416,1990-10-22,0.0,4.71875,4.65625,4.65625,1.4657930000000001,9600
4417,1990-10-23,4.65625,4.65625,4.65625,4.65625,1.4657930000000001,0
4418,1990-10-24,0.0,4.6875,4.59375,4.6875,1.475631,86400
4419,1990-10-25,0.0,4.71875,4.6875,4.71875,1.4854690000000002,7200
4420,1990-10-26,0.0,4.71875,4.71875,4.71875,1.4854690000000002,800
4421,1990-10-29,0.0,4.71875,4.6875,4.71875,1.4854690000000002,2400
4422,1990-10-30,0.0,4.6875,4.65625,4.6875,1.475631,7200
4423,1990-10-31,0.0,4.71875,4.6875,4.71875,1.4854690000000002,2400
4424,1990-11-01,0.0,4.75,4.75,4.75,1.495307,800
4425,1990-11-02,0.0,4.78125,4.78125,4.78125,1.505144,2400
4426,1990-11-05,4.78125,4.78125,4.78125,4.78125,1.505144,0
4427,1990-11-06,0.0,4.78125,4.75,4.78125,1.505144,2400
4428,1990-11-07,4.78125,4.78125,4.78125,4.78125,1.505144,0
4429,1990-11-08,0.0,4.78125,4.765625,4.78125,1.512261,1600
4430,1990-11-09,0.0,4.765625,4.765625,4.765625,1.507319,1600
4431,1990-11-12,0.0,4.8125,4.75,4.8125,1.522144,4000
4432,1990-11-13,0.0,4.875,4.8125,4.84375,1.53203,8000
4433,1990-11-14,0.0,4.90625,4.875,4.90625,1.5517969999999999,2400
4434,1990-11-15,0.0,5.0,4.9375,4.96875,1.5715649999999999,5600
4435,1990-11-16,0.0,5.0,4.9375,4.96875,1.5715649999999999,5600
4436,1990-11-19,0.0,5.0,4.96875,4.96875,1.5715649999999999,6400
4437,1990-11-20,0.0,4.984375,4.984375,4.984375,1.5765069999999999,800
4438,1990-11-21,0.0,4.984375,4.953125,4.984375,1.5765069999999999,1600
4439,1990-11-23,4.984375,4.984375,4.984375,4.984375,1.5765069999999999,0
4440,1990-11-26,0.0,4.984375,4.953125,4.96875,1.5715649999999999,46400
4441,1990-11-27,0.0,4.984375,4.953125,4.953125,1.5666229999999999,13600
4442,1990-11-28,0.0,4.953125,4.953125,4.953125,1.5666229999999999,3200
4443,1990-11-29,0.0,4.984375,4.921875,4.921875,1.5567389999999999,5600
4444,1990-11-30,0.0,5.015625,4.953125,5.015625,1.586392,16800
4445,1990-12-03,0.0,5.046875,5.015625,5.046875,1.596276,67200
4446,1990-12-04,5.046875,5.046875,5.046875,5.046875,1.596276,0
4447,1990-12-05,0.0,5.046875,5.0,5.046875,1.596276,5600
4448,1990-12-06,0.0,5.125,5.078125,5.09375,1.6111010000000001,145600
4449,1990-12-07,0.0,5.109375,5.109375,5.109375,1.6160430000000001,800
4450,1990-12-10,0.0,5.125,5.09375,5.125,1.6209850000000001,3200
4451,1990-12-11,0.0,5.140625,5.03125,5.09375,1.6111010000000001,20000
4452,1990-12-12,0.0,5.1875,5.125,5.1875,1.640754,8000
4453,1990-12-13,0.0,5.21875,5.09375,5.09375,1.6111010000000001,33600
4454,1990-12-14,0.0,5.078125,5.0625,5.078125,1.60616,2400
4455,1990-12-17,0.0,5.0625,5.046875,5.0625,1.601218,9600
4456,1990-12-18,0.0,5.078125,5.078125,5.078125,1.60616,800
4457,1990-12-19,0.0,5.09375,5.0625,5.09375,1.6111010000000001,9600
4458,1990-12-20,0.0,5.09375,5.078125,5.078125,1.60616,8800
4459,1990-12-21,0.0,5.046875,5.015625,5.046875,1.596276,14400
4460,1990-12-24,0.0,5.015625,5.0,5.0,1.58145,4000
4461,1990-12-26,0.0,5.03125,5.03125,5.03125,1.5913329999999999,800
4462,1990-12-27,0.0,5.0625,5.0,5.0625,1.601218,12800
4463,1990-12-28,0.0,5.03125,5.0,5.03125,1.5913329999999999,31200
4464,1990-12-31,0.0,5.078125,5.0625,5.078125,1.60616,4000
4465,1991-01-02,0.0,5.1875,5.078125,5.171875,1.6358110000000001,8000
4466,1991-01-03,0.0,5.140625,5.109375,5.140625,1.6259270000000001,6400
4467,1991-01-04,0.0,5.3125,5.15625,5.3125,1.68029,10400
4468,1991-01-07,0.0,5.34375,5.234375,5.296875,1.675348,8000
4469,1991-01-08,0.0,5.3125,5.265625,5.3125,1.68029,5600
4470,1991-01-09,0.0,5.453125,5.28125,5.28125,1.670407,27200
4471,1991-01-10,0.0,5.296875,5.234375,5.28125,1.670407,14400
4472,1991-01-11,0.0,5.28125,5.28125,5.28125,1.670407,1600
4473,1991-01-14,0.0,5.25,5.203125,5.203125,1.6456959999999998,3200
4474,1991-01-15,0.0,5.1875,5.1875,5.1875,1.640754,4800
4475,1991-01-16,0.0,5.234375,5.15625,5.234375,1.6555810000000002,9600
4476,1991-01-17,0.0,5.359375,5.234375,5.359375,1.695116,32800
4477,1991-01-18,0.0,5.484375,5.390625,5.484375,1.7346529999999998,8000
4478,1991-01-21,0.0,5.5,5.4375,5.5,1.7395939999999999,16000
4479,1991-01-22,0.0,5.46875,5.4375,5.4375,1.7198259999999999,8000
4480,1991-01-23,0.0,5.4375,5.40625,5.4375,1.7198259999999999,30400
4481,1991-01-24,0.0,5.59375,5.46875,5.5625,1.759363,17600
4482,1991-01-25,0.0,5.5625,5.46875,5.5625,1.759363,24000
4483,1991-01-28,0.0,5.578125,5.453125,5.53125,1.7494779999999999,16000
4484,1991-01-29,0.0,5.609375,5.5,5.609375,1.774188,28000
4485,1991-01-30,0.0,5.84375,5.578125,5.84375,1.8483189999999998,32000
4486,1991-01-31,0.0,5.84375,5.71875,5.75,1.8186669999999998,35200
4487,1991-02-01,0.0,5.78125,5.6875,5.75,1.8186669999999998,44000
4488,1991-02-04,0.0,5.78125,5.71875,5.75,1.8186669999999998,6400
4489,1991-02-05,0.0,5.8125,5.75,5.78125,1.8285509999999998,6400
4490,1991-02-06,0.0,5.9375,5.8125,5.875,1.8582020000000001,28800
4491,1991-02-07,0.0,5.96875,5.90625,5.921875,1.873029,10400
4492,1991-02-08,0.0,5.890625,5.875,5.875,1.8582020000000001,2400
4493,1991-02-11,0.0,5.984375,5.921875,5.96875,1.8878560000000002,6400
4494,1991-02-12,0.0,6.0,5.96875,6.0,1.906523,7200
4495,1991-02-13,0.0,6.171875,6.0,6.171875,1.961138,20000
4496,1991-02-14,0.0,6.46875,6.34375,6.4375,2.0455389999999998,122400
4497,1991-02-15,0.0,6.5,6.40625,6.40625,2.0356099999999997,28000
4498,1991-02-19,0.0,6.4375,6.34375,6.40625,2.0356099999999997,31200
4499,1991-02-20,0.0,6.421875,6.25,6.28125,1.995891,24800
4500,1991-02-21,0.0,6.46875,6.375,6.4375,2.0455389999999998,33600
4501,1991-02-22,0.0,6.484375,6.421875,6.421875,2.040575,10400
4502,1991-02-25,0.0,6.375,6.28125,6.28125,1.995891,19200
4503,1991-02-26,0.0,6.28125,6.21875,6.25,1.985961,12800
4504,1991-02-27,0.0,6.375,6.28125,6.375,2.0256819999999998,16800
4505,1991-02-28,0.0,6.40625,6.359375,6.40625,2.0356099999999997,8000
4506,1991-03-01,0.0,6.40625,6.375,6.40625,2.0356099999999997,8000
4507,1991-03-04,0.0,6.40625,6.28125,6.296875,2.000857,60000
4508,1991-03-05,0.0,6.296875,6.234375,6.234375,1.980998,9600
4509,1991-03-06,0.0,6.296875,6.21875,6.25,1.985961,16000
4510,1991-03-07,6.25,6.25,6.25,6.25,1.985961,0
4511,1991-03-08,0.0,6.28125,6.265625,6.265625,1.9909270000000001,4800
4512,1991-03-11,0.0,6.296875,6.1875,6.1875,1.966102,8000
4513,1991-03-12,0.0,6.234375,6.203125,6.203125,1.971066,5600
4514,1991-03-13,6.203125,6.203125,6.203125,6.203125,1.971066,0
4515,1991-03-14,6.203125,6.203125,6.203125,6.203125,1.971066,0
4516,1991-03-15,0.0,6.21875,6.21875,6.21875,1.976032,800
4517,1991-03-18,0.0,6.1875,6.1875,6.1875,1.966102,1600
4518,1991-03-19,0.0,6.21875,6.15625,6.15625,1.956172,8800
4519,1991-03-20,0.0,6.125,6.125,6.125,1.946243,3200
4520,1991-03-21,0.0,6.15625,6.125,6.125,1.946243,8000
4521,1991-03-22,0.0,6.125,6.125,6.125,1.946243,800
4522,1991-03-25,0.0,6.125,6.09375,6.09375,1.9363139999999999,4800
4523,1991-03-26,0.0,6.15625,6.0625,6.140625,1.951207,19200
4524,1991-03-27,0.0,6.28125,6.1875,6.25,1.985961,24000
4525,1991-03-28,0.0,6.25,6.21875,6.234375,1.980998,21600
4526,1991-04-01,0.0,6.234375,6.203125,6.234375,1.980998,9600
4527,1991-04-02,0.0,6.25,6.25,6.25,1.985961,11200
4528,1991-04-03,0.0,6.21875,6.203125,6.203125,1.971066,11200
4529,1991-04-04,0.0,6.1875,6.09375,6.109375,1.9412770000000001,14400
4530,1991-04-05,0.0,6.1875,6.125,6.1875,1.966102,41600
4531,1991-04-08,0.0,6.234375,6.203125,6.234375,1.980998,14400
4532,1991-04-09,0.0,6.21875,6.15625,6.15625,1.956172,34400
4533,1991-04-10,0.0,6.25,6.1875,6.203125,1.971066,48000
4534,1991-04-11,0.0,6.40625,6.265625,6.40625,2.0356099999999997,23200
4535,1991-04-12,0.0,6.5,6.4375,6.5,2.0654,5600
4536,1991-04-15,0.0,6.5625,6.5,6.5625,2.08526,26400
4537,1991-04-16,0.0,6.78125,6.5625,6.75,2.144839,28800
4538,1991-04-17,0.0,6.875,6.71875,6.84375,2.174628,12000
4539,1991-04-18,0.0,6.8125,6.765625,6.78125,2.154769,31200
4540,1991-04-19,0.0,6.828125,6.71875,6.75,2.144839,53600
4541,1991-04-22,0.0,6.71875,6.59375,6.625,2.1051189999999997,27200
4542,1991-04-23,0.0,6.625,6.625,6.625,2.1051189999999997,17600
4543,1991-04-24,0.0,6.625,6.59375,6.625,2.1051189999999997,12000
4544,1991-04-25,0.0,6.59375,6.5625,6.5625,2.08526,9600
4545,1991-04-26,0.0,6.625,6.5625,6.5625,2.08526,14400
4546,1991-04-29,6.5625,6.5625,6.5625,6.5625,2.08526,0
4547,1991-04-30,0.0,6.609375,6.578125,6.578125,2.090225,5600
4548,1991-05-01,0.0,6.609375,6.5625,6.609375,2.100155,4800
4549,1991-05-02,0.0,6.65625,6.59375,6.59375,2.09519,52000
4550,1991-05-03,0.0,6.59375,6.59375,6.59375,2.09519,4800
4551,1991-05-06,0.0,6.625,6.625,6.625,2.1051189999999997,1600
4552,1991-05-07,0.0,6.625,6.625,6.625,2.1138939999999997,1600
4553,1991-05-08,0.0,6.65625,6.65625,6.65625,2.1238639999999998,1600
4554,1991-05-09,0.0,6.6875,6.640625,6.6875,2.1338369999999998,3200
4555,1991-05-10,0.0,6.71875,6.6875,6.6875,2.1338369999999998,3200
4556,1991-05-13,0.0,6.65625,6.65625,6.65625,2.1238639999999998,800
4557,1991-05-14,0.0,6.65625,6.65625,6.65625,2.1238639999999998,1600
4558,1991-05-15,0.0,6.625,6.625,6.625,2.1138939999999997,12000
4559,1991-05-16,0.0,6.78125,6.65625,6.78125,2.163751,16000
4560,1991-05-17,0.0,6.765625,6.734375,6.765625,2.1587650000000003,102400
4561,1991-05-20,0.0,6.78125,6.734375,6.734375,2.1487939999999996,4800
4562,1991-05-21,0.0,6.78125,6.75,6.765625,2.1587650000000003,6400
4563,1991-05-22,0.0,6.78125,6.78125,6.78125,2.163751,1600
4564,1991-05-23,0.0,6.765625,6.765625,6.765625,2.1587650000000003,1600
4565,1991-05-24,6.765625,6.765625,6.765625,6.765625,2.1587650000000003,0
4566,1991-05-28,0.0,6.765625,6.75,6.765625,2.1587650000000003,4800
4567,1991-05-29,6.765625,6.765625,6.765625,6.765625,2.1587650000000003,0
4568,1991-05-30,0.0,6.8125,6.75,6.8125,2.173721,5600
4569,1991-05-31,0.0,6.84375,6.8125,6.84375,2.1836919999999997,4000
4570,1991-06-03,0.0,6.8125,6.796875,6.8125,2.173721,5600
4571,1991-06-04,0.0,6.875,6.84375,6.875,2.193663,6400
4572,1991-06-05,0.0,6.96875,6.90625,6.96875,2.223577,12000
4573,1991-06-06,0.0,7.046875,7.0,7.0,2.233549,15200
4574,1991-06-07,0.0,7.046875,7.0,7.0,2.233549,6400
4575,1991-06-10,0.0,7.09375,7.0625,7.0625,2.25349,8800
4576,1991-06-11,0.0,7.09375,7.09375,7.09375,2.263462,1600
4577,1991-06-12,0.0,7.1875,7.125,7.1875,2.293375,16000
4578,1991-06-13,0.0,7.25,7.21875,7.25,2.3133169999999996,16800
4579,1991-06-14,0.0,7.40625,7.28125,7.40625,2.3631740000000003,16800
4580,1991-06-17,0.0,7.46875,7.390625,7.46875,2.383117,8000
4581,1991-06-18,0.0,7.53125,7.46875,7.46875,2.383117,9600
4582,1991-06-19,0.0,7.4375,7.4375,7.4375,2.373145,1600
4583,1991-06-20,0.0,7.4375,7.40625,7.4375,2.373145,20800
4584,1991-06-21,0.0,7.40625,7.375,7.375,2.3532029999999997,6400
4585,1991-06-24,0.0,7.359375,7.359375,7.359375,2.348217,800
4586,1991-06-25,0.0,7.28125,7.21875,7.21875,2.303347,20800
4587,1991-06-26,0.0,7.1875,7.15625,7.1875,2.293375,16800
4588,1991-06-27,0.0,7.1875,7.1875,7.1875,2.293375,8800
4589,1991-06-28,0.0,7.15625,7.15625,7.15625,2.283405,1600
4590,1991-07-01,0.0,7.1875,7.15625,7.15625,2.283405,4800
4591,1991-07-02,0.0,7.15625,7.15625,7.15625,2.283405,800
4592,1991-07-03,7.15625,7.15625,7.15625,7.15625,2.283405,0
4593,1991-07-05,0.0,7.1875,7.1875,7.1875,2.293375,24000
4594,1991-07-08,0.0,7.1875,7.1875,7.1875,2.293375,800
4595,1991-07-09,0.0,7.171875,7.171875,7.171875,2.28839,169600
4596,1991-07-10,7.171875,7.171875,7.171875,7.171875,2.28839,0
4597,1991-07-11,7.171875,7.171875,7.171875,7.171875,2.28839,0
4598,1991-07-12,0.0,7.15625,7.15625,7.15625,2.283405,1600
4599,1991-07-15,0.0,7.15625,7.09375,7.09375,2.263462,8000
4600,1991-07-16,0.0,7.078125,7.046875,7.078125,2.258476,6400
4601,1991-07-17,7.078125,7.078125,7.078125,7.078125,2.258476,0
4602,1991-07-18,0.0,7.046875,6.90625,6.984375,2.2285619999999997,43200
4603,1991-07-19,0.0,6.96875,6.84375,6.84375,2.1836919999999997,13600
4604,1991-07-22,0.0,6.84375,6.6875,6.6875,2.1338369999999998,16000
4605,1991-07-23,0.0,6.65625,6.59375,6.59375,2.103923,8800
4606,1991-07-24,0.0,6.5625,6.46875,6.484375,2.069024,7200
4607,1991-07-25,0.0,6.453125,6.28125,6.28125,2.004211,26400
4608,1991-07-26,0.0,6.25,6.21875,6.21875,1.984268,4000
4609,1991-07-29,0.0,6.375,6.25,6.375,2.034125,16000
4610,1991-07-30,0.0,6.46875,6.40625,6.46875,2.064038,6400
4611,1991-07-31,0.0,6.609375,6.5,6.609375,2.108908,14400
4612,1991-08-01,0.0,6.625,6.578125,6.625,2.1138939999999997,15200
4613,1991-08-02,0.0,6.65625,6.59375,6.59375,2.103923,5600
4614,1991-08-05,0.0,6.5625,6.53125,6.53125,2.08398,4000
4615,1991-08-06,0.0,6.5625,6.5625,6.5625,2.093953,1600
4616,1991-08-07,0.0,6.59375,6.5625,6.5625,2.102763,138400
4617,1991-08-08,0.0,6.53125,6.53125,6.53125,2.092749,800
4618,1991-08-09,6.53125,6.53125,6.53125,6.53125,2.092749,0
4619,1991-08-12,0.0,6.53125,6.53125,6.53125,2.092749,1600
4620,1991-08-13,0.0,6.53125,6.53125,6.53125,2.092749,800
4621,1991-08-14,0.0,6.59375,6.5625,6.59375,2.1127759999999998,7200
4622,1991-08-15,0.0,6.625,6.59375,6.625,2.122789,6400
4623,1991-08-16,0.0,6.625,6.578125,6.578125,2.10777,3200
4624,1991-08-19,0.0,6.59375,6.53125,6.53125,2.092749,3200
4625,1991-08-20,0.0,6.53125,6.53125,6.53125,2.092749,1600
4626,1991-08-21,0.0,6.625,6.5625,6.625,2.122789,31200
4627,1991-08-22,0.0,6.65625,6.625,6.65625,2.132803,1600
4628,1991-08-23,0.0,6.625,6.625,6.625,2.122789,4800
4629,1991-08-26,0.0,6.625,6.625,6.625,2.122789,12800
4630,1991-08-27,0.0,6.625,6.5625,6.5625,2.102763,7200
4631,1991-08-28,0.0,6.5625,6.5625,6.5625,2.102763,1600
4632,1991-08-29,0.0,6.53125,6.53125,6.53125,2.092749,4000
4633,1991-08-30,0.0,6.5,6.5,6.5,2.082737,1600
4634,1991-09-03,0.0,6.5,6.484375,6.484375,2.077731,9600
4635,1991-09-04,0.0,6.53125,6.5,6.53125,2.092749,7200
4636,1991-09-05,0.0,6.625,6.5625,6.625,2.122789,12000
4637,1991-09-06,0.0,6.625,6.625,6.625,2.122789,1600
4638,1991-09-09,6.625,6.625,6.625,6.625,2.122789,0
4639,1991-09-10,0.0,6.59375,6.53125,6.53125,2.092749,8800
4640,1991-09-11,0.0,6.734375,6.53125,6.734375,2.157835,21600
4641,1991-09-12,0.0,6.71875,6.703125,6.703125,2.147823,1600
4642,1991-09-13,0.0,6.734375,6.71875,6.71875,2.152828,6400
4643,1991-09-16,0.0,6.6875,6.6875,6.6875,2.142816,8000
4644,1991-09-17,0.0,6.671875,6.671875,6.671875,2.13781,4000
4645,1991-09-18,0.0,6.671875,6.671875,6.671875,2.13781,1600
4646,1991-09-19,0.0,6.71875,6.6875,6.6875,2.142816,5600
4647,1991-09-20,0.0,6.78125,6.6875,6.78125,2.1728549999999998,11200
4648,1991-09-23,0.0,6.78125,6.78125,6.78125,2.1728549999999998,8000
4649,1991-09-24,0.0,6.78125,6.75,6.75,2.162842,9600
4650,1991-09-25,6.75,6.75,6.75,6.75,2.162842,0
4651,1991-09-26,6.75,6.75,6.75,6.75,2.162842,0
4652,1991-09-27,0.0,6.78125,6.78125,6.78125,2.1728549999999998,4000
4653,1991-09-30,0.0,6.84375,6.78125,6.84375,2.192882,24800
4654,1991-10-01,6.84375,6.84375,6.84375,6.84375,2.192882,0
4655,1991-10-02,6.84375,6.84375,6.84375,6.84375,2.192882,0
4656,1991-10-03,0.0,6.78125,6.78125,6.78125,2.1728549999999998,8800
4657,1991-10-04,0.0,6.78125,6.78125,6.78125,2.1728549999999998,30400
4658,1991-10-07,0.0,6.75,6.734375,6.75,2.162842,4000
4659,1991-10-08,0.0,6.71875,6.6875,6.6875,2.142816,5600
4660,1991-10-09,0.0,6.671875,6.671875,6.671875,2.13781,800
4661,1991-10-10,0.0,6.6875,6.671875,6.6875,2.142816,19200
4662,1991-10-11,0.0,6.6875,6.6875,6.6875,2.142816,2400
4663,1991-10-14,0.0,6.6875,6.6875,6.6875,2.142816,800
4664,1991-10-15,0.0,6.71875,6.71875,6.71875,2.152828,1600
4665,1991-10-16,0.0,6.6875,6.671875,6.671875,2.13781,24000
4666,1991-10-17,0.0,6.6875,6.65625,6.65625,2.132803,37600
4667,1991-10-18,0.0,6.65625,6.65625,6.65625,2.132803,800
4668,1991-10-21,0.0,6.6875,6.65625,6.6875,2.142816,2400
4669,1991-10-22,0.0,6.6875,6.671875,6.671875,2.13781,5600
4670,1991-10-23,0.0,6.671875,6.671875,6.671875,2.13781,800
4671,1991-10-24,0.0,6.65625,6.65625,6.65625,2.132803,800
4672,1991-10-25,6.65625,6.65625,6.65625,6.65625,2.132803,0
4673,1991-10-28,6.65625,6.65625,6.65625,6.65625,2.132803,0
4674,1991-10-29,6.65625,6.65625,6.65625,6.65625,2.132803,0
4675,1991-10-30,0.0,6.71875,6.6875,6.71875,2.152828,16000
4676,1991-10-31,6.71875,6.71875,6.71875,6.71875,2.152828,0
4677,1991-11-01,0.0,6.703125,6.703125,6.703125,2.147823,4000
4678,1991-11-04,0.0,6.71875,6.71875,6.71875,2.152828,36000
4679,1991-11-05,6.71875,6.71875,6.71875,6.71875,2.152828,0
4680,1991-11-06,0.0,6.71875,6.71875,6.71875,2.152828,18400
4681,1991-11-07,0.0,6.828125,6.75,6.8125,2.182868,12800
4682,1991-11-08,0.0,6.78125,6.78125,6.78125,2.1728549999999998,800
4683,1991-11-11,6.625,6.6875,6.625,6.6875,2.142816,30400
4684,1991-11-12,6.703125,6.703125,6.65625,6.65625,2.132803,7200
4685,1991-11-13,6.59375,6.609375,6.59375,6.609375,2.1265680000000002,3200
4686,1991-11-14,6.78125,6.78125,6.75,6.765625,2.1768419999999997,26400
4687,1991-11-15,6.75,6.75,6.75,6.75,2.171815,2400
4688,1991-11-18,6.71875,6.71875,6.71875,6.71875,2.1617599999999997,1600
4689,1991-11-19,6.6875,6.6875,6.6875,6.6875,2.1517049999999998,800
4690,1991-11-20,6.6875,6.6875,6.6875,6.6875,2.1517049999999998,0
4691,1991-11-21,6.6875,6.6875,6.6875,6.6875,2.1517049999999998,0
4692,1991-11-22,6.6875,6.6875,6.625,6.625,2.131596,9600
4693,1991-11-25,6.625,6.625,6.625,6.625,2.131596,0
4694,1991-11-26,6.625,6.625,6.59375,6.59375,2.121541,56800
4695,1991-11-27,6.59375,6.59375,6.59375,6.59375,2.121541,0
4696,1991-11-29,6.5625,6.5625,6.5625,6.5625,2.111487,2400
4697,1991-12-02,6.53125,6.53125,6.53125,6.53125,2.101432,1600
4698,1991-12-03,6.5625,6.5625,6.5,6.5,2.091377,4800
4699,1991-12-04,6.46875,6.46875,6.46875,6.46875,2.081322,800
4700,1991-12-05,6.453125,6.5,6.4375,6.5,2.091377,16000
4701,1991-12-06,6.46875,6.46875,6.453125,6.453125,2.076295,4000
4702,1991-12-09,6.484375,6.515625,6.46875,6.46875,2.081322,8000
4703,1991-12-10,6.46875,6.46875,6.46875,6.46875,2.081322,0
4704,1991-12-11,6.4375,6.4375,6.359375,6.375,2.051158,15200
4705,1991-12-12,6.34375,6.375,6.25,6.25,2.010939,15200
4706,1991-12-13,6.25,6.25,6.25,6.25,2.010939,800
4707,1991-12-16,6.25,6.328125,6.25,6.328125,2.036077,9600
4708,1991-12-17,6.359375,6.375,6.359375,6.375,2.051158,5600
4709,1991-12-18,6.359375,6.359375,6.359375,6.359375,2.046132,7200
4710,1991-12-19,6.375,6.375,6.375,6.375,2.051158,13600
4711,1991-12-20,6.34375,6.34375,6.3125,6.3125,2.0310490000000003,5600
4712,1991-12-23,6.328125,6.328125,6.328125,6.328125,2.036077,1600
4713,1991-12-24,6.34375,6.359375,6.34375,6.34375,2.0411040000000003,15200
4714,1991-12-26,6.34375,6.375,6.34375,6.375,2.051158,12800
4715,1991-12-27,6.34375,6.375,6.34375,6.375,2.051158,24000
4716,1991-12-30,6.359375,6.359375,6.3125,6.34375,2.0411040000000003,16000
4717,1991-12-31,6.34375,6.5,6.3125,6.5,2.091377,100000
4718,1992-01-02,6.5,6.5625,6.5,6.5625,2.111487,9600
4719,1992-01-03,6.5625,6.5625,6.5625,6.5625,2.111487,8800
4720,1992-01-06,6.59375,6.59375,6.59375,6.59375,2.121541,11200
4721,1992-01-07,6.625,6.671875,6.625,6.671875,2.146678,8800
4722,1992-01-08,6.671875,6.671875,6.671875,6.671875,2.146678,0
4723,1992-01-09,6.71875,6.75,6.703125,6.703125,2.156733,18400
4724,1992-01-10,6.6875,6.6875,6.671875,6.6875,2.1517049999999998,10400
4725,1992-01-13,6.65625,6.65625,6.625,6.65625,2.141651,11200
4726,1992-01-14,6.625,6.625,6.625,6.625,2.131596,4000
4727,1992-01-15,6.65625,6.65625,6.65625,6.65625,2.141651,800
4728,1992-01-16,6.640625,6.640625,6.640625,6.640625,2.136622,800
4729,1992-01-17,6.671875,6.703125,6.671875,6.6875,2.1517049999999998,4800
4730,1992-01-20,6.65625,6.65625,6.65625,6.65625,2.141651,13600
4731,1992-01-21,6.625,6.625,6.625,6.625,2.131596,7200
4732,1992-01-22,6.65625,6.6875,6.65625,6.6875,2.1517049999999998,4800
4733,1992-01-23,6.65625,6.703125,6.625,6.703125,2.156733,15200
4734,1992-01-24,6.71875,6.75,6.71875,6.75,2.171815,3200
4735,1992-01-27,6.75,6.75,6.75,6.75,2.171815,5600
4736,1992-01-28,6.75,6.78125,6.75,6.765625,2.1768419999999997,28800
4737,1992-01-29,6.8125,6.84375,6.8125,6.8125,2.191925,4800
4738,1992-01-30,6.8125,6.8125,6.8125,6.8125,2.191925,800
4739,1992-01-31,6.84375,6.84375,6.84375,6.84375,2.201979,3200
4740,1992-02-03,6.8125,6.875,6.8125,6.84375,2.201979,5600
4741,1992-02-04,6.84375,6.984375,6.84375,6.953125,2.23717,17600
4742,1992-02-05,6.984375,6.984375,6.9375,6.9375,2.232143,24800
4743,1992-02-06,6.921875,6.921875,6.875,6.875,2.2120330000000004,10400
4744,1992-02-07,6.84375,6.84375,6.75,6.75,2.171815,20000
4745,1992-02-10,6.71875,6.71875,6.640625,6.671875,2.146678,13600
4746,1992-02-11,6.671875,6.671875,6.671875,6.671875,2.15678,7200
4747,1992-02-12,6.640625,6.640625,6.546875,6.546875,2.116372,14400
4748,1992-02-13,6.53125,6.53125,6.515625,6.515625,2.10627,1600
4749,1992-02-14,6.546875,6.625,6.546875,6.625,2.141627,20800
4750,1992-02-18,6.65625,6.703125,6.609375,6.609375,2.136576,15200
4751,1992-02-19,6.578125,6.578125,6.578125,6.578125,2.126475,2400
4752,1992-02-20,6.546875,6.546875,6.375,6.375,2.06081,25600
4753,1992-02-21,6.375,6.375,6.359375,6.359375,2.05576,20800
4754,1992-02-24,6.359375,6.421875,6.359375,6.421875,2.075964,23200
4755,1992-02-25,6.4375,6.4375,6.4375,6.4375,2.0810150000000003,1600
4756,1992-02-26,6.4375,6.46875,6.4375,6.46875,2.091116,3200
4757,1992-02-27,6.484375,6.484375,6.484375,6.484375,2.0961689999999997,1600
4758,1992-02-28,6.484375,6.484375,6.484375,6.484375,2.0961689999999997,800
4759,1992-03-02,6.484375,6.515625,6.484375,6.5,2.101219,22400
4760,1992-03-03,6.5,6.625,6.5,6.625,2.141627,33600
4761,1992-03-04,6.65625,6.71875,6.625,6.71875,2.171933,12800
4762,1992-03-05,6.71875,6.71875,6.71875,6.71875,2.171933,4800
4763,1992-03-06,6.75,6.796875,6.75,6.765625,2.1870849999999997,8800
4764,1992-03-09,6.75,6.78125,6.65625,6.765625,2.1870849999999997,99200
4765,1992-03-10,6.75,6.78125,6.75,6.75,2.182035,8000
4766,1992-03-11,6.78125,6.78125,6.78125,6.78125,2.192137,2400
4767,1992-03-12,6.78125,6.78125,6.75,6.78125,2.192137,6400
4768,1992-03-13,6.8125,6.859375,6.765625,6.796875,2.197189,20000
4769,1992-03-16,6.796875,6.796875,6.75,6.75,2.182035,4800
4770,1992-03-17,6.71875,6.71875,6.71875,6.71875,2.171933,1600
4771,1992-03-18,6.703125,6.703125,6.703125,6.703125,2.1668819999999998,4000
4772,1992-03-19,6.734375,6.90625,6.734375,6.90625,2.232545,30400
4773,1992-03-20,6.875,6.953125,6.875,6.9375,2.242648,13600
4774,1992-03-23,6.875,6.90625,6.875,6.90625,2.232545,11200
4775,1992-03-24,6.875,6.890625,6.84375,6.84375,2.212341,18400
4776,1992-03-25,6.84375,6.90625,6.84375,6.90625,2.232545,11200
4777,1992-03-26,6.921875,6.984375,6.921875,6.984375,2.2578009999999997,26400
4778,1992-03-27,7.0,7.1875,6.984375,7.15625,2.313361,24800
4779,1992-03-30,7.1875,7.21875,7.15625,7.1875,2.323464,30400
4780,1992-03-31,7.21875,7.34375,7.21875,7.34375,2.373973,9600
4781,1992-04-01,7.3125,7.328125,7.265625,7.328125,2.368922,12000
4782,1992-04-02,7.328125,7.375,7.296875,7.34375,2.373973,20000
4783,1992-04-03,7.3125,7.3125,7.3125,7.3125,2.363871,1600
4784,1992-04-06,7.3125,7.34375,7.28125,7.34375,2.373973,60800
4785,1992-04-07,7.34375,7.34375,7.25,7.265625,2.348719,32800
4786,1992-04-08,7.265625,7.34375,7.265625,7.34375,2.373973,12800
4787,1992-04-09,7.34375,7.375,7.328125,7.34375,2.373973,5600
4788,1992-04-10,7.375,7.40625,7.34375,7.375,2.384076,10400
4789,1992-04-13,7.40625,7.453125,7.375,7.453125,2.4093310000000003,5600
4790,1992-04-14,7.484375,7.5,7.484375,7.5,2.424485,1600
4791,1992-04-15,7.46875,7.46875,7.46875,7.46875,2.414382,2400
4792,1992-04-16,7.46875,7.5,7.46875,7.5,2.424485,16800
4793,1992-04-20,7.5625,7.625,7.53125,7.53125,2.4345849999999998,48800
4794,1992-04-21,7.5625,7.59375,7.5625,7.5625,2.444687,43200
4795,1992-04-22,7.5625,7.5625,7.5625,7.5625,2.444687,13600
4796,1992-04-23,7.609375,7.609375,7.609375,7.609375,2.4598400000000002,1600
4797,1992-04-24,7.65625,7.75,7.65625,7.75,2.5053,8000
4798,1992-04-27,7.75,7.75,7.75,7.75,2.5053,2400
4799,1992-04-28,7.75,7.75,7.75,7.75,2.5053,0
4800,1992-04-29,7.78125,7.828125,7.78125,7.828125,2.530555,3200
4801,1992-04-30,7.875,7.890625,7.875,7.890625,2.550759,3200
4802,1992-05-01,7.859375,7.875,7.859375,7.875,2.5457080000000003,4000
4803,1992-05-04,7.921875,8.0,7.921875,8.0,2.586116,10400
4804,1992-05-05,8.03125,8.234375,8.03125,8.21875,2.656829,19200
4805,1992-05-06,8.21875,8.21875,8.140625,8.21875,2.66697,20800
4806,1992-05-07,8.21875,8.296875,8.21875,8.296875,2.692323,5600
4807,1992-05-08,8.296875,8.296875,8.296875,8.296875,2.692323,3200
4808,1992-05-11,8.265625,8.265625,8.21875,8.21875,2.66697,7200
4809,1992-05-12,8.203125,8.25,8.203125,8.25,2.6771119999999997,12000
4810,1992-05-13,8.28125,8.3125,8.265625,8.3125,2.697392,7200
4811,1992-05-14,8.28125,8.28125,8.28125,8.28125,2.687252,1600
4812,1992-05-15,8.3125,8.328125,8.28125,8.28125,2.687252,5600
4813,1992-05-18,8.28125,8.28125,8.28125,8.28125,2.687252,800
4814,1992-05-19,8.328125,8.328125,8.265625,8.265625,2.682182,8800
4815,1992-05-20,8.265625,8.265625,8.265625,8.265625,2.682182,800
4816,1992-05-21,8.3125,8.359375,8.3125,8.359375,2.7126040000000002,13600
4817,1992-05-22,8.421875,8.421875,8.40625,8.40625,2.7278130000000003,10400
4818,1992-05-26,8.4375,8.4375,8.40625,8.40625,2.7278130000000003,4000
4819,1992-05-27,8.5,8.65625,8.5,8.578125,2.783587,51200
4820,1992-05-28,8.671875,9.65625,8.671875,9.5625,3.103014,87200
4821,1992-05-29,9.640625,10.0,9.640625,9.8125,3.184141,65600
4822,1992-06-01,9.8125,9.9375,9.8125,9.875,3.204421,76800
4823,1992-06-02,9.84375,9.875,9.59375,9.59375,3.113155,33600
4824,1992-06-03,9.5625,9.625,9.375,9.375,3.042173,36000
4825,1992-06-04,9.34375,9.34375,9.125,9.125,2.961048,44800
4826,1992-06-05,9.15625,9.15625,8.875,8.9375,2.900203,82400
4827,1992-06-08,8.96875,9.03125,8.96875,8.96875,2.910343,7200
4828,1992-06-09,8.9375,8.984375,8.9375,8.9375,2.900203,10400
4829,1992-06-10,8.96875,9.0,8.96875,8.96875,2.910343,3200
4830,1992-06-11,8.96875,8.96875,8.96875,8.96875,2.910343,0
4831,1992-06-12,9.0,9.015625,8.9375,8.9375,2.900203,7200
4832,1992-06-15,8.984375,8.984375,8.90625,8.9375,2.900203,14400
4833,1992-06-16,8.90625,8.90625,8.90625,8.90625,2.8900639999999997,1600
4834,1992-06-17,8.9375,8.9375,8.90625,8.90625,2.8900639999999997,10400
4835,1992-06-18,8.90625,8.9375,8.90625,8.9375,2.900203,6400
4836,1992-06-19,8.9375,8.9375,8.90625,8.90625,2.8900639999999997,11200
4837,1992-06-22,8.875,8.921875,8.875,8.90625,2.8900639999999997,12800
4838,1992-06-23,9.0,9.125,8.9375,9.125,2.961048,19200
4839,1992-06-24,9.125,9.25,9.0625,9.0625,2.9407650000000003,11800
4840,1992-06-25,8.9375,9.0,8.9375,9.0,2.920484,12200
4841,1992-06-26,9.0,9.0625,8.875,9.0,2.920484,57800
4842,1992-06-29,9.0,9.125,9.0,9.0625,2.9407650000000003,7600
4843,1992-06-30,9.125,9.125,9.0,9.125,2.961048,8400
4844,1992-07-01,9.0625,9.0625,9.0,9.0,2.920484,3000
4845,1992-07-02,9.0,9.0625,9.0,9.0,2.920484,3600
4846,1992-07-06,9.0625,9.375,9.0625,9.375,3.042173,18800
4847,1992-07-07,9.375,9.4375,9.25,9.25,3.001609,6200
4848,1992-07-08,9.1875,9.25,9.1875,9.25,3.001609,3600
4849,1992-07-09,9.25,9.4375,9.25,9.4375,3.0624540000000002,8800
4850,1992-07-10,9.4375,9.5625,9.4375,9.5625,3.103014,14400
4851,1992-07-13,9.625,9.6875,9.5625,9.625,3.123297,16800
4852,1992-07-14,9.75,9.8125,9.6875,9.75,3.1638580000000003,23000
4853,1992-07-15,9.875,9.875,9.6875,9.75,3.1638580000000003,24600
4854,1992-07-16,9.8125,9.8125,9.625,9.625,3.123297,9800
4855,1992-07-17,9.625,9.625,9.5,9.5625,3.103014,4200
4856,1992-07-20,9.5,9.5,9.4375,9.4375,3.0624540000000002,10400
4857,1992-07-21,9.4375,9.5,9.3125,9.375,3.042173,8200
4858,1992-07-22,9.3125,9.3125,9.1875,9.1875,2.981328,6200
4859,1992-07-23,9.1875,9.1875,8.875,8.875,2.879922,13200
4860,1992-07-24,8.9375,8.9375,8.625,8.625,2.798798,8200
4861,1992-07-27,8.6875,8.6875,8.125,8.1875,2.656829,22000
4862,1992-07-28,8.125,8.1875,8.125,8.1875,2.656829,4800
4863,1992-07-29,8.1875,8.1875,8.0,8.0,2.595986,4200
4864,1992-07-30,8.0,8.0625,8.0,8.0625,2.6162669999999997,1800
4865,1992-07-31,8.0625,8.0625,8.0625,8.0625,2.6162669999999997,6000
4866,1992-08-03,8.0625,8.0625,8.0,8.0,2.595986,14400
4867,1992-08-04,7.9375,8.1875,7.9375,8.125,2.636548,11800
4868,1992-08-05,8.1875,8.3125,8.1875,8.3125,2.697392,9400
4869,1992-08-06,8.3125,8.4375,8.3125,8.375,2.727847,13800
4870,1992-08-07,8.375,8.4375,8.375,8.4375,2.748204,8000
4871,1992-08-10,8.5,8.5,8.375,8.375,2.727847,2800
4872,1992-08-11,8.3125,8.375,8.25,8.25,2.687131,2000
4873,1992-08-12,8.25,8.25,8.1875,8.1875,2.666775,5400
4874,1992-08-13,8.1875,8.1875,8.1875,8.1875,2.666775,0
4875,1992-08-14,8.125,8.125,8.125,8.125,2.646417,1000
4876,1992-08-17,8.0,8.0625,8.0,8.0,2.605703,2400
4877,1992-08-18,8.125,8.125,8.125,8.125,2.646417,400
4878,1992-08-19,8.0625,8.0625,8.0625,8.0625,2.626061,800
4879,1992-08-20,8.0,8.0,8.0,8.0,2.605703,1600
4880,1992-08-21,7.9375,7.9375,7.9375,7.9375,2.585347,2400
4881,1992-08-24,7.9375,7.9375,7.75,7.75,2.524276,2400
4882,1992-08-25,7.6875,7.6875,7.375,7.4375,2.4224919999999996,5400
4883,1992-08-26,7.375,7.4375,7.25,7.25,2.3614189999999997,27400
4884,1992-08-27,7.3125,7.375,7.1875,7.3125,2.381776,4400
4885,1992-08-28,7.4375,7.5,7.4375,7.5,2.442848,9600
4886,1992-08-31,7.625,7.625,7.25,7.5,2.442848,24600
4887,1992-09-01,7.5,7.625,7.4375,7.625,2.483561,6400
4888,1992-09-02,7.625,7.625,7.625,7.625,2.483561,0
4889,1992-09-03,7.625,7.625,7.5625,7.5625,2.463205,6800
4890,1992-09-04,7.5,7.6875,7.5,7.625,2.483561,5200
4891,1992-09-08,7.5625,7.5625,7.5,7.5,2.442848,4600
4892,1992-09-09,7.4375,7.5625,7.375,7.4375,2.4224919999999996,6600
4893,1992-09-10,7.5,7.5,7.5,7.5,2.442848,1000
4894,1992-09-11,7.4375,7.5,7.375,7.375,2.402132,16200
4895,1992-09-14,7.25,7.25,7.0625,7.125,2.320705,6000
4896,1992-09-15,7.1875,7.25,7.1875,7.1875,2.341063,4000
4897,1992-09-16,7.125,7.125,7.0,7.125,2.320705,2800
4898,1992-09-17,7.0,7.25,7.0,7.25,2.3614189999999997,37200
4899,1992-09-18,7.1875,7.375,7.1875,7.375,2.402132,20200
4900,1992-09-21,7.25,7.375,7.25,7.3125,2.381776,4400
4901,1992-09-22,7.4375,7.4375,7.3125,7.3125,2.381776,5000
4902,1992-09-23,7.3125,7.3125,7.1875,7.1875,2.341063,3800
4903,1992-09-24,7.3125,7.3125,7.3125,7.3125,2.381776,1200
4904,1992-09-25,7.25,7.3125,7.25,7.3125,2.381776,4000
4905,1992-09-28,7.4375,7.4375,7.3125,7.3125,2.381776,2800
4906,1992-09-29,7.3125,7.3125,7.1875,7.1875,2.341063,1200
4907,1992-09-30,7.3125,7.625,7.3125,7.625,2.483561,15000
4908,1992-10-01,7.5,7.625,7.5,7.625,2.483561,1800
4909,1992-10-02,7.625,7.9375,7.625,7.9375,2.585347,2800
4910,1992-10-05,8.0625,8.0625,7.625,7.9375,2.585347,16400
4911,1992-10-06,8.0,8.1875,7.9375,8.1875,2.666775,5800
4912,1992-10-07,8.3125,8.375,8.1875,8.25,2.687131,7000
4913,1992-10-08,8.25,8.4375,8.25,8.3125,2.707491,17800
4914,1992-10-09,8.25,8.25,8.25,8.25,2.687131,4200
4915,1992-10-12,8.3125,8.3125,8.125,8.125,2.646417,2200
4916,1992-10-13,8.125,8.125,8.125,8.125,2.646417,600
4917,1992-10-14,8.125,8.125,7.8125,7.8125,2.544632,5000
4918,1992-10-15,7.75,7.75,7.75,7.75,2.524276,400
4919,1992-10-16,7.75,7.75,7.75,7.75,2.524276,200
4920,1992-10-19,7.75,7.75,7.75,7.75,2.524276,200
4921,1992-10-20,7.9375,8.25,7.9375,8.1875,2.666775,24800
4922,1992-10-21,8.3125,8.375,8.25,8.25,2.687131,42200
4923,1992-10-22,8.4375,8.4375,8.3125,8.375,2.727847,10200
4924,1992-10-23,8.375,8.375,8.375,8.375,2.727847,0
4925,1992-10-26,8.375,8.375,8.25,8.3125,2.707491,3200
4926,1992-10-27,8.25,8.25,8.25,8.25,2.687131,800
4927,1992-10-28,8.25,8.5,8.25,8.4375,2.748204,24200
4928,1992-10-29,8.4375,8.4375,8.4375,8.4375,2.748204,600
4929,1992-10-30,8.5,8.5,8.375,8.4375,2.748204,10800
4930,1992-11-02,8.4375,8.5625,8.4375,8.5625,2.788919,6000
4931,1992-11-03,8.625,8.9375,8.625,8.875,2.890704,7200
4932,1992-11-04,8.9375,9.4375,8.9375,9.3125,3.033202,9800
4933,1992-11-05,9.375,9.875,9.375,9.75,3.1757020000000002,18000
4934,1992-11-06,9.875,9.9375,9.3125,9.3125,3.033202,13400
4935,1992-11-09,9.3125,9.625,9.1875,9.625,3.145458,11200
4936,1992-11-10,9.5625,9.5625,9.375,9.375,3.063758,4800
4937,1992-11-11,9.4375,9.4375,9.3125,9.375,3.063758,4000
4938,1992-11-12,9.375,9.4375,9.3125,9.4375,3.0841830000000003,8800
4939,1992-11-13,9.4375,9.5,9.4375,9.5,3.104606,1000
4940,1992-11-16,9.375,9.4375,9.375,9.4375,3.0841830000000003,1600
4941,1992-11-17,9.25,9.375,9.1875,9.1875,3.0024830000000002,7200
4942,1992-11-18,9.1875,9.375,9.1875,9.375,3.063758,4600
4943,1992-11-19,9.375,9.375,9.25,9.25,3.022909,1800
4944,1992-11-20,9.3125,9.3125,9.25,9.25,3.022909,400
4945,1992-11-23,9.25,9.375,9.25,9.375,3.063758,1600
4946,1992-11-24,9.25,9.3125,9.25,9.3125,3.043334,1400
4947,1992-11-25,9.375,9.625,9.3125,9.625,3.145458,9200
4948,1992-11-27,9.625,9.6875,9.625,9.625,3.145458,2000
4949,1992-11-30,9.5625,9.6875,9.5625,9.6875,3.165883,1200
4950,1992-12-01,9.5625,9.6875,9.5625,9.625,3.145458,4800
4951,1992-12-02,9.6875,9.6875,9.5625,9.5625,3.125034,3400
4952,1992-12-03,9.5,9.625,9.3125,9.625,3.145458,12800
4953,1992-12-04,9.5,9.5,9.5,9.5,3.104606,1600
4954,1992-12-07,9.625,10.4375,9.625,10.3125,3.370135,19000
4955,1992-12-08,10.1875,10.3125,9.9375,10.125,3.3088599999999997,14200
4956,1992-12-09,10.0,10.125,10.0,10.0,3.268009,8200
4957,1992-12-10,9.9375,9.9375,9.9375,9.9375,3.247584,1000
4958,1992-12-11,9.875,9.875,9.875,9.875,3.227159,1600
4959,1992-12-14,10.0,10.25,10.0,10.25,3.349709,9400
4960,1992-12-15,10.25,10.4375,10.125,10.375,3.39056,9400
4961,1992-12-16,10.5,10.9375,10.5,10.9375,3.574386,10400
4962,1992-12-17,11.125,11.375,11.0,11.0625,3.6152339999999996,26600
4963,1992-12-18,11.0625,11.125,11.0,11.125,3.6356610000000003,11200
4964,1992-12-21,11.0,11.0625,11.0,11.0625,3.6152339999999996,3600
4965,1992-12-22,11.0,11.0625,10.9375,10.9375,3.574386,4400
4966,1992-12-23,10.9375,11.0625,10.9375,11.0,3.594811,17800
4967,1992-12-24,11.0,11.0,10.875,10.875,3.553961,3800
4968,1992-12-28,10.75,10.75,10.5,10.5,3.4314089999999995,8200
4969,1992-12-29,10.625,10.625,10.375,10.375,3.39056,2600
4970,1992-12-30,10.25,10.25,10.125,10.125,3.3088599999999997,5800
4971,1992-12-31,10.25,10.3125,10.25,10.3125,3.370135,1400
4972,1993-01-04,10.25,10.25,10.25,10.25,3.349709,1400
4973,1993-01-05,10.3125,10.5,10.1875,10.5,3.4314089999999995,5800
4974,1993-01-06,10.625,10.6875,10.5,10.6875,3.492683,9200
4975,1993-01-07,10.75,10.875,10.75,10.875,3.553961,4600
4976,1993-01-08,11.0,11.0625,10.875,11.0,3.594811,5200
4977,1993-01-11,10.875,10.9375,10.8125,10.9375,3.574386,2400
4978,1993-01-12,10.8125,10.875,10.75,10.75,3.5131099999999997,6400
4979,1993-01-13,10.8125,10.875,10.8125,10.875,3.553961,600
4980,1993-01-14,10.875,10.875,10.875,10.875,3.553961,800
4981,1993-01-15,10.9375,11.0625,10.875,11.0,3.594811,8800
4982,1993-01-18,10.9375,11.0,10.9375,11.0,3.594811,800
4983,1993-01-19,10.875,10.875,10.75,10.875,3.553961,5400
4984,1993-01-20,10.75,10.75,10.75,10.75,3.5131099999999997,1600
4985,1993-01-21,10.625,10.625,10.375,10.375,3.39056,2400
4986,1993-01-22,10.4375,10.4375,10.125,10.25,3.349709,15000
4987,1993-01-25,10.25,10.375,10.125,10.125,3.3088599999999997,4000
4988,1993-01-26,10.125,10.25,10.125,10.25,3.349709,5400
4989,1993-01-27,10.125,10.25,10.125,10.25,3.349709,5400
4990,1993-01-28,10.3125,10.3125,10.1875,10.1875,3.329285,6800
4991,1993-01-29,10.125,10.4375,10.125,10.4375,3.4109839999999996,3400
4992,1993-02-01,10.375,10.4375,10.375,10.375,3.39056,1600
4993,1993-02-02,10.4375,10.5,10.3125,10.5,3.4314089999999995,32600
4994,1993-02-03,10.625,10.625,10.5,10.5,3.4314089999999995,1400
4995,1993-02-04,10.625,10.625,10.625,10.625,3.47226,200
4996,1993-02-05,10.6875,10.9375,10.625,10.75,3.5131099999999997,9000
4997,1993-02-08,10.8125,11.0625,10.8125,11.0625,3.6152339999999996,8000
4998,1993-02-09,11.0,11.0625,10.875,11.0625,3.6152339999999996,18800
4999,1993-02-10,10.875,11.125,10.875,11.125,3.6471970000000002,7200
5000,1993-02-11,11.0625,11.0625,10.75,10.9375,3.585729,12400
5001,1993-02-12,10.6875,10.6875,9.8125,10.25,3.3603400000000003,85000
5002,1993-02-16,9.9375,10.0625,9.875,10.0,3.278382,18600
5003,1993-02-17,9.9375,9.9375,9.875,9.875,3.237402,4200
5004,1993-02-18,10.0625,10.125,9.875,9.9375,3.257892,11600
5005,1993-02-19,10.0,10.125,9.875,10.125,3.3193599999999996,12600
5006,1993-02-22,10.0625,10.0625,10.0,10.0,3.278382,9400
5007,1993-02-23,10.0,10.0625,9.9375,10.0,3.278382,29200
5008,1993-02-24,10.0,10.1875,10.0,10.1875,3.3398529999999997,7600
5009,1993-02-25,10.125,10.125,9.9375,10.0,3.278382,10600
5010,1993-02-26,9.9375,9.9375,9.6875,9.8125,3.2169119999999998,14200
5011,1993-03-01,9.6875,9.8125,9.5625,9.8125,3.2169119999999998,49000
5012,1993-03-02,9.6875,9.6875,9.625,9.6875,3.175932,47600
5013,1993-03-03,9.75,9.75,9.6875,9.75,3.196421,25600
5014,1993-03-04,9.625,9.6875,9.625,9.6875,3.175932,42400
5015,1993-03-05,9.625,9.6875,9.625,9.6875,3.175932,24000
5016,1993-03-08,9.5625,9.5625,9.5625,9.5625,3.134952,21400
5017,1993-03-09,9.5,9.5,9.375,9.375,3.073481,6600
5018,1993-03-10,9.3125,9.3125,9.25,9.3125,3.052991,4200
5019,1993-03-11,9.25,9.25,9.1875,9.1875,3.012012,7200
5020,1993-03-12,9.125,9.125,9.0625,9.125,2.991524,3600
5021,1993-03-15,9.1875,9.1875,8.9375,8.9375,2.930052,27000
5022,1993-03-16,8.875,8.875,8.6875,8.6875,2.848093,5800
5023,1993-03-17,8.75,8.75,8.4375,8.4375,2.766134,12400
5024,1993-03-18,8.5,8.5,8.375,8.4375,2.766134,9800
5025,1993-03-19,8.4375,8.4375,8.25,8.3125,2.725155,4600
5026,1993-03-22,8.4375,8.5,8.375,8.4375,2.766134,5600
5027,1993-03-23,8.5,8.8125,8.5,8.8125,2.8890740000000004,17200
5028,1993-03-24,8.8125,8.875,8.75,8.875,2.9095619999999998,23800
5029,1993-03-25,8.875,8.875,8.75,8.75,2.868585,10400
5030,1993-03-26,8.8125,8.8125,8.6875,8.75,2.868585,24200
5031,1993-03-29,8.8125,8.8125,8.6875,8.6875,2.848093,2200
5032,1993-03-30,8.6875,8.6875,8.5625,8.5625,2.807114,7600
5033,1993-03-31,8.5,8.5,8.5,8.5,2.786625,800
5034,1993-04-01,8.5,8.5,8.4375,8.4375,2.766134,7800
5035,1993-04-02,8.4375,8.5,8.4375,8.5,2.786625,17800
5036,1993-04-05,8.4375,8.625,8.375,8.4375,2.766134,63600
5037,1993-04-06,8.4375,8.4375,8.4375,8.4375,2.766134,0
5038,1993-04-07,8.375,8.375,8.375,8.375,2.745645,2000
5039,1993-04-08,8.5,8.5,8.5,8.5,2.786625,2000
5040,1993-04-12,8.4375,8.5625,8.4375,8.5625,2.807114,88000
5041,1993-04-13,8.5,8.5625,8.5,8.5625,2.807114,11200
5042,1993-04-14,8.5625,8.5625,8.4375,8.4375,2.766134,7000
5043,1993-04-15,8.5,8.5625,8.5,8.5625,2.807114,8200
5044,1993-04-16,8.5625,8.5625,8.5625,8.5625,2.807114,10600
5045,1993-04-19,8.5625,8.5625,8.5,8.5,2.786625,3600
5046,1993-04-20,8.5,8.5,8.4375,8.5,2.786625,50200
5047,1993-04-21,8.5,8.5,8.5,8.5,2.786625,30800
5048,1993-04-22,8.4375,8.4375,8.375,8.375,2.745645,1000
5049,1993-04-23,8.4375,8.4375,8.3125,8.4375,2.766134,6600
5050,1993-04-26,8.375,8.4375,8.375,8.4375,2.766134,5000
5051,1993-04-27,8.375,8.375,8.3125,8.3125,2.725155,21200
5052,1993-04-28,8.4375,8.4375,8.25,8.25,2.7046639999999997,5400
5053,1993-04-29,8.25,8.25,8.1875,8.1875,2.684174,6000
5054,1993-04-30,8.25,8.375,8.25,8.375,2.745645,3000
5055,1993-05-03,8.5,8.5,8.375,8.375,2.745645,21600
5056,1993-05-04,8.375,8.4375,8.25,8.25,2.7046639999999997,11200
5057,1993-05-05,8.25,8.25,8.25,8.25,2.7161869999999997,3000
5058,1993-05-06,8.25,8.25,8.25,8.25,2.7161869999999997,1200
5059,1993-05-07,8.125,8.125,7.875,8.0,2.63388,32400
5060,1993-05-10,8.0,8.0,7.9375,7.9375,2.613302,3000
5061,1993-05-11,8.0625,8.1875,7.9375,8.1875,2.69561,18800
5062,1993-05-12,8.25,8.375,8.25,8.375,2.757342,9200
5063,1993-05-13,8.375,8.375,8.25,8.3125,2.736765,6400
5064,1993-05-14,8.375,8.375,8.25,8.25,2.7161869999999997,1800
5065,1993-05-17,8.3125,8.3125,8.25,8.25,2.7161869999999997,2800
5066,1993-05-18,8.1875,8.3125,8.1875,8.1875,2.69561,9600
5067,1993-05-19,8.125,8.375,8.125,8.375,2.757342,5000
5068,1993-05-20,8.4375,8.5625,8.4375,8.5625,2.819073,2200
5069,1993-05-21,8.625,9.0,8.625,9.0,2.963113,18200
5070,1993-05-24,9.125,9.25,9.0625,9.0625,2.983689,12400
5071,1993-05-25,9.0,9.0,8.9375,8.9375,2.942536,2400
5072,1993-05-26,8.875,9.0625,8.875,9.0625,2.983689,1400
5073,1993-05-27,9.0625,9.0625,9.0625,9.0625,2.983689,10600
5074,1993-05-28,9.0,9.0625,8.9375,9.0625,2.983689,2600
5075,1993-06-01,9.125,9.1875,9.125,9.1875,3.024845,16000
5076,1993-06-02,9.1875,9.1875,9.0,9.0,2.963113,12200
5077,1993-06-03,8.875,9.0,8.8125,8.8125,2.901382,13600
5078,1993-06-04,8.75,8.9375,8.75,8.9375,2.942536,3800
5079,1993-06-07,9.0,9.125,8.9375,8.9375,2.942536,14200
5080,1993-06-08,8.9375,8.9375,8.9375,8.9375,2.942536,200
5081,1993-06-09,8.875,8.875,8.875,8.875,2.921957,800
5082,1993-06-10,8.875,8.875,8.8125,8.8125,2.901382,1600
5083,1993-06-11,8.75,8.75,8.6875,8.6875,2.860227,3400
5084,1993-06-14,8.6875,8.6875,8.6875,8.6875,2.860227,200
5085,1993-06-15,8.8125,8.875,8.6875,8.8125,2.901382,18400
5086,1993-06-16,8.8125,8.8125,8.6875,8.75,2.880805,45800
5087,1993-06-17,8.75,8.8125,8.75,8.8125,2.901382,3600
5088,1993-06-18,8.8125,8.8125,8.6875,8.6875,2.860227,3600
5089,1993-06-21,8.75,8.9375,8.75,8.9375,2.942536,62400
5090,1993-06-22,8.9375,8.9375,8.8125,8.9375,2.942536,4800
5091,1993-06-23,8.9375,8.9375,8.8125,8.8125,2.901382,1600
5092,1993-06-24,8.8125,8.8125,8.8125,8.8125,2.901382,15000
5093,1993-06-25,8.75,8.8125,8.75,8.8125,2.901382,3000
5094,1993-06-28,8.875,8.875,8.6875,8.75,2.880805,3600
5095,1993-06-29,8.75,8.75,8.625,8.75,2.880805,52000
5096,1993-06-30,8.6875,8.9375,8.6875,8.8125,2.901382,21600
5097,1993-07-01,8.875,8.875,8.75,8.75,2.880805,1800
5098,1993-07-02,8.8125,8.8125,8.8125,8.8125,2.901382,600
5099,1993-07-06,8.875,8.875,8.75,8.8125,2.901382,19200
5100,1993-07-07,8.875,8.875,8.75,8.75,2.880805,3600
5101,1993-07-08,8.8125,8.8125,8.8125,8.8125,2.901382,200
5102,1993-07-09,8.6875,8.6875,8.625,8.625,2.83965,105400
5103,1993-07-12,8.6875,8.6875,8.5625,8.625,2.83965,600
5104,1993-07-13,8.625,8.6875,8.625,8.625,2.83965,9600
5105,1993-07-14,8.625,8.625,8.625,8.625,2.83965,0
5106,1993-07-15,8.625,8.625,8.625,8.625,2.83965,0
5107,1993-07-16,8.6875,8.75,8.4375,8.4375,2.777919,11400
5108,1993-07-19,8.4375,8.4375,8.375,8.4375,2.777919,1000
5109,1993-07-20,8.4375,8.4375,8.25,8.3125,2.736765,6800
5110,1993-07-21,8.3125,8.4375,8.3125,8.3125,2.736765,4200
5111,1993-07-22,8.25,8.25,8.25,8.25,2.7161869999999997,40200
5112,1993-07-23,8.125,8.1875,7.75,7.75,2.55157,19000
5113,1993-07-26,7.75,7.75,7.75,7.75,2.55157,2200
5114,1993-07-27,7.75,7.8125,7.75,7.75,2.55157,3800
5115,1993-07-28,7.875,7.875,7.875,7.875,2.592724,600
5116,1993-07-29,7.75,7.875,7.75,7.875,2.592724,22000
5117,1993-07-30,7.875,7.875,7.75,7.75,2.55157,3800
5118,1993-08-02,7.625,7.75,7.625,7.75,2.55157,800
5119,1993-08-03,7.75,7.75,7.5625,7.625,2.510415,10600
5120,1993-08-04,7.5625,7.5625,7.4375,7.5,2.469261,6600
5121,1993-08-05,7.5,7.625,7.5,7.625,2.510415,9600
5122,1993-08-06,7.625,7.625,7.625,7.625,2.510415,400
5123,1993-08-09,7.75,7.75,7.75,7.75,2.55157,200
5124,1993-08-10,7.625,7.625,7.5625,7.5625,2.489838,4200
5125,1993-08-11,7.5,7.5,7.5,7.5,2.480742,2200
5126,1993-08-12,7.5,7.5,7.4375,7.5,2.480742,3000
5127,1993-08-13,7.4375,7.4375,7.4375,7.4375,2.460069,800
5128,1993-08-16,7.4375,7.4375,7.375,7.375,2.439398,2800
5129,1993-08-17,7.5,7.5,7.3125,7.4375,2.460069,13800
5130,1993-08-18,7.4375,7.6875,7.4375,7.6875,2.542761,7400
5131,1993-08-19,7.75,7.75,7.5625,7.5625,2.501415,13200
5132,1993-08-20,7.625,7.625,7.4375,7.4375,2.460069,12200
5133,1993-08-23,7.4375,7.4375,7.375,7.4375,2.460069,1800
5134,1993-08-24,7.4375,7.5,7.375,7.375,2.439398,45400
5135,1993-08-25,7.5,7.5,7.375,7.375,2.439398,2200
5136,1993-08-26,7.5,7.5625,7.4375,7.5,2.480742,25600
5137,1993-08-27,7.5,7.5,7.5,7.5,2.480742,400
5138,1993-08-30,7.4375,7.4375,7.4375,7.4375,2.460069,1000
5139,1993-08-31,7.3125,7.375,7.3125,7.375,2.439398,10800
5140,1993-09-01,7.3125,7.3125,7.25,7.25,2.3980509999999997,1200
5141,1993-09-02,7.125,7.1875,6.9375,6.9375,2.2946869999999997,23600
5142,1993-09-03,7.0,7.0625,6.875,6.9375,2.2946869999999997,8800
5143,1993-09-07,6.875,6.875,6.75,6.75,2.232669,8400
5144,1993-09-08,6.75,6.75,6.6875,6.75,2.232669,4000
5145,1993-09-09,6.8125,6.875,6.75,6.875,2.2740139999999998,3800
5146,1993-09-10,6.8125,6.875,6.6875,6.6875,2.211995,4600
5147,1993-09-13,6.625,6.625,6.4375,6.5,2.1499770000000002,8000
5148,1993-09-14,6.4375,6.4375,6.375,6.375,2.108632,3200
5149,1993-09-15,6.375,6.375,6.1875,6.1875,2.0466130000000002,6400
5150,1993-09-16,6.3125,6.375,6.3125,6.375,2.108632,23400
5151,1993-09-17,6.3125,6.5,6.3125,6.5,2.1499770000000002,4600
5152,1993-09-20,6.5,6.5,6.4375,6.5,2.1499770000000002,10600
5153,1993-09-21,6.5625,6.5625,6.4375,6.4375,2.1293040000000003,11600
5154,1993-09-22,6.375,6.4375,6.375,6.375,2.108632,18600
5155,1993-09-23,6.375,6.375,6.375,6.375,2.108632,400
5156,1993-09-24,6.375,6.5625,6.375,6.5625,2.170648,19800
5157,1993-09-27,6.5,6.5,6.375,6.4375,2.1293040000000003,4000
5158,1993-09-28,6.4375,6.4375,6.4375,6.4375,2.1293040000000003,0
5159,1993-09-29,6.375,6.4375,6.3125,6.3125,2.087959,3000
5160,1993-09-30,6.4375,6.4375,6.4375,6.4375,2.1293040000000003,4800
5161,1993-10-01,6.625,6.625,6.5625,6.5625,2.170648,20000
5162,1993-10-04,6.5625,6.75,6.5,6.75,2.232669,19400
5163,1993-10-05,6.625,6.8125,6.625,6.75,2.232669,20800
5164,1993-10-06,6.875,6.9375,6.875,6.9375,2.2946869999999997,5600
5165,1993-10-07,6.9375,6.9375,6.9375,6.9375,2.2946869999999997,1000
5166,1993-10-08,7.0,7.0625,7.0,7.0625,2.336033,2400
5167,1993-10-11,7.0625,7.0625,7.0625,7.0625,2.336033,200
5168,1993-10-12,7.0625,7.125,7.0625,7.125,2.356705,1400
5169,1993-10-13,7.125,7.125,7.0625,7.125,2.356705,3000
5170,1993-10-14,7.1875,7.1875,7.125,7.125,2.356705,9400
5171,1993-10-15,7.0625,7.0625,6.9375,7.0,2.315359,5200
5172,1993-10-18,7.0,7.0,7.0,7.0,2.315359,3400
5173,1993-10-19,6.9375,6.9375,6.875,6.875,2.2740139999999998,2800
5174,1993-10-20,6.9375,6.9375,6.8125,6.8125,2.253341,1200
5175,1993-10-21,6.8125,6.8125,6.625,6.625,2.191322,27000
5176,1993-10-22,6.625,6.625,6.5625,6.5625,2.170648,4200
5177,1993-10-25,6.625,6.6875,6.625,6.625,2.191322,4200
5178,1993-10-26,6.6875,6.6875,6.5625,6.5625,2.170648,1600
5179,1993-10-27,6.5,6.625,6.5,6.625,2.191322,7800
5180,1993-10-28,6.6875,6.6875,6.5625,6.625,2.191322,3000
5181,1993-10-29,6.5,6.625,6.5,6.625,2.20296,5400
5182,1993-11-01,6.5625,6.625,6.5,6.625,2.20296,1400
5183,1993-11-02,6.5625,6.625,6.5,6.625,2.20296,8000
5184,1993-11-03,6.625,6.75,6.625,6.625,2.20296,14000
5185,1993-11-04,6.625,6.625,6.625,6.625,2.20296,0
5186,1993-11-05,6.625,6.75,6.625,6.75,2.244526,1200
5187,1993-11-08,6.6875,6.6875,6.6875,6.6875,2.223744,1600
5188,1993-11-09,6.625,6.6875,6.625,6.6875,2.223744,1600
5189,1993-11-10,6.6875,6.6875,6.6875,6.6875,2.223744,0
5190,1993-11-11,6.75,6.75,6.75,6.75,2.244526,2000
5191,1993-11-12,6.6875,6.875,6.6875,6.875,2.286091,4800
5192,1993-11-15,6.9375,7.125,6.8125,7.125,2.369222,16800
5193,1993-11-16,7.0,7.0,7.0,7.0,2.327657,2000
5194,1993-11-17,7.0,7.0,6.9375,7.0,2.327657,3400
5195,1993-11-18,6.875,6.875,6.875,6.875,2.286091,4600
5196,1993-11-19,6.9375,7.0,6.9375,7.0,2.327657,3000
5197,1993-11-22,7.0,7.0625,7.0,7.0,2.327657,2600
5198,1993-11-23,7.125,7.125,7.0625,7.0625,2.348439,14200
5199,1993-11-24,7.125,7.25,7.125,7.25,2.410787,7000
5200,1993-11-26,7.1875,7.1875,7.1875,7.1875,2.3900040000000002,1600
5201,1993-11-29,7.125,7.25,7.125,7.1875,2.3900040000000002,3200
5202,1993-11-30,7.125,7.1875,7.125,7.1875,2.3900040000000002,5800
5203,1993-12-01,7.25,7.25,7.1875,7.1875,2.3900040000000002,400
5204,1993-12-02,7.25,7.375,7.25,7.3125,2.4315689999999996,5600
5205,1993-12-03,7.3125,7.3125,7.3125,7.3125,2.4315689999999996,800
5206,1993-12-06,7.3125,7.5,7.3125,7.5,2.493918,18800
5207,1993-12-07,7.625,7.625,7.5625,7.5625,2.5147,4400
5208,1993-12-08,7.625,7.625,7.625,7.625,2.535482,1000
5209,1993-12-09,7.75,7.8125,7.6875,7.75,2.577049,21200
5210,1993-12-10,7.75,8.0,7.75,8.0,2.6601790000000003,9800
5211,1993-12-13,8.125,8.1875,8.125,8.1875,2.722527,12200
5212,1993-12-14,8.1875,8.1875,8.125,8.125,2.7017439999999997,2800
5213,1993-12-15,8.0625,8.125,8.0625,8.125,2.7017439999999997,2400
5214,1993-12-16,8.0625,8.0625,8.0,8.0,2.6601790000000003,2600
5215,1993-12-17,8.0,8.0,7.9375,7.9375,2.639396,14200
5216,1993-12-20,7.875,8.0,7.875,8.0,2.6601790000000003,5600
5217,1993-12-21,7.9375,7.9375,7.9375,7.9375,2.639396,200
5218,1993-12-22,8.0,8.125,7.9375,7.9375,2.639396,16400
5219,1993-12-23,7.875,7.9375,7.875,7.9375,2.639396,3800
5220,1993-12-27,7.875,8.0,7.875,7.9375,2.639396,600
5221,1993-12-28,8.0,8.0,7.9375,7.9375,2.639396,3800
5222,1993-12-29,7.9375,8.0625,7.9375,8.0625,2.680962,1800
5223,1993-12-30,8.125,8.125,8.0,8.0,2.6601790000000003,5400
5224,1993-12-31,8.0,8.0,8.0,8.0,2.6601790000000003,2600
5225,1994-01-03,8.0,8.0,7.875,7.875,2.6186130000000003,52200
5226,1994-01-04,7.875,7.875,7.875,7.875,2.6186130000000003,400
5227,1994-01-05,7.8125,7.875,7.8125,7.875,2.6186130000000003,2000
5228,1994-01-06,7.8125,7.8125,7.8125,7.8125,2.59783,3200
5229,1994-01-07,7.8125,7.8125,7.625,7.6875,2.556266,10400
5230,1994-01-10,7.625,7.625,7.625,7.625,2.535482,600
5231,1994-01-11,7.5625,7.5625,7.5,7.5,2.493918,1800
5232,1994-01-12,7.5,7.5,7.375,7.375,2.452353,5800
5233,1994-01-13,7.4375,7.4375,7.25,7.25,2.410787,8400
5234,1994-01-14,7.1875,7.3125,7.1875,7.25,2.410787,6400
5235,1994-01-17,7.1875,7.25,7.125,7.125,2.369222,4600
5236,1994-01-18,7.125,7.125,7.0,7.0625,2.348439,6600
5237,1994-01-19,7.0,7.0,7.0,7.0,2.327657,4000
5238,1994-01-20,7.0625,7.0625,7.0625,7.0625,2.348439,2000
5239,1994-01-21,7.0625,7.0625,6.9375,6.9375,2.306873,4200
5240,1994-01-24,6.875,6.9375,6.875,6.9375,2.306873,9800
5241,1994-01-25,6.875,6.9375,6.8125,6.8125,2.26531,2400
5242,1994-01-26,6.9375,6.9375,6.875,6.875,2.286091,3400
5243,1994-01-27,6.875,6.875,6.875,6.875,2.286091,2000
5244,1994-01-28,6.875,7.0,6.875,7.0,2.327657,103600
5245,1994-01-31,7.125,7.375,7.125,7.375,2.452353,11000
5246,1994-02-01,7.4375,7.4375,7.3125,7.3125,2.4315689999999996,5400
5247,1994-02-02,7.4375,7.4375,7.375,7.375,2.452353,3800
5248,1994-02-03,7.3125,7.375,7.3125,7.375,2.452353,4800
5249,1994-02-04,7.3125,7.375,7.3125,7.375,2.452353,1800
5250,1994-02-07,7.3125,7.3125,7.25,7.25,2.410787,9200
5251,1994-02-08,7.25,7.3125,7.25,7.25,2.410787,3600
5252,1994-02-09,7.25,7.25,7.25,7.25,2.410787,1200
5253,1994-02-10,7.25,7.25,7.25,7.25,2.410787,0
5254,1994-02-11,7.3125,7.375,7.3125,7.3125,2.4315689999999996,7400
5255,1994-02-14,7.3125,7.375,7.3125,7.375,2.465841,1200
5256,1994-02-15,7.5,7.625,7.5,7.5,2.507636,10800
5257,1994-02-16,7.5,7.5,7.5,7.5,2.507636,0
5258,1994-02-17,7.625,7.6875,7.5,7.5,2.507636,10400
5259,1994-02-18,7.5,7.5,7.5,7.5,2.507636,800
5260,1994-02-22,7.375,7.4375,7.375,7.4375,2.486738,31200
5261,1994-02-23,7.5,7.5625,7.4375,7.5625,2.528532,9600
5262,1994-02-24,7.5,7.5,7.5,7.5,2.507636,3400
5263,1994-02-25,7.4375,7.5,7.4375,7.5,2.507636,3000
5264,1994-02-28,7.5,7.5,7.4375,7.5,2.507636,14600
5265,1994-03-01,7.4375,7.4375,7.25,7.375,2.465841,15400
5266,1994-03-02,7.3125,7.375,7.25,7.25,2.4240459999999997,4400
5267,1994-03-03,7.25,7.25,7.125,7.125,2.382253,6000
5268,1994-03-04,7.125,7.25,7.125,7.25,2.4240459999999997,8600
5269,1994-03-07,7.25,7.25,7.1875,7.1875,2.40315,4400
5270,1994-03-08,7.1875,7.1875,7.1875,7.1875,2.40315,400
5271,1994-03-09,7.1875,7.1875,7.1875,7.1875,2.40315,3400
5272,1994-03-10,7.1875,7.1875,7.1875,7.1875,2.40315,1800
5273,1994-03-11,7.1875,7.1875,7.1875,7.1875,2.40315,1200
5274,1994-03-14,7.3125,7.3125,7.25,7.25,2.4240459999999997,1200
5275,1994-03-15,7.25,7.25,7.1875,7.25,2.4240459999999997,5600
5276,1994-03-16,7.25,7.3125,7.25,7.3125,2.444943,77800
5277,1994-03-17,7.3125,7.3125,7.25,7.25,2.4240459999999997,51600
5278,1994-03-18,7.25,7.25,7.25,7.25,2.4240459999999997,8200
5279,1994-03-21,7.25,7.25,7.1875,7.1875,2.40315,5800
5280,1994-03-22,7.1875,7.1875,6.875,7.0,2.3404580000000004,20800
5281,1994-03-23,7.0,7.0,7.0,7.0,2.3404580000000004,4000
5282,1994-03-24,7.0,7.0,7.0,7.0,2.3404580000000004,4400
5283,1994-03-25,7.0,7.0,7.0,7.0,2.3404580000000004,1000
5284,1994-03-28,6.9375,7.0,6.9375,7.0,2.3404580000000004,3400
5285,1994-03-29,7.0,7.0,7.0,7.0,2.3404580000000004,8000
5286,1994-03-30,7.0,7.0,7.0,7.0,2.3404580000000004,0
5287,1994-03-31,6.875,7.0625,6.875,7.0625,2.3613560000000002,10200
5288,1994-04-04,7.0,7.0,7.0,7.0,2.3404580000000004,1200
5289,1994-04-05,7.0625,7.25,7.0625,7.125,2.382253,15600
5290,1994-04-06,7.125,7.125,7.0,7.0,2.3404580000000004,9000
5291,1994-04-07,7.0,7.0,6.9375,6.9375,2.319562,4400
5292,1994-04-08,6.8125,6.8125,6.8125,6.8125,2.2777689999999997,26400
5293,1994-04-11,6.875,6.875,6.8125,6.8125,2.2777689999999997,2400
5294,1994-04-12,6.6875,6.6875,6.625,6.625,2.215078,13000
5295,1994-04-13,6.6875,6.75,6.625,6.625,2.215078,3200
5296,1994-04-14,6.5625,6.5625,6.3125,6.5,2.173284,43000
5297,1994-04-15,6.4375,6.5,6.4375,6.5,2.173284,1200
5298,1994-04-18,6.5625,6.625,6.5,6.625,2.215078,10200
5299,1994-04-19,6.5625,6.5625,6.5625,6.5625,2.194179,800
5300,1994-04-20,6.5625,6.5625,6.5625,6.5625,2.194179,2400
5301,1994-04-21,6.625,6.625,6.5,6.5,2.173284,4000
5302,1994-04-22,6.5,6.5,6.5,6.5,2.173284,3600
5303,1994-04-25,6.5,6.5625,6.5,6.5625,2.194179,1000
5304,1994-04-26,6.5625,6.5625,6.5625,6.5625,2.194179,0
5305,1994-04-28,6.5,6.5,6.4375,6.4375,2.152386,3200
5306,1994-04-29,6.4375,6.4375,6.375,6.4375,2.152386,1800
5307,1994-05-02,6.375,6.4375,6.375,6.4375,2.152386,1200
5308,1994-05-03,6.4375,6.4375,6.3125,6.375,2.1314900000000003,4400
5309,1994-05-04,6.3125,6.375,6.3125,6.375,2.1314900000000003,3600
5310,1994-05-05,6.4375,6.5,6.4375,6.4375,2.152386,21800
5311,1994-05-06,6.4375,6.5625,6.4375,6.5,2.173284,15200
5312,1994-05-09,6.5,6.5,6.5,6.5,2.173284,200
5313,1994-05-10,6.5,6.5,6.4375,6.5,2.173284,11000
5314,1994-05-11,6.375,6.4375,6.375,6.4375,2.165715,7800
5315,1994-05-12,6.375,6.375,6.3125,6.3125,2.123662,1600
5316,1994-05-13,6.3125,6.3125,6.25,6.3125,2.123662,2000
5317,1994-05-16,6.25,6.375,6.25,6.375,2.144688,4400
5318,1994-05-17,6.4375,6.4375,6.375,6.375,2.144688,600
5319,1994-05-18,6.375,6.4375,6.375,6.4375,2.165715,2000
5320,1994-05-19,6.375,6.375,6.375,6.375,2.144688,2000
5321,1994-05-20,6.4375,6.4375,6.4375,6.4375,2.165715,4000
5322,1994-05-23,6.4375,6.4375,6.4375,6.4375,2.165715,0
5323,1994-05-24,6.4375,6.4375,6.375,6.375,2.144688,4000
5324,1994-05-25,6.375,6.375,6.375,6.375,2.144688,1200
5325,1994-05-26,6.375,6.375,6.25,6.25,2.102634,6400
5326,1994-05-27,6.375,6.375,6.375,6.375,2.144688,2400
5327,1994-05-31,6.3125,6.625,6.3125,6.625,2.228792,9200
5328,1994-06-01,6.5625,6.625,6.5625,6.5625,2.207767,10200
5329,1994-06-02,6.5625,6.6875,6.5625,6.6875,2.249819,67800
5330,1994-06-03,6.625,6.75,6.5,6.5625,2.207767,9600
5331,1994-06-06,6.5625,6.5625,6.5625,6.5625,2.207767,0
5332,1994-06-07,6.5,6.625,6.5,6.625,2.228792,34200
5333,1994-06-08,6.5625,6.5625,6.5625,6.5625,2.207767,3000
5334,1994-06-09,6.625,6.625,6.5,6.5,2.1867400000000004,40400
5335,1994-06-10,6.4375,6.4375,6.375,6.375,2.144688,85400
5336,1994-06-13,6.375,6.375,6.375,6.375,2.144688,12800
5337,1994-06-14,6.4375,6.4375,6.4375,6.4375,2.165715,1000
5338,1994-06-15,6.375,6.4375,6.375,6.4375,2.165715,2200
5339,1994-06-16,6.4375,6.4375,6.4375,6.4375,2.165715,2800
5340,1994-06-17,6.5,6.5,6.375,6.375,2.144688,24200
5341,1994-06-20,6.4375,6.4375,6.3125,6.3125,2.123662,96200
5342,1994-06-21,6.4375,6.4375,6.4375,6.4375,2.165715,3400
5343,1994-06-22,6.4375,6.4375,6.4375,6.4375,2.165715,1800
5344,1994-06-23,6.375,6.375,6.3125,6.375,2.144688,85200
5345,1994-06-24,6.25,6.3125,6.25,6.3125,2.123662,1000
5346,1994-06-27,6.25,6.3125,6.1875,6.3125,2.123662,2800
5347,1994-06-28,6.25,6.25,6.25,6.25,2.102634,1000
5348,1994-06-29,6.3125,6.3125,6.25,6.25,2.102634,1000
5349,1994-06-30,6.25,6.25,6.1875,6.25,2.102634,6000
5350,1994-07-01,6.125,6.125,6.0625,6.125,2.0605830000000003,12200
5351,1994-07-05,6.1875,6.1875,6.125,6.125,2.0605830000000003,54200
5352,1994-07-06,6.125,6.1875,6.125,6.1875,2.081609,28400
5353,1994-07-07,6.125,6.1875,6.125,6.125,2.0605830000000003,131000
5354,1994-07-08,6.125,6.125,6.125,6.125,2.0605830000000003,0
5355,1994-07-11,6.125,6.125,6.0,6.0,2.018529,114600
5356,1994-07-12,6.0625,6.0625,6.0,6.0,2.018529,80400
5357,1994-07-13,6.0,6.0,6.0,6.0,2.018529,3800
5358,1994-07-14,6.0,6.0,6.0,6.0,2.018529,36200
5359,1994-07-15,6.0625,6.0625,6.0,6.0,2.018529,26400
5360,1994-07-18,6.0,6.0,5.9375,6.0,2.018529,3600
5361,1994-07-19,6.0,6.0,5.9375,5.9375,1.9975029999999998,12200
5362,1994-07-20,5.875,5.875,5.875,5.875,1.976477,23800
5363,1994-07-21,5.9375,6.1875,5.9375,6.125,2.0605830000000003,90600
5364,1994-07-22,6.1875,6.25,6.1875,6.25,2.102634,7000
5365,1994-07-25,6.25,6.3125,6.125,6.3125,2.123662,619200
5366,1994-07-26,6.375,6.375,6.125,6.25,2.102634,66400
5367,1994-07-27,6.3125,6.375,6.3125,6.375,2.144688,5000
5368,1994-07-28,6.4375,6.5,6.125,6.5,2.1867400000000004,1378400
5369,1994-07-29,6.375,6.75,6.375,6.75,2.2708459999999997,14800
5370,1994-08-01,6.75,6.875,6.75,6.8125,2.291872,10600
5371,1994-08-02,6.6875,6.75,6.6875,6.75,2.2708459999999997,4200
5372,1994-08-03,6.6875,6.75,6.6875,6.6875,2.249819,8200
5373,1994-08-04,6.6875,6.6875,6.6875,6.6875,2.249819,200
5374,1994-08-05,6.75,6.75,6.75,6.75,2.2708459999999997,17600
5375,1994-08-08,6.8125,6.9375,6.75,6.9375,2.333925,5600
5376,1994-08-09,6.9375,6.9375,6.9375,6.9375,2.333925,2600
5377,1994-08-10,6.9375,6.9375,6.9375,6.9375,2.333925,0
5378,1994-08-11,6.9375,6.9375,6.875,6.875,2.312897,3800
5379,1994-08-12,6.875,6.875,6.875,6.875,2.312897,600
5380,1994-08-15,6.875,6.9375,6.875,6.9375,2.347583,6800
5381,1994-08-16,6.875,6.875,6.75,6.875,2.326434,21600
5382,1994-08-17,6.875,6.875,6.8125,6.8125,2.305285,6600
5383,1994-08-18,6.75,6.8125,6.75,6.8125,2.305285,3200
5384,1994-08-19,6.75,6.875,6.75,6.875,2.326434,8200
5385,1994-08-22,6.875,6.9375,6.875,6.9375,2.347583,3800
5386,1994-08-23,6.9375,6.9375,6.8125,6.875,2.326434,14000
5387,1994-08-24,6.875,6.9375,6.875,6.9375,2.347583,4200
5388,1994-08-25,6.9375,6.9375,6.9375,6.9375,2.347583,600
5389,1994-08-26,6.9375,6.9375,6.875,6.9375,2.347583,5000
5390,1994-08-29,6.9375,7.0,6.9375,7.0,2.368733,4800
5391,1994-08-30,7.0,7.0,7.0,7.0,2.368733,6200
5392,1994-08-31,7.0,7.1875,7.0,7.1875,2.432181,71400
5393,1994-09-01,7.125,7.1875,7.125,7.1875,2.432181,6600
5394,1994-09-02,7.1875,7.1875,7.0625,7.1875,2.432181,9200
5395,1994-09-06,7.1875,7.1875,7.125,7.125,2.411033,3200
5396,1994-09-07,7.125,7.125,7.0625,7.125,2.411033,3800
5397,1994-09-08,7.0625,7.125,7.0,7.0,2.368733,12800
5398,1994-09-09,7.0,7.0625,7.0,7.0,2.368733,32600
5399,1994-09-12,7.0625,7.0625,7.0,7.0625,2.389883,2600
5400,1994-09-13,7.0625,7.125,6.9375,7.0,2.368733,8600
5401,1994-09-14,7.0,7.125,7.0,7.125,2.411033,9800
5402,1994-09-15,7.0,7.125,7.0,7.125,2.411033,16000
5403,1994-09-16,7.25,7.375,7.1875,7.3125,2.47448,9400
5404,1994-09-19,7.3125,7.375,7.3125,7.375,2.49563,6400
5405,1994-09-20,7.25,7.25,7.25,7.25,2.45333,1200
5406,1994-09-21,7.25,7.375,7.125,7.375,2.49563,11200
5407,1994-09-22,7.3125,7.4375,7.3125,7.4375,2.51678,1000
5408,1994-09-23,7.3125,7.4375,7.3125,7.4375,2.51678,6000
5409,1994-09-26,7.3125,7.3125,7.25,7.3125,2.47448,7000
5410,1994-09-27,7.3125,7.375,7.3125,7.375,2.49563,1800
5411,1994-09-28,7.5,7.5,7.4375,7.5,2.537928,30800
5412,1994-09-29,7.4375,7.4375,7.375,7.4375,2.51678,7800
5413,1994-09-30,7.4375,7.5625,7.4375,7.5,2.537928,7400
5414,1994-10-03,7.5,7.5,7.375,7.375,2.49563,1600
5415,1994-10-04,7.4375,7.5,7.3125,7.5,2.537928,6600
5416,1994-10-05,7.375,7.5625,7.375,7.5625,2.559078,6000
5417,1994-10-06,7.4375,7.5,7.3125,7.3125,2.47448,8600
5418,1994-10-07,7.375,7.375,7.0,7.1875,2.432181,38400
5419,1994-10-10,7.1875,7.1875,7.1875,7.1875,2.432181,2400
5420,1994-10-11,7.25,7.3125,7.1875,7.3125,2.47448,8000
5421,1994-10-12,7.3125,7.3125,7.3125,7.3125,2.47448,600
5422,1994-10-13,7.375,7.375,7.125,7.1875,2.432181,6400
5423,1994-10-14,7.1875,7.1875,7.0625,7.1875,2.432181,2800
5424,1994-10-17,7.25,7.25,7.0625,7.25,2.45333,600
5425,1994-10-18,7.3125,7.3125,7.3125,7.3125,2.47448,200
5426,1994-10-19,7.375,7.4375,7.375,7.4375,2.51678,5400
5427,1994-10-20,7.4375,7.4375,7.1875,7.25,2.45333,7200
5428,1994-10-21,7.1875,7.1875,7.125,7.1875,2.432181,2600
5429,1994-10-24,7.25,7.25,7.125,7.1875,2.432181,5800
5430,1994-10-25,7.1875,7.1875,7.125,7.1875,2.432181,1400
5431,1994-10-26,7.125,7.1875,7.0625,7.0625,2.389883,1400
5432,1994-10-27,7.0625,7.125,7.0,7.0,2.368733,10200
5433,1994-10-28,7.0625,7.1875,7.0625,7.125,2.411033,8800
5434,1994-10-31,7.125,7.125,7.125,7.125,2.411033,1400
5435,1994-11-01,7.125,7.125,7.125,7.125,2.411033,0
5436,1994-11-02,7.125,7.4375,7.125,7.3125,2.47448,12800
5437,1994-11-03,7.375,7.375,7.375,7.375,2.49563,1400
5438,1994-11-04,7.25,7.3125,7.1875,7.3125,2.47448,9600
5439,1994-11-07,7.3125,7.3125,7.1875,7.3125,2.47448,1200
5440,1994-11-08,7.375,7.375,7.25,7.25,2.45333,7800
5441,1994-11-09,7.3125,7.3125,7.3125,7.3125,2.47448,600
5442,1994-11-10,7.25,7.25,7.25,7.25,2.45333,400
5443,1994-11-11,7.1875,7.1875,7.125,7.125,2.411033,7400
5444,1994-11-14,7.125,7.125,7.0,7.0625,2.403375,5600
5445,1994-11-15,6.9375,7.0,6.9375,7.0,2.3821060000000003,3000
5446,1994-11-16,6.9375,6.9375,6.9375,6.9375,2.360837,800
5447,1994-11-17,6.9375,6.9375,6.9375,6.9375,2.360837,400
5448,1994-11-18,6.875,6.9375,6.875,6.9375,2.360837,3200
5449,1994-11-21,6.8125,6.875,6.8125,6.875,2.339568,6600
5450,1994-11-22,6.875,6.875,6.875,6.875,2.339568,200
5451,1994-11-23,6.75,6.8125,6.6875,6.8125,2.3183,12600
5452,1994-11-25,6.75,6.75,6.75,6.75,2.297031,200
5453,1994-11-28,6.75,6.75,6.6875,6.6875,2.275763,1800
5454,1994-11-29,6.625,6.75,6.5625,6.75,2.297031,15600
5455,1994-11-30,6.6875,6.75,6.6875,6.75,2.297031,3000
5456,1994-12-01,6.6875,6.75,6.6875,6.75,2.297031,9800
5457,1994-12-02,6.6875,6.75,6.6875,6.75,2.297031,400
5458,1994-12-05,6.6875,6.8125,6.6875,6.8125,2.3183,2600
5459,1994-12-06,6.6875,6.75,6.65625,6.6875,2.275763,43600
5460,1994-12-07,6.625,6.6875,6.625,6.6875,2.275763,3400
5461,1994-12-08,6.625,6.625,6.5,6.5,2.2119560000000003,4600
5462,1994-12-09,6.375,6.4375,6.375,6.4375,2.190687,5600
5463,1994-12-12,6.375,6.4375,6.375,6.4375,2.190687,1200
5464,1994-12-13,6.375,6.375,6.3125,6.375,2.169418,2600
5465,1994-12-14,6.25,6.375,6.25,6.375,2.169418,7800
5466,1994-12-15,6.3125,6.5,6.3125,6.5,2.2119560000000003,8400
5467,1994-12-16,6.5,6.5625,6.4375,6.4375,2.190687,22800
5468,1994-12-19,6.4375,6.4375,6.3125,6.3125,2.14815,5000
5469,1994-12-20,6.25,6.3125,6.25,6.3125,2.14815,19800
5470,1994-12-21,6.25,6.375,6.1875,6.25,2.12688,17200
5471,1994-12-22,6.25,6.3125,6.1875,6.3125,2.14815,24600
5472,1994-12-23,6.25,6.3125,6.25,6.3125,2.14815,2600
5473,1994-12-27,6.25,6.5,6.25,6.5,2.2119560000000003,11800
5474,1994-12-28,6.375,6.5,6.3125,6.375,2.169418,16600
5475,1994-12-29,6.4375,6.4375,6.375,6.4375,2.190687,1000
5476,1994-12-30,6.375,6.375,6.1875,6.25,2.12688,61000
5477,1995-01-03,6.1875,6.4375,6.1875,6.4375,2.190687,24800
5478,1995-01-04,6.3125,6.6875,6.3125,6.6875,2.275763,37000
5479,1995-01-05,6.5625,6.75,6.5625,6.75,2.297031,8600
5480,1995-01-06,6.6875,6.875,6.6875,6.875,2.339568,5800
5481,1995-01-09,6.9375,6.9375,6.875,6.9375,2.360837,3200
5482,1995-01-10,6.875,6.875,6.5625,6.6875,2.275763,31400
5483,1995-01-11,6.75,6.9375,6.75,6.9375,2.360837,47400
5484,1995-01-12,7.0625,7.0625,7.0,7.0,2.3821060000000003,2400
5485,1995-01-13,6.875,7.0,6.875,7.0,2.3821060000000003,27800
5486,1995-01-16,6.875,6.9375,6.875,6.875,2.339568,2000
5487,1995-01-17,6.9375,6.9375,6.5625,6.625,2.254493,104800
5488,1995-01-18,6.625,6.625,6.625,6.625,2.254493,400
5489,1995-01-19,6.5625,6.625,6.5625,6.5625,2.2332240000000003,39200
5490,1995-01-20,6.5625,6.5625,6.5,6.5625,2.2332240000000003,800
5491,1995-01-23,6.5,6.875,6.5,6.875,2.339568,28800
5492,1995-01-24,6.875,7.1875,6.875,7.1875,2.445912,17200
5493,1995-01-25,7.1875,7.375,7.1875,7.25,2.467181,7600
5494,1995-01-26,7.1875,7.1875,7.125,7.125,2.424646,10800
5495,1995-01-27,7.25,7.25,7.25,7.25,2.467181,200
5496,1995-01-30,7.1875,7.1875,7.125,7.125,2.424646,1400
5497,1995-01-31,7.0625,7.0625,7.0,7.0,2.3821060000000003,2800
5498,1995-02-01,7.0,7.0,7.0,7.0,2.3821060000000003,4800
5499,1995-02-02,6.9375,6.9375,6.875,6.875,2.339568,2000
5500,1995-02-03,6.875,6.875,6.8125,6.8125,2.3183,15000
5501,1995-02-06,6.75,6.75,6.75,6.75,2.297031,5000
5502,1995-02-07,6.8125,6.8125,6.625,6.6875,2.275763,5600
5503,1995-02-08,6.5625,6.625,6.5625,6.625,2.254493,9600
5504,1995-02-09,6.6875,6.6875,6.6875,6.6875,2.275763,400
5505,1995-02-10,6.6875,6.875,6.6875,6.8125,2.3183,35000
5506,1995-02-13,6.8125,6.875,6.8125,6.875,2.353386,1000
5507,1995-02-14,6.8125,6.875,6.8125,6.875,2.353386,2400
5508,1995-02-15,6.8125,7.0,6.8125,7.0,2.3961759999999996,5400
5509,1995-02-16,6.9375,6.9375,6.875,6.875,2.353386,1800
5510,1995-02-17,6.8125,6.875,6.8125,6.875,2.353386,2000
5511,1995-02-21,6.875,6.875,6.75,6.75,2.310598,5600
5512,1995-02-22,6.8125,6.875,6.8125,6.8125,2.3319919999999996,3000
5513,1995-02-23,6.875,6.875,6.75,6.75,2.310598,9600
5514,1995-02-24,6.875,7.0,6.25,6.25,2.139442,107600
5515,1995-02-27,6.0625,6.125,6.0,6.0,2.053865,17200
5516,1995-02-28,6.0,6.0,5.875,6.0,2.053865,21000
5517,1995-03-01,6.0,6.0,5.9375,5.9375,2.0324709999999997,3000
5518,1995-03-02,5.875,6.0,5.875,6.0,2.053865,20800
5519,1995-03-03,6.125,6.125,6.0625,6.125,2.096654,22800
5520,1995-03-06,6.0625,6.125,6.0625,6.0625,2.0752599999999997,5200
5521,1995-03-07,6.125,6.1875,6.0,6.0,2.053865,16200
5522,1995-03-08,6.0,6.0,5.8125,5.9375,2.0324709999999997,37800
5523,1995-03-09,5.875,5.875,5.875,5.875,2.0110759999999996,16000
5524,1995-03-10,5.875,6.125,5.875,6.0,2.053865,50000
5525,1995-03-13,6.0,6.0,5.875,5.875,2.0110759999999996,21400
5526,1995-03-14,5.9375,5.9375,5.875,5.875,2.0110759999999996,4200
5527,1995-03-15,5.9375,5.9375,5.75,5.75,1.968287,18600
5528,1995-03-16,5.75,5.75,5.625,5.6875,1.946893,25800
5529,1995-03-17,5.5625,5.6875,5.5625,5.625,1.925499,8600
5530,1995-03-20,5.5625,5.625,5.5,5.625,1.925499,18200
5531,1995-03-21,5.6875,5.6875,5.5625,5.5625,1.904104,7400
5532,1995-03-22,5.5,5.625,5.5,5.5625,1.904104,13000
5533,1995-03-23,5.5625,5.625,5.5625,5.5625,1.904104,3200
5534,1995-03-24,5.5625,5.6875,5.5,5.6875,1.946893,25800
5535,1995-03-27,5.625,5.625,5.5625,5.625,1.925499,2600
5536,1995-03-28,5.5,5.5,5.4375,5.5,1.882709,11000
5537,1995-03-29,5.375,5.5625,5.375,5.5625,1.904104,11200
5538,1995-03-30,5.5,5.625,5.5,5.625,1.925499,9400
5539,1995-03-31,5.625,5.9375,5.5625,5.9375,2.0324709999999997,14600
5540,1995-04-03,5.875,5.875,5.75,5.75,1.968287,32200
5541,1995-04-04,5.6875,5.75,5.6875,5.6875,1.946893,1200
5542,1995-04-05,5.6875,5.75,5.625,5.75,1.968287,3800
5543,1995-04-06,5.75,5.75,5.6875,5.6875,1.946893,4600
5544,1995-04-07,5.6875,5.6875,5.6875,5.6875,1.946893,12200
5545,1995-04-10,5.75,6.0,5.75,6.0,2.053865,121200
5546,1995-04-11,6.0,6.0625,5.9375,6.0,2.053865,6400
5547,1995-04-12,6.0625,6.0625,5.9375,5.9375,2.0324709999999997,11000
5548,1995-04-13,5.875,5.9375,5.875,5.9375,2.0324709999999997,16400
5549,1995-04-17,5.9375,5.9375,5.8125,5.8125,1.989681,15400
5550,1995-04-18,5.875,5.9375,5.875,5.9375,2.0324709999999997,3200
5551,1995-04-19,5.9375,5.9375,5.8125,5.875,2.0110759999999996,10400
5552,1995-04-20,5.9375,6.0,5.875,5.875,2.0110759999999996,19400
5553,1995-04-21,5.8125,5.875,5.6875,5.875,2.0110759999999996,26600
5554,1995-04-24,6.0,6.0,5.875,5.875,2.0110759999999996,26200
5555,1995-04-25,6.0,6.0625,5.9375,6.0,2.053865,10600
5556,1995-04-26,6.0,6.0,5.9375,6.0,2.053865,8200
5557,1995-04-27,5.9375,5.9375,5.8125,5.875,2.0110759999999996,17600
5558,1995-04-28,6.0,6.0625,6.0,6.0625,2.0752599999999997,1600
5559,1995-05-01,6.125,6.125,6.0,6.0,2.053865,6400
5560,1995-05-02,5.9375,6.0,5.875,5.875,2.0110759999999996,3400
5561,1995-05-03,5.8125,5.875,5.8125,5.8125,1.989681,6600
5562,1995-05-04,5.875,5.875,5.875,5.875,2.0110759999999996,11400
5563,1995-05-05,5.75,5.8125,5.75,5.8125,2.005039,7200
5564,1995-05-08,5.75,5.75,5.6875,5.6875,1.96192,10400
5565,1995-05-09,5.75,5.875,5.6875,5.8125,2.005039,15000
5566,1995-05-10,5.8125,5.8125,5.75,5.75,1.98348,3200
5567,1995-05-11,5.875,5.875,5.875,5.875,2.026598,2000
5568,1995-05-12,5.9375,6.0625,5.9375,6.0625,2.091277,41400
5569,1995-05-15,6.125,6.3125,6.0625,6.3125,2.177516,44000
5570,1995-05-16,6.375,6.4375,6.3125,6.375,2.199075,20600
5571,1995-05-17,6.375,6.375,6.3125,6.375,2.199075,26000
5572,1995-05-18,6.375,6.375,6.3125,6.375,2.199075,20800
5573,1995-05-19,6.3125,6.3125,6.25,6.25,2.155955,12400
5574,1995-05-22,6.375,6.375,6.375,6.375,2.199075,10000
5575,1995-05-23,6.375,6.375,6.3125,6.3125,2.177516,10000
5576,1995-05-24,6.375,6.5,6.375,6.375,2.199075,18400
5577,1995-05-25,6.4375,6.4375,6.375,6.375,2.199075,2000
5578,1995-05-26,6.375,6.5,6.375,6.4375,2.220634,5200
5579,1995-05-30,6.4375,6.4375,6.25,6.3125,2.177516,60800
5580,1995-05-31,6.25,6.25,6.0625,6.125,2.112838,46600
5581,1995-06-01,6.0625,6.125,6.0,6.125,2.112838,5000
5582,1995-06-02,6.0625,6.0625,6.0,6.0,2.069718,22200
5583,1995-06-05,6.125,6.125,6.0,6.0,2.069718,3400
5584,1995-06-06,6.125,6.125,5.875,5.875,2.026598,8400
5585,1995-06-07,5.75,5.875,5.75,5.8125,2.005039,6800
5586,1995-06-08,5.875,5.9375,5.875,5.9375,2.0481580000000004,32600
5587,1995-06-09,5.875,6.0,5.8125,6.0,2.069718,35400
5588,1995-06-12,5.875,5.875,5.8125,5.875,2.026598,28400
5589,1995-06-13,5.875,5.875,5.6875,5.75,1.98348,14800
5590,1995-06-14,5.8125,6.0,5.8125,6.0,2.069718,6400
5591,1995-06-15,5.8125,6.0,5.75,6.0,2.069718,86400
5592,1995-06-16,6.0,6.0,5.875,5.875,2.026598,3800
5593,1995-06-19,5.875,5.875,5.75,5.75,1.98348,45600
5594,1995-06-20,5.875,5.9375,5.75,5.75,1.98348,70600
5595,1995-06-21,5.8125,5.875,5.78125,5.78125,1.994259,23800
5596,1995-06-22,5.75,5.8125,5.75,5.75,1.98348,19800
5597,1995-06-23,5.75,5.75,5.625,5.625,1.940361,53600
5598,1995-06-26,5.6875,5.6875,5.5,5.5,1.897241,93200
5599,1995-06-27,5.5,5.5625,5.5,5.5625,1.9188009999999998,1400
5600,1995-06-28,5.5625,5.5625,5.5,5.5,1.897241,51400
5601,1995-06-29,5.5625,5.5625,5.375,5.375,1.854122,23000
5602,1995-06-30,5.25,5.25,5.0,5.25,1.811003,48600
5603,1995-07-03,5.25,5.375,5.25,5.375,1.854122,6400
5604,1995-07-05,5.25,5.25,5.0,5.0,1.724765,70000
5605,1995-07-06,5.0,5.0625,5.0,5.0,1.724765,55000
5606,1995-07-07,5.0625,5.125,5.0,5.125,1.767884,27200
5607,1995-07-10,5.125,5.1875,5.0625,5.0625,1.7463240000000002,25400
5608,1995-07-11,5.25,5.25,5.0625,5.0625,1.7463240000000002,24000
5609,1995-07-12,5.0,5.0,4.875,4.875,1.681645,26200
5610,1995-07-13,4.9375,4.9375,4.8125,4.875,1.681645,18600
5611,1995-07-14,4.875,4.875,4.78125,4.78125,1.649307,8000
5612,1995-07-17,4.8125,5.125,4.8125,5.125,1.767884,11600
5613,1995-07-18,5.0625,5.125,5.0,5.0625,1.7463240000000002,7200
5614,1995-07-19,5.0,5.0,5.0,5.0,1.724765,3000
5615,1995-07-20,4.9375,5.0,4.9375,5.0,1.724765,3600
5616,1995-07-21,5.0,5.0625,5.0,5.0,1.724765,1800
5617,1995-07-24,4.9375,4.9375,4.875,4.875,1.681645,4600
5618,1995-07-25,5.0,5.0,4.9375,4.9375,1.7032060000000002,3200
5619,1995-07-26,4.9375,4.9375,4.75,4.75,1.638526,17200
5620,1995-07-27,4.8125,5.0,4.75,5.0,1.724765,13400
5621,1995-07-28,4.9375,5.0,4.9375,5.0,1.724765,1000
5622,1995-07-31,5.0,5.0,4.9375,4.9375,1.7032060000000002,1600
5623,1995-08-01,4.875,4.9375,4.875,4.875,1.681645,5400
5624,1995-08-02,4.9375,4.9375,4.9375,4.9375,1.7032060000000002,2600
5625,1995-08-03,4.9375,5.1875,4.9375,5.1875,1.7894430000000001,21200
5626,1995-08-04,5.25,5.375,5.25,5.375,1.854122,17200
5627,1995-08-07,5.4375,5.4375,5.375,5.4375,1.875682,11000
5628,1995-08-08,5.4375,5.4375,5.4375,5.4375,1.875682,400
5629,1995-08-09,5.375,5.4375,5.375,5.375,1.854122,25000
5630,1995-08-10,5.375,5.375,5.375,5.375,1.854122,1000
5631,1995-08-11,5.375,5.375,5.375,5.375,1.8697759999999999,5000
5632,1995-08-14,5.375,5.375,5.25,5.25,1.826293,3400
5633,1995-08-15,5.25,5.375,5.25,5.375,1.8697759999999999,3200
5634,1995-08-16,5.375,5.375,5.375,5.375,1.8697759999999999,400
5635,1995-08-17,5.3125,5.3125,5.25,5.25,1.826293,1600
5636,1995-08-18,5.25,5.25,5.25,5.25,1.826293,12000
5637,1995-08-21,5.3125,5.3125,5.3125,5.3125,1.8480349999999999,3400
5638,1995-08-22,5.3125,5.34375,5.3125,5.34375,1.858905,7800
5639,1995-08-23,5.375,5.375,5.28125,5.3125,1.8480349999999999,11000
5640,1995-08-24,5.25,5.25,5.25,5.25,1.826293,21600
5641,1995-08-25,5.25,5.3125,5.25,5.3125,1.8480349999999999,2000
5642,1995-08-28,5.375,5.375,5.3125,5.3125,1.8480349999999999,3600
5643,1995-08-29,5.3125,5.3125,5.3125,5.3125,1.8480349999999999,0
5644,1995-08-30,5.3125,5.375,5.25,5.25,1.826293,1800
5645,1995-08-31,5.3125,5.3125,5.3125,5.3125,1.8480349999999999,3000
5646,1995-09-01,5.3125,5.3125,5.3125,5.3125,1.8480349999999999,2200
5647,1995-09-05,5.3125,5.375,5.3125,5.375,1.8697759999999999,3200
5648,1995-09-06,5.375,5.4375,5.375,5.4375,1.891518,9400
5649,1995-09-07,5.4375,5.5,5.4375,5.5,1.913259,20600
5650,1995-09-08,5.4375,5.4375,5.375,5.375,1.8697759999999999,5800
5651,1995-09-11,5.375,5.375,5.375,5.375,1.8697759999999999,3800
5652,1995-09-12,5.3125,5.4375,5.3125,5.4375,1.891518,6400
5653,1995-09-13,5.4375,5.4375,5.25,5.25,1.826293,17400
5654,1995-09-14,5.375,5.375,5.125,5.125,1.7828099999999998,10000
5655,1995-09-15,5.1875,5.1875,5.0625,5.125,1.7828099999999998,5400
5656,1995-09-18,5.0625,5.0625,5.0625,5.0625,1.761068,200
5657,1995-09-19,5.125,5.125,5.0,5.125,1.7828099999999998,25000
5658,1995-09-20,5.0625,5.0625,5.0625,5.0625,1.761068,400
5659,1995-09-21,5.125,5.125,5.0625,5.125,1.7828099999999998,8000
5660,1995-09-22,5.0625,5.125,5.0625,5.125,1.7828099999999998,4000
5661,1995-09-25,5.125,5.1875,5.0,5.0,1.739326,8000
5662,1995-09-26,5.0,5.125,5.0,5.0,1.739326,9800
5663,1995-09-27,4.9375,5.0625,4.9375,5.0625,1.761068,3200
5664,1995-09-28,5.0625,5.125,5.0,5.125,1.7828099999999998,3200
5665,1995-09-29,5.1875,5.1875,5.1875,5.1875,1.8045509999999998,10200
5666,1995-10-02,5.1875,5.1875,5.125,5.125,1.7828099999999998,3200
5667,1995-10-03,5.0625,5.0625,4.9375,4.9375,1.717585,9800
5668,1995-10-04,5.0,5.0,5.0,5.0,1.739326,2000
5669,1995-10-05,5.0625,5.0625,5.0625,5.0625,1.761068,2600
5670,1995-10-06,5.125,5.125,5.0625,5.0625,1.761068,16200
5671,1995-10-09,5.125,5.125,5.0625,5.0625,1.761068,5400
5672,1995-10-10,5.0625,5.0625,5.0625,5.0625,1.761068,200
5673,1995-10-11,5.0625,5.0625,5.0625,5.0625,1.761068,24400
5674,1995-10-12,5.0,5.0,5.0,5.0,1.739326,800
5675,1995-10-13,5.0,5.0,5.0,5.0,1.739326,800
5676,1995-10-16,4.875,4.875,4.8125,4.875,1.695844,16400
5677,1995-10-17,4.8125,4.8125,4.6875,4.6875,1.6306180000000001,15400
5678,1995-10-18,4.75,4.8125,4.6875,4.75,1.6523599999999998,6000
5679,1995-10-19,4.75,4.8125,4.75,4.8125,1.674102,5800
5680,1995-10-20,4.875,5.0,4.875,4.875,1.695844,13400
5681,1995-10-23,4.9375,4.9375,4.9375,4.9375,1.717585,2000
5682,1995-10-24,4.875,5.0,4.875,5.0,1.739326,3600
5683,1995-10-25,5.0,5.0,4.75,4.9375,1.717585,512000
5684,1995-10-26,4.9375,4.9375,4.875,4.875,1.695844,10400
5685,1995-10-27,4.75,4.8125,4.75,4.75,1.6523599999999998,2000
5686,1995-10-30,4.75,4.75,4.75,4.75,1.6523599999999998,1600
5687,1995-10-31,4.75,4.75,4.75,4.75,1.6523599999999998,3000
5688,1995-11-01,4.6875,4.6875,4.5625,4.625,1.6088770000000001,17400
5689,1995-11-02,4.625,4.6875,4.625,4.6875,1.6306180000000001,3800
5690,1995-11-03,4.625,4.6875,4.625,4.6875,1.6306180000000001,5600
5691,1995-11-06,4.6875,4.6875,4.6875,4.6875,1.6306180000000001,6200
5692,1995-11-07,4.625,4.625,4.625,4.625,1.6088770000000001,10000
5693,1995-11-08,4.6875,4.6875,4.5,4.5,1.565394,16400
5694,1995-11-09,4.5,4.5625,4.5,4.5,1.565394,54000
5695,1995-11-10,4.5,4.5625,4.5,4.5625,1.587136,61200
5696,1995-11-13,4.5625,4.6875,4.5625,4.5625,1.587136,88600
5697,1995-11-14,4.6875,4.6875,4.5625,4.5625,1.587136,10600
5698,1995-11-15,4.5,4.5625,4.5,4.5625,1.587136,124000
5699,1995-11-16,4.5,4.625,4.5,4.625,1.6249040000000001,3200
5700,1995-11-17,4.6875,4.6875,4.6875,4.6875,1.6468619999999998,5600
5701,1995-11-20,4.71875,4.71875,4.625,4.625,1.6249040000000001,6000
5702,1995-11-21,4.625,4.625,4.5,4.5,1.5809879999999998,82800
5703,1995-11-22,4.5,4.5625,4.5,4.5625,1.602946,16400
5704,1995-11-24,4.5,4.5,4.5,4.5,1.5809879999999998,11000
5705,1995-11-27,4.5625,4.625,4.5,4.5625,1.602946,106200
5706,1995-11-28,4.5,4.5625,4.5,4.5,1.5809879999999998,13800
5707,1995-11-29,4.5,4.5625,4.5,4.5,1.5809879999999998,6200
5708,1995-11-30,4.5625,4.5625,4.5,4.5,1.5809879999999998,2600
5709,1995-12-01,4.5625,4.5625,4.53125,4.53125,1.591967,18600
5710,1995-12-04,4.5625,4.625,4.5,4.5,1.5809879999999998,33200
5711,1995-12-05,4.5,4.5625,4.4375,4.5625,1.602946,21000
5712,1995-12-06,4.5625,4.5625,4.5,4.5,1.5809879999999998,25000
5713,1995-12-07,4.5,4.625,4.5,4.5625,1.602946,33600
5714,1995-12-08,4.5625,4.5625,4.4375,4.4375,1.55903,44200
5715,1995-12-11,4.5,4.5,4.375,4.46875,1.570008,19600
5716,1995-12-12,4.5,4.5,4.4375,4.4375,1.55903,1400
5717,1995-12-13,4.5,4.5,4.46875,4.5,1.5809879999999998,8600
5718,1995-12-14,4.5,4.5,4.4375,4.5,1.5809879999999998,27000
5719,1995-12-15,4.4375,4.5,4.375,4.4375,1.55903,143000
5720,1995-12-18,4.46875,4.5,4.375,4.4375,1.55903,99000
5721,1995-12-19,4.375,4.4375,4.375,4.4375,1.55903,58000
5722,1995-12-20,4.5625,4.625,4.5,4.625,1.6249040000000001,14000
5723,1995-12-21,4.625,4.6875,4.625,4.625,1.6249040000000001,22200
5724,1995-12-22,4.5625,4.75,4.5625,4.6875,1.6468619999999998,12800
5725,1995-12-26,4.5625,4.75,4.5625,4.6875,1.6468619999999998,44800
5726,1995-12-27,4.75,4.8125,4.75,4.75,1.66882,13400
5727,1995-12-28,4.6875,4.8125,4.6875,4.75,1.66882,9600
5728,1995-12-29,4.875,4.875,4.6875,4.8125,1.690778,86200
5729,1996-01-02,4.75,4.75,4.625,4.625,1.6249040000000001,21400
5730,1996-01-03,4.625,4.625,4.5625,4.5625,1.602946,24600
5731,1996-01-04,4.5625,4.5625,4.5,4.5,1.5809879999999998,24400
5732,1996-01-05,4.5,4.5,4.5,4.5,1.5809879999999998,21800
5733,1996-01-08,4.5,4.5,4.5,4.5,1.5809879999999998,3200
5734,1996-01-09,4.5625,4.5625,4.5625,4.5625,1.602946,10400
5735,1996-01-10,4.5625,4.625,4.5625,4.59375,1.613925,10600
5736,1996-01-11,4.625,4.625,4.5625,4.5625,1.602946,9600
5737,1996-01-12,4.5625,4.5625,4.5625,4.5625,1.602946,400
5738,1996-01-15,4.5625,4.5625,4.5625,4.5625,1.602946,4000
5739,1996-01-16,4.5625,4.5625,4.5,4.5,1.5809879999999998,10400
5740,1996-01-17,4.5,4.5625,4.5,4.5,1.5809879999999998,2000
5741,1996-01-18,4.4375,4.5,4.4375,4.5,1.5809879999999998,5600
5742,1996-01-19,4.5,4.5625,4.4375,4.5,1.5809879999999998,22800
5743,1996-01-22,4.5,4.5,4.5,4.5,1.5809879999999998,3200
5744,1996-01-23,4.5,4.5,4.46875,4.5,1.5809879999999998,13200
5745,1996-01-24,4.5625,4.6875,4.5,4.6875,1.6468619999999998,15200
5746,1996-01-25,4.625,5.0,4.625,4.9375,1.734694,67800
5747,1996-01-26,5.0,5.0625,5.0,5.0,1.756652,5600
5748,1996-01-29,5.0625,5.1875,5.0625,5.1875,1.822528,10400
5749,1996-01-30,5.0625,5.125,5.0625,5.125,1.8005689999999999,5000
5750,1996-01-31,5.125,5.125,5.0,5.0,1.756652,8000
5751,1996-02-01,5.0,5.0625,5.0,5.0,1.756652,5200
5752,1996-02-02,5.0,5.0,5.0,5.0,1.756652,600
5753,1996-02-05,5.0,5.0,4.84375,4.84375,1.701757,23800
5754,1996-02-06,4.84375,4.9375,4.84375,4.9375,1.734694,5200
5755,1996-02-07,4.9375,5.0625,4.9375,5.0625,1.7786119999999999,5000
5756,1996-02-08,5.0625,5.0625,5.0625,5.0625,1.7786119999999999,200
5757,1996-02-09,5.0,5.125,5.0,5.125,1.8005689999999999,3600
5758,1996-02-12,5.125,5.25,5.125,5.1875,1.822528,30400
5759,1996-02-13,5.1875,5.1875,5.1875,5.1875,1.822528,2000
5760,1996-02-14,5.125,5.1875,5.125,5.1875,1.838475,1000
5761,1996-02-15,5.1875,5.1875,5.125,5.125,1.816325,18200
5762,1996-02-16,5.125,5.1875,5.125,5.1875,1.838475,800
5763,1996-02-20,5.125,5.125,5.0625,5.0625,1.7941759999999998,2800
5764,1996-02-21,5.0,5.0,5.0,5.0,1.7720240000000003,7800
5765,1996-02-22,5.0625,5.0625,5.0625,5.0625,1.7941759999999998,14600
5766,1996-02-23,5.0,5.0,5.0,5.0,1.7720240000000003,2000
5767,1996-02-26,5.0,5.0,5.0,5.0,1.7720240000000003,200
5768,1996-02-27,5.0625,5.0625,5.0625,5.0625,1.7941759999999998,2400
5769,1996-02-28,5.0,5.0625,5.0,5.0,1.7720240000000003,2400
5770,1996-02-29,5.0,5.0625,4.9375,4.9375,1.7498740000000002,2600
5771,1996-03-01,4.9375,5.0625,4.9375,5.0625,1.7941759999999998,1200
5772,1996-03-04,5.0,5.0,4.9375,4.9375,1.7498740000000002,600
5773,1996-03-05,5.0,5.0,5.0,5.0,1.7720240000000003,3800
5774,1996-03-06,5.0,5.0,4.96875,5.0,1.7720240000000003,4000
5775,1996-03-07,5.0,5.0,5.0,5.0,1.7720240000000003,0
5776,1996-03-08,5.0,5.0625,4.9375,4.9375,1.7498740000000002,14600
5777,1996-03-11,4.9375,4.96875,4.9375,4.96875,1.76095,3000
5778,1996-03-12,4.9375,5.0,4.9375,4.9375,1.7498740000000002,13000
5779,1996-03-13,4.9375,4.9375,4.875,4.875,1.7277240000000003,17400
5780,1996-03-14,4.875,4.9375,4.875,4.875,1.7277240000000003,2000
5781,1996-03-15,4.875,4.9375,4.875,4.9375,1.7498740000000002,4200
5782,1996-03-18,4.9375,4.9375,4.9375,4.9375,1.7498740000000002,5200
5783,1996-03-19,4.9375,5.0,4.9375,5.0,1.7720240000000003,12800
5784,1996-03-20,5.0,5.0,5.0,5.0,1.7720240000000003,1400
5785,1996-03-21,5.0,5.0,5.0,5.0,1.7720240000000003,2800
5786,1996-03-22,5.0,5.0,5.0,5.0,1.7720240000000003,1600
5787,1996-03-25,5.0,5.0,5.0,5.0,1.7720240000000003,9800
5788,1996-03-26,5.0,5.0,5.0,5.0,1.7720240000000003,200
5789,1996-03-27,5.0625,5.125,5.0625,5.125,1.816325,9000
5790,1996-03-28,5.0625,5.1875,5.0625,5.125,1.816325,4800
5791,1996-03-29,5.25,5.25,5.125,5.125,1.816325,1400
5792,1996-04-01,5.1875,5.1875,5.1875,5.1875,1.838475,3400
5793,1996-04-02,5.1875,5.25,5.1875,5.25,1.860625,7800
5794,1996-04-03,5.3125,5.3125,5.125,5.125,1.816325,16800
5795,1996-04-04,5.25,5.25,5.25,5.25,1.860625,1600
5796,1996-04-08,5.25,5.3125,5.1875,5.25,1.860625,24800
5797,1996-04-09,5.25,5.3125,5.25,5.25,1.860625,14800
5798,1996-04-10,5.1875,5.1875,5.1875,5.1875,1.838475,800
5799,1996-04-11,5.125,5.25,5.125,5.25,1.860625,13000
5800,1996-04-12,5.25,5.25,5.25,5.25,1.860625,6000
5801,1996-04-15,5.3125,5.3125,5.25,5.3125,1.882775,2400
5802,1996-04-16,5.375,5.375,5.3125,5.3125,1.882775,7200
5803,1996-04-17,5.3125,5.3125,5.25,5.3125,1.882775,15800
5804,1996-04-18,5.25,5.3125,5.25,5.25,1.860625,8000
5805,1996-04-19,5.25,5.3125,5.25,5.3125,1.882775,16200
5806,1996-04-22,5.3125,5.375,5.3125,5.375,1.904925,54800
5807,1996-04-23,5.3125,5.375,5.3125,5.375,1.904925,4400
5808,1996-04-24,5.375,5.375,5.3125,5.3125,1.882775,4400
5809,1996-04-25,5.375,5.375,5.375,5.375,1.904925,1800
5810,1996-04-26,5.3125,5.5,5.3125,5.5,1.949227,6600
5811,1996-04-29,5.5,5.6875,5.5,5.5,1.949227,62000
5812,1996-04-30,5.5,5.5625,5.5,5.5625,1.971377,26000
5813,1996-05-01,5.5,5.5,5.5,5.5,1.949227,8200
5814,1996-05-02,5.5,5.5,5.5,5.5,1.949227,2800
5815,1996-05-03,5.5,5.5,5.5,5.5,1.949227,0
5816,1996-05-06,5.4375,5.5,5.4375,5.5,1.949227,6400
5817,1996-05-07,5.5,5.5,5.4375,5.4375,1.9270759999999998,6400
5818,1996-05-08,5.375,5.375,5.375,5.375,1.904925,3800
5819,1996-05-09,5.375,5.375,5.3125,5.375,1.9192080000000002,3200
5820,1996-05-10,5.375,5.375,5.375,5.375,1.9192080000000002,0
5821,1996-05-13,5.3125,5.4375,5.3125,5.4375,1.9415240000000002,16200
5822,1996-05-14,5.4375,5.5,5.4375,5.4375,1.9415240000000002,28800
5823,1996-05-15,5.4375,5.4375,5.4375,5.4375,1.9415240000000002,4800
5824,1996-05-16,5.5,5.5,5.5,5.5,1.9638419999999999,2000
5825,1996-05-17,5.5,5.625,5.5,5.625,2.008474,6200
5826,1996-05-20,5.625,5.8125,5.625,5.6875,2.03079,13800
5827,1996-05-21,5.625,5.6875,5.625,5.6875,2.03079,9200
5828,1996-05-22,5.625,5.625,5.625,5.625,2.008474,8000
5829,1996-05-23,5.5625,5.5625,5.5625,5.5625,1.986157,2400
5830,1996-05-24,5.625,5.75,5.625,5.75,2.053107,6200
5831,1996-05-28,5.625,5.75,5.625,5.6875,2.03079,4200
5832,1996-05-29,5.6875,5.75,5.6875,5.6875,2.03079,60000
5833,1996-05-30,5.6875,5.875,5.6875,5.8125,2.075423,11400
5834,1996-05-31,5.75,5.75,5.75,5.75,2.053107,14000
5835,1996-06-03,5.8125,5.8125,5.6875,5.6875,2.03079,1200
5836,1996-06-04,5.75,5.75,5.75,5.75,2.053107,20400
5837,1996-06-05,5.75,5.8125,5.75,5.8125,2.075423,16000
5838,1996-06-06,5.8125,5.9375,5.8125,5.9375,2.120056,12000
5839,1996-06-07,6.0,6.0625,5.875,6.0625,2.164689,16200
5840,1996-06-10,6.0,6.0,6.0,6.0,2.142372,3000
5841,1996-06-11,6.0,6.0,6.0,6.0,2.142372,200
5842,1996-06-12,6.0,6.0625,5.9375,5.9375,2.120056,48000
5843,1996-06-13,6.0,6.0,5.9375,5.9375,2.120056,47400
5844,1996-06-14,5.9375,6.0,5.9375,5.9375,2.120056,44400
5845,1996-06-17,6.0,6.0,6.0,6.0,2.142372,26600
5846,1996-06-18,5.9375,5.9375,5.875,5.875,2.097739,4000
5847,1996-06-19,5.875,5.875,5.875,5.875,2.097739,0
5848,1996-06-20,5.875,5.875,5.875,5.875,2.097739,0
5849,1996-06-21,5.9375,5.9375,5.9375,5.9375,2.120056,400
5850,1996-06-24,5.9375,5.9375,5.9375,5.9375,2.120056,400
5851,1996-06-25,5.875,5.875,5.75,5.75,2.053107,10800
5852,1996-06-26,5.75,5.875,5.75,5.875,2.097739,17400
5853,1996-06-27,5.8125,5.875,5.8125,5.875,2.097739,7800
5854,1996-06-28,5.875,6.0,5.875,5.9375,2.120056,22200
5855,1996-07-01,5.9375,6.0,5.9375,6.0,2.142372,4400
5856,1996-07-02,5.9375,6.0625,5.9375,6.0625,2.164689,6200
5857,1996-07-03,6.0,6.0625,6.0,6.0625,2.164689,600
5858,1996-07-05,5.9375,6.0,5.9375,6.0,2.142372,3200
5859,1996-07-08,5.9375,5.9375,5.9375,5.9375,2.120056,6200
5860,1996-07-09,5.875,5.875,5.75,5.75,2.053107,25000
5861,1996-07-10,5.75,5.75,5.6875,5.6875,2.03079,24200
5862,1996-07-11,5.625,5.625,5.5,5.5,1.9638419999999999,12000
5863,1996-07-12,5.5,5.5,5.375,5.4375,1.9415240000000002,11400
5864,1996-07-15,5.4375,5.5,5.1875,5.1875,1.8522599999999998,21800
5865,1996-07-16,5.0625,5.125,5.0,5.0,1.78531,9800
5866,1996-07-17,5.0,5.125,5.0,5.0625,1.8076279999999998,6800
5867,1996-07-18,5.1875,5.375,5.1875,5.375,1.9192080000000002,12600
5868,1996-07-19,5.4375,5.4375,5.4375,5.4375,1.9415240000000002,800
5869,1996-07-22,5.4375,5.4375,5.4375,5.4375,1.9415240000000002,200
5870,1996-07-23,5.4375,5.4375,5.375,5.375,1.9192080000000002,2600
5871,1996-07-24,5.3125,5.3125,5.25,5.25,1.8745759999999998,3200
5872,1996-07-25,5.3125,5.3125,5.1875,5.25,1.8745759999999998,7600
5873,1996-07-26,5.3125,5.3125,5.1875,5.1875,1.8522599999999998,21000
5874,1996-07-29,5.1875,5.1875,5.1875,5.1875,1.8522599999999998,11200
5875,1996-07-30,5.1875,5.1875,5.0625,5.125,1.8299419999999997,7000
5876,1996-07-31,5.0625,5.25,5.0625,5.25,1.8745759999999998,3000
5877,1996-08-01,5.1875,5.1875,5.0625,5.1875,1.8522599999999998,22200
5878,1996-08-02,5.25,5.25,5.1875,5.1875,1.8522599999999998,8800
5879,1996-08-05,5.125,5.25,5.125,5.25,1.8745759999999998,2400
5880,1996-08-06,5.5,5.5625,5.3125,5.5,1.9638419999999999,225200
5881,1996-08-07,5.625,5.6875,5.5,5.5,1.9638419999999999,22000
5882,1996-08-08,5.5625,5.5625,5.4375,5.4375,1.957541,5000
5883,1996-08-09,5.5,5.5,5.4375,5.4375,1.957541,3200
5884,1996-08-12,5.375,5.4375,5.375,5.4375,1.957541,1200
5885,1996-08-13,5.4375,5.5,5.4375,5.5,1.9800419999999999,1200
5886,1996-08-14,5.5625,5.5625,5.3125,5.375,1.935041,18400
5887,1996-08-15,5.375,5.375,5.375,5.375,1.935041,0
5888,1996-08-16,5.375,5.5,5.375,5.5,1.9800419999999999,7000
5889,1996-08-19,5.4375,5.5,5.4375,5.5,1.9800419999999999,5000
5890,1996-08-20,5.4375,5.4375,5.4375,5.4375,1.957541,1400
5891,1996-08-21,5.5,5.5,5.5,5.5,1.9800419999999999,400
5892,1996-08-22,5.4375,5.625,5.375,5.5,1.9800419999999999,18600
5893,1996-08-23,5.5,5.6875,5.5,5.6875,2.047543,5000
5894,1996-08-26,5.6875,5.6875,5.6875,5.6875,2.047543,1200
5895,1996-08-27,5.5625,5.8125,5.5625,5.75,2.0700439999999998,38400
5896,1996-08-28,5.75,5.8125,5.6875,5.6875,2.047543,15600
5897,1996-08-29,5.8125,5.8125,5.8125,5.8125,2.092545,2000
5898,1996-08-30,5.75,5.8125,5.75,5.8125,2.092545,1000
5899,1996-09-03,5.6875,5.75,5.6875,5.75,2.0700439999999998,19400
5900,1996-09-04,5.6875,5.75,5.6875,5.75,2.0700439999999998,800
5901,1996-09-05,5.8125,5.8125,5.6875,5.6875,2.047543,1200
5902,1996-09-06,5.625,5.6875,5.625,5.6875,2.047543,3600
5903,1996-09-09,5.75,5.8125,5.6875,5.6875,2.047543,2800
5904,1996-09-10,5.8125,5.8125,5.8125,5.8125,2.092545,400
5905,1996-09-11,5.8125,5.8125,5.8125,5.8125,2.092545,1200
5906,1996-09-12,5.6875,5.8125,5.6875,5.6875,2.047543,8200
5907,1996-09-13,5.625,5.8125,5.625,5.6875,2.047543,38000
5908,1996-09-16,5.75,5.8125,5.6875,5.8125,2.092545,4600
5909,1996-09-17,5.875,6.0625,5.8125,6.0,2.160045,24800
5910,1996-09-18,6.0,6.0625,5.875,5.9375,2.137543,15000
5911,1996-09-19,5.875,5.875,5.875,5.875,2.1150439999999997,600
5912,1996-09-20,5.75,5.8125,5.75,5.8125,2.092545,2400
5913,1996-09-23,5.75,5.75,5.75,5.75,2.0700439999999998,400
5914,1996-09-24,5.75,5.75,5.75,5.75,2.0700439999999998,800
5915,1996-09-25,5.75,5.8125,5.75,5.8125,2.092545,43800
5916,1996-09-26,5.8125,5.875,5.75,5.875,2.1150439999999997,1200
5917,1996-09-27,5.875,5.9375,5.875,5.9375,2.137543,2400
5918,1996-09-30,5.875,6.0,5.875,5.9375,2.137543,9200
5919,1996-10-01,6.0,6.0,6.0,6.0,2.160045,6400
5920,1996-10-02,6.0625,6.125,6.0625,6.125,2.205045,8400
5921,1996-10-03,6.125,6.1875,6.125,6.1875,2.227547,4000
5922,1996-10-04,6.1875,6.3125,6.1875,6.25,2.250047,10800
5923,1996-10-07,6.1875,6.25,6.1875,6.25,2.250047,11000
5924,1996-10-08,6.3125,6.3125,6.3125,6.3125,2.272548,200
5925,1996-10-09,6.1875,6.25,6.125,6.125,2.205045,15400
5926,1996-10-10,6.125,6.1875,6.125,6.125,2.205045,1600
5927,1996-10-11,6.0625,6.1875,6.0625,6.1875,2.227547,4600
5928,1996-10-14,6.125,6.25,6.125,6.1875,2.227547,2400
5929,1996-10-15,6.25,6.25,6.125,6.125,2.205045,6000
5930,1996-10-16,6.1875,6.1875,6.125,6.125,2.205045,4200
5931,1996-10-17,6.25,6.375,6.25,6.375,2.295049,67000
5932,1996-10-18,6.375,6.375,6.3125,6.375,2.295049,6200
5933,1996-10-21,6.3125,6.375,6.25,6.375,2.295049,2200
5934,1996-10-22,6.1875,6.25,6.1875,6.25,2.250047,12800
5935,1996-10-23,6.25,6.25,6.25,6.25,2.250047,4000
5936,1996-10-24,6.1875,6.25,6.1875,6.25,2.250047,3800
5937,1996-10-25,6.1875,6.3125,6.1875,6.3125,2.272548,400
5938,1996-10-28,6.3125,6.3125,6.3125,6.3125,2.272548,0
5939,1996-10-29,6.375,6.375,6.25,6.3125,2.272548,14200
5940,1996-10-30,6.3125,6.375,6.25,6.25,2.250047,3200
5941,1996-10-31,6.3125,6.3125,6.3125,6.3125,2.272548,1000
5942,1996-11-01,6.375,6.375,6.25,6.3125,2.272548,25200
5943,1996-11-04,6.25,6.3125,6.1875,6.1875,2.227547,24000
5944,1996-11-05,6.125,6.1875,6.125,6.1875,2.227547,3600
5945,1996-11-06,6.125,6.125,6.0625,6.125,2.205045,22800
5946,1996-11-07,6.0625,6.375,6.0625,6.1875,2.227547,56400
5947,1996-11-08,6.125,6.1875,6.0625,6.0625,2.182546,10200
5948,1996-11-11,6.125,6.25,5.9375,6.25,2.250047,73200
5949,1996-11-12,6.25,6.25,6.1875,6.25,2.250047,14800
5950,1996-11-13,6.1875,6.25,6.1875,6.25,2.250047,2000
5951,1996-11-14,6.125,6.1875,6.0625,6.0625,2.201923,7600
5952,1996-11-15,6.1875,6.1875,6.1875,6.1875,2.2473240000000003,1000
5953,1996-11-18,6.125,6.1875,6.0625,6.1875,2.2473240000000003,5400
5954,1996-11-19,6.125,6.1875,6.0,6.125,2.224623,19400
5955,1996-11-20,6.125,6.125,6.125,6.125,2.224623,0
5956,1996-11-21,6.0625,6.0625,6.0625,6.0625,2.201923,600
5957,1996-11-22,6.0625,6.0625,6.0,6.0,2.179222,13400
5958,1996-11-25,6.0,6.0625,6.0,6.0,2.179222,192800
5959,1996-11-26,6.125,6.1875,6.125,6.1875,2.2473240000000003,2400
5960,1996-11-27,6.25,6.375,6.1875,6.375,2.315425,7000
5961,1996-11-29,6.4375,6.4375,6.3125,6.4375,2.338124,11800
5962,1996-12-02,6.4375,6.4375,6.3125,6.3125,2.292724,13800
5963,1996-12-03,6.3125,6.3125,6.125,6.125,2.224623,13200
5964,1996-12-04,6.0625,6.1875,6.0625,6.1875,2.2473240000000003,2200
5965,1996-12-05,6.1875,6.3125,6.125,6.1875,2.2473240000000003,11400
5966,1996-12-06,6.125,6.1875,6.125,6.1875,2.2473240000000003,1600
5967,1996-12-09,6.125,6.25,6.125,6.1875,2.2473240000000003,26200
5968,1996-12-10,6.1875,6.25,6.1875,6.25,2.270023,7200
5969,1996-12-11,6.1875,6.25,6.1875,6.25,2.270023,800
5970,1996-12-12,6.1875,6.25,6.1875,6.1875,2.2473240000000003,3200
5971,1996-12-13,6.25,6.25,6.1875,6.1875,2.2473240000000003,15200
5972,1996-12-16,6.1875,6.25,6.1875,6.25,2.270023,11800
5973,1996-12-17,6.125,6.375,6.125,6.375,2.315425,29400
5974,1996-12-18,6.3125,6.375,6.1875,6.1875,2.2473240000000003,43800
5975,1996-12-19,6.1875,6.25,6.1875,6.1875,2.2473240000000003,46600
5976,1996-12-20,6.25,6.25,6.1875,6.25,2.270023,5200
5977,1996-12-23,6.25,6.375,6.25,6.375,2.315425,101200
5978,1996-12-24,6.375,6.4375,6.375,6.4375,2.338124,110600
5979,1996-12-26,6.4375,6.5625,6.4375,6.5625,2.383525,6000
5980,1996-12-27,6.625,6.75,6.5625,6.625,2.406225,26400
5981,1996-12-30,6.5625,6.625,6.5625,6.625,2.406225,3000
5982,1996-12-31,6.75,6.75,6.625,6.75,2.4516259999999996,13200
5983,1997-01-02,6.6875,6.6875,6.625,6.6875,2.4289259999999997,8600
5984,1997-01-03,6.6875,6.6875,6.625,6.625,2.406225,20200
5985,1997-01-06,6.625,6.75,6.625,6.75,2.4516259999999996,4200
5986,1997-01-07,6.8125,6.8125,6.75,6.75,2.4516259999999996,3000
5987,1997-01-08,6.6875,6.8125,6.6875,6.8125,2.474327,4000
5988,1997-01-09,6.8125,6.8125,6.8125,6.8125,2.474327,0
5989,1997-01-10,6.75,6.8125,6.75,6.75,2.4516259999999996,3200
5990,1997-01-13,6.75,6.75,6.75,6.75,2.4516259999999996,2400
5991,1997-01-14,6.75,6.75,6.75,6.75,2.4516259999999996,2200
5992,1997-01-15,6.75,6.8125,6.625,6.625,2.406225,95000
5993,1997-01-16,6.6875,6.6875,6.5625,6.6875,2.4289259999999997,10200
5994,1997-01-17,6.625,6.6875,6.625,6.6875,2.4289259999999997,1400
5995,1997-01-20,6.75,6.8125,6.75,6.8125,2.474327,800
5996,1997-01-21,6.75,6.9375,6.6875,6.9375,2.519727,13200
5997,1997-01-22,6.875,6.875,6.8125,6.8125,2.474327,14000
5998,1997-01-23,6.75,6.875,6.75,6.875,2.497025,1800
5999,1997-01-24,6.75,6.75,6.75,6.75,2.4516259999999996,7200
6000,1997-01-27,6.75,6.8125,6.75,6.8125,2.474327,2400
6001,1997-01-28,6.8125,6.9375,6.8125,6.9375,2.519727,11000
6002,1997-01-29,6.875,6.875,6.8125,6.8125,2.474327,8800
6003,1997-01-30,6.8125,6.8125,6.8125,6.8125,2.474327,1800
6004,1997-01-31,6.8125,7.0625,6.8125,6.9375,2.519727,19000
6005,1997-02-03,6.9375,6.9375,6.9375,6.9375,2.519727,8000
6006,1997-02-04,6.9375,7.0625,6.875,7.0625,2.565126,7800
6007,1997-02-05,7.0,7.0,6.9375,6.9375,2.519727,4800
6008,1997-02-06,6.9375,7.0,6.875,6.875,2.497025,5400
6009,1997-02-07,6.8125,6.875,6.8125,6.875,2.497025,22200
6010,1997-02-10,6.8125,6.9375,6.75,6.8125,2.474327,23200
6011,1997-02-11,6.8125,6.8125,6.75,6.75,2.4516259999999996,6600
6012,1997-02-12,6.6875,6.75,6.6875,6.75,2.471766,11800
6013,1997-02-13,6.8125,7.0,6.75,7.0,2.563313,14400
6014,1997-02-14,6.9375,6.9375,6.875,6.875,2.517541,15200
6015,1997-02-18,6.875,6.875,6.75,6.8125,2.494653,11600
6016,1997-02-19,6.75,6.8125,6.75,6.8125,2.494653,8200
6017,1997-02-20,6.875,7.1875,6.875,7.0625,2.5862,31200
6018,1997-02-21,7.125,7.125,7.0,7.0,2.563313,29600
6019,1997-02-24,7.0,7.0,6.9375,7.0,2.563313,10800
6020,1997-02-25,7.0,7.0,6.9375,6.9375,2.540427,3800
6021,1997-02-26,6.9375,7.0,6.9375,7.0,2.563313,52800
6022,1997-02-27,7.0625,7.0625,6.875,6.875,2.517541,13800
6023,1997-02-28,6.9375,6.9375,6.8125,6.8125,2.494653,9400
6024,1997-03-03,6.875,6.875,6.8125,6.875,2.517541,1800
6025,1997-03-04,6.8125,6.9375,6.8125,6.875,2.517541,10400
6026,1997-03-05,6.9375,6.9375,6.9375,6.9375,2.540427,2000
6027,1997-03-06,6.875,6.875,6.75,6.75,2.471766,10000
6028,1997-03-07,6.6875,6.6875,6.5625,6.5625,2.403105,152000
6029,1997-03-10,6.5,6.625,6.5,6.625,2.425993,44200
6030,1997-03-11,6.5625,6.625,6.5,6.5,2.380219,65800
6031,1997-03-12,6.5,6.625,6.5,6.5625,2.403105,14000
6032,1997-03-13,6.5625,6.625,6.5625,6.5625,2.403105,4000
6033,1997-03-14,6.5625,6.625,6.5625,6.5625,2.403105,10400
6034,1997-03-17,6.5625,6.5625,6.5625,6.5625,2.403105,400
6035,1997-03-18,6.625,6.6875,6.5625,6.6875,2.44888,4000
6036,1997-03-19,6.625,6.625,6.5625,6.5625,2.403105,11000
6037,1997-03-20,6.5625,6.5625,6.5,6.5625,2.403105,12200
6038,1997-03-21,6.5625,6.5625,6.5,6.5,2.380219,800
6039,1997-03-24,6.4375,6.5,6.4375,6.5,2.380219,1800
6040,1997-03-25,6.5,6.5625,6.5,6.5625,2.403105,13600
6041,1997-03-26,6.5,6.625,6.5,6.5625,2.403105,10800
6042,1997-03-27,6.5,6.625,6.5,6.625,2.425993,6200
6043,1997-03-31,6.5625,6.5625,6.5,6.5,2.380219,26600
6044,1997-04-01,6.5,6.5,6.4375,6.4375,2.357332,21600
6045,1997-04-02,6.5,6.5,6.5,6.5,2.380219,60000
6046,1997-04-03,6.5,6.5,6.4375,6.4375,2.357332,5800
6047,1997-04-04,6.375,6.375,6.375,6.375,2.334446,2000
6048,1997-04-07,6.375,6.375,6.375,6.375,2.334446,7600
6049,1997-04-08,6.375,6.375,6.375,6.375,2.334446,20400
6050,1997-04-09,6.375,6.375,6.375,6.375,2.334446,32600
6051,1997-04-10,6.3125,6.3125,6.3125,6.3125,2.311559,6200
6052,1997-04-11,6.3125,6.3125,6.3125,6.3125,2.311559,10000
6053,1997-04-14,6.3125,6.3125,6.3125,6.3125,2.311559,7400
6054,1997-04-15,6.3125,6.3125,6.25,6.25,2.288672,16400
6055,1997-04-16,6.25,6.25,6.1875,6.1875,2.265786,22000
6056,1997-04-17,6.1875,6.1875,6.1875,6.1875,2.265786,10600
6057,1997-04-18,6.1875,6.1875,5.9375,5.9375,2.1742369999999998,144600
6058,1997-04-21,5.9375,5.9375,5.875,5.875,2.151351,51000
6059,1997-04-22,5.875,5.875,5.875,5.875,2.151351,597000
6060,1997-04-23,5.875,5.875,5.75,5.75,2.105578,9400
6061,1997-04-24,5.6875,5.6875,5.625,5.625,2.059805,13800
6062,1997-04-25,5.625,5.625,5.5625,5.5625,2.036918,4200
6063,1997-04-28,5.5625,5.5625,5.5,5.5,2.014032,8400
6064,1997-04-29,5.5,5.5,5.5,5.5,2.014032,1000
6065,1997-04-30,5.5,5.625,5.5,5.625,2.059805,20800
6066,1997-05-01,5.625,5.6875,5.625,5.6875,2.082691,11000
6067,1997-05-02,5.75,5.875,5.75,5.75,2.105578,602600
6068,1997-05-05,5.8125,5.875,5.75,5.875,2.151351,6600
6069,1997-05-06,5.9375,5.9375,5.9375,5.9375,2.1742369999999998,1800
6070,1997-05-07,5.9375,5.9375,5.9375,5.9375,2.1742369999999998,400
6071,1997-05-08,5.96875,5.96875,5.9375,5.9375,2.194566,4200
6072,1997-05-09,5.9375,5.9375,5.9375,5.9375,2.194566,35000
6073,1997-05-12,6.0,6.0,6.0,6.0,2.217668,600
6074,1997-05-13,5.9375,6.0,5.9375,6.0,2.217668,15800
6075,1997-05-14,6.0,6.0,6.0,6.0,2.217668,3200
6076,1997-05-15,6.0,6.0,5.9375,5.9375,2.194566,8200
6077,1997-05-16,6.0,6.0,5.9375,5.9375,2.194566,7400
6078,1997-05-19,5.9375,5.9375,5.9375,5.9375,2.194566,400
6079,1997-05-20,5.9375,5.9375,5.9375,5.9375,2.194566,400
6080,1997-05-21,5.875,5.875,5.875,5.875,2.171466,5600
6081,1997-05-22,5.875,5.875,5.875,5.875,2.171466,2400
6082,1997-05-23,5.875,6.0,5.875,6.0,2.217668,1400
6083,1997-05-27,5.875,5.875,5.875,5.875,2.171466,6400
6084,1997-05-28,5.875,5.875,5.75,5.8125,2.1483659999999998,3000
6085,1997-05-29,5.75,5.8125,5.6875,5.8125,2.1483659999999998,23000
6086,1997-05-30,5.8125,5.8125,5.75,5.75,2.125265,7600
6087,1997-06-02,5.8125,5.8125,5.75,5.8125,2.1483659999999998,13600
6088,1997-06-03,5.8125,5.8125,5.75,5.75,2.125265,5400
6089,1997-06-04,5.8125,5.8125,5.75,5.8125,2.1483659999999998,7800
6090,1997-06-05,5.75,5.8125,5.75,5.8125,2.1483659999999998,5000
6091,1997-06-06,5.75,5.875,5.75,5.8125,2.1483659999999998,14200
6092,1997-06-09,5.75,5.75,5.75,5.75,2.125265,3600
6093,1997-06-10,5.75,5.75,5.6875,5.6875,2.1021650000000003,46200
6094,1997-06-11,5.71875,5.71875,5.6875,5.6875,2.1021650000000003,27800
6095,1997-06-12,5.6875,5.6875,5.6875,5.6875,2.1021650000000003,3800
6096,1997-06-13,5.8125,5.8125,5.8125,5.8125,2.1483659999999998,4200
6097,1997-06-16,5.84375,5.84375,5.78125,5.78125,2.136816,5600
6098,1997-06-17,5.78125,5.78125,5.78125,5.78125,2.136816,1000
6099,1997-06-18,5.78125,5.875,5.75,5.84375,2.1599169999999996,25000
6100,1997-06-19,5.8125,5.8125,5.75,5.75,2.125265,11400
6101,1997-06-20,5.75,5.75,5.75,5.75,2.125265,1800
6102,1997-06-23,5.75,5.75,5.75,5.75,2.125265,14600
6103,1997-06-24,5.6875,5.8125,5.6875,5.75,2.125265,29000
6104,1997-06-25,5.6875,5.75,5.6875,5.75,2.125265,55600
6105,1997-06-26,5.75,5.8125,5.71875,5.8125,2.1483659999999998,15800
6106,1997-06-27,5.84375,5.90625,5.8125,5.875,2.171466,6800
6107,1997-06-30,5.875,5.9375,5.875,5.875,2.171466,4200
6108,1997-07-01,6.0,6.0625,6.0,6.0625,2.240768,6000
6109,1997-07-02,5.9375,6.0625,5.9375,5.9375,2.194566,11800
6110,1997-07-03,5.875,5.9375,5.875,5.9375,2.194566,3800
6111,1997-07-07,5.9375,6.0,5.875,6.0,2.217668,8800
6112,1997-07-08,6.0,6.0,5.875,5.9375,2.194566,9000
6113,1997-07-09,5.875,5.9375,5.875,5.875,2.171466,5200
6114,1997-07-10,5.875,5.9375,5.6875,5.75,2.125265,42000
6115,1997-07-11,5.75,5.9375,5.75,5.9375,2.194566,8400
6116,1997-07-14,5.96875,5.96875,5.96875,5.96875,2.206118,2600
6117,1997-07-15,5.9375,6.0,5.9375,6.0,2.217668,23600
6118,1997-07-16,6.0,6.1875,6.0,6.1875,2.286971,18000
6119,1997-07-17,6.0625,6.6875,6.0625,6.5625,2.425574,65200
6120,1997-07-18,6.53125,6.6875,6.5,6.5625,2.425574,10400
6121,1997-07-21,6.5,6.5625,6.4375,6.5,2.402473,4600
6122,1997-07-22,6.5625,6.6875,6.5625,6.6875,2.4717759999999998,24200
6123,1997-07-23,6.625,6.65625,6.625,6.65625,2.460225,2600
6124,1997-07-24,6.6875,6.75,6.625,6.75,2.4948759999999996,14200
6125,1997-07-25,6.6875,6.875,6.6875,6.875,2.541079,2800
6126,1997-07-28,6.875,6.9375,6.8125,6.875,2.541079,22400
6127,1997-07-29,6.8125,6.9375,6.8125,6.9375,2.564178,11800
6128,1997-07-30,7.0,7.125,7.0,7.09375,2.621929,7200
6129,1997-07-31,7.03125,7.03125,6.875,6.875,2.541079,20000
6130,1997-08-01,6.875,6.9375,6.875,6.9375,2.564178,3000
6131,1997-08-04,7.0,7.125,7.0,7.125,2.63348,7200
6132,1997-08-05,7.1875,7.21875,7.125,7.21875,2.6681310000000003,15000
6133,1997-08-06,7.25,7.3125,7.25,7.3125,2.702784,26600
6134,1997-08-07,7.375,7.375,7.25,7.34375,2.7349040000000002,3800
6135,1997-08-08,7.34375,7.34375,7.34375,7.34375,2.7349040000000002,1000
6136,1997-08-11,7.375,7.5,7.375,7.4375,2.769816,27800
6137,1997-08-12,7.4375,7.625,7.375,7.625,2.839645,19200
6138,1997-08-13,7.5625,7.5625,7.5,7.5625,2.816369,2600
6139,1997-08-14,7.75,7.875,7.75,7.84375,2.9211080000000003,13000
6140,1997-08-15,7.8125,7.8125,7.6875,7.6875,2.8629189999999998,11000
6141,1997-08-18,7.5625,7.8125,7.5625,7.8125,2.909472,10800
6142,1997-08-19,7.75,7.75,7.6875,7.6875,2.8629189999999998,6600
6143,1997-08-20,7.75,7.8125,7.625,7.8125,2.909472,19200
6144,1997-08-21,7.75,7.75,7.6875,7.6875,2.8629189999999998,25200
6145,1997-08-22,7.75,7.75,7.5625,7.5625,2.816369,4800
6146,1997-08-25,7.625,7.8125,7.625,7.6875,2.8629189999999998,13600
6147,1997-08-26,7.6875,7.875,7.6875,7.75,2.886196,17200
6148,1997-08-27,7.75,7.75,7.6875,7.6875,2.8629189999999998,10400
6149,1997-08-28,7.6875,7.75,7.6875,7.75,2.886196,20000
6150,1997-08-29,7.8125,7.8125,7.6875,7.6875,2.8629189999999998,7200
6151,1997-09-02,7.75,7.8125,7.6875,7.71875,2.8745580000000004,4800
6152,1997-09-03,7.6875,7.6875,7.625,7.6875,2.8629189999999998,25600
6153,1997-09-04,7.6875,7.75,7.6875,7.75,2.886196,36400
6154,1997-09-05,7.75,7.875,7.75,7.8125,2.909472,21200
6155,1997-09-08,7.875,7.875,7.875,7.875,2.932747,200
6156,1997-09-09,7.875,8.25,7.875,8.25,3.072403,37600
6157,1997-09-10,8.25,8.375,8.125,8.375,3.118953,27200
6158,1997-09-11,8.3125,8.3125,8.125,8.1875,3.049126,12200
6159,1997-09-12,8.125,8.125,8.0625,8.0625,3.002574,3200
6160,1997-09-15,8.0625,8.0625,8.0625,8.0625,3.002574,10000
6161,1997-09-16,8.09375,8.125,8.0625,8.125,3.025851,45800
6162,1997-09-17,8.1875,8.1875,8.0625,8.125,3.025851,26600
6163,1997-09-18,8.125,8.1875,8.0625,8.0625,3.002574,13200
6164,1997-09-19,8.125,8.125,8.0625,8.0625,3.002574,2400
6165,1997-09-22,8.0625,8.125,8.0625,8.125,3.025851,46400
6166,1997-09-23,8.125,8.15625,8.125,8.125,3.025851,1400
6167,1997-09-24,8.25,8.3125,8.1875,8.1875,3.049126,11200
6168,1997-09-25,8.25,8.25,8.1875,8.1875,3.049126,35000
6169,1997-09-26,8.125,8.1875,8.125,8.1875,3.049126,400
6170,1997-09-29,8.1875,8.1875,7.9375,7.9375,2.956023,38800
6171,1997-09-30,7.9375,7.9375,7.875,7.875,2.932747,1400
6172,1997-10-01,7.875,7.875,7.875,7.875,2.932747,6800
6173,1997-10-02,7.90625,7.90625,7.90625,7.90625,2.944385,200
6174,1997-10-03,7.84375,7.84375,7.8125,7.8125,2.909472,3400
6175,1997-10-06,7.75,7.75,7.75,7.75,2.886196,6400
6176,1997-10-07,7.6875,7.6875,7.625,7.6875,2.8629189999999998,63200
6177,1997-10-08,7.625,7.625,7.625,7.625,2.839645,600
6178,1997-10-09,7.625,7.6875,7.625,7.6875,2.8629189999999998,13600
6179,1997-10-10,7.5625,7.5625,7.375,7.4375,2.769816,16000
6180,1997-10-13,7.4375,7.5,7.375,7.5,2.793093,15400
6181,1997-10-14,7.4375,7.4375,7.4375,7.4375,2.769816,20400
6182,1997-10-15,7.375,7.375,7.375,7.375,2.746539,2600
6183,1997-10-16,7.4375,7.75,7.4375,7.75,2.886196,22600
6184,1997-10-17,7.6875,7.71875,7.5625,7.5625,2.816369,16200
6185,1997-10-20,7.5,7.5,7.4375,7.46875,2.781454,13200
6186,1997-10-21,7.4375,7.5,7.4375,7.5,2.793093,7800
6187,1997-10-22,7.5,7.5,7.375,7.375,2.746539,22200
6188,1997-10-23,7.25,7.25,7.125,7.125,2.653438,17800
6189,1997-10-24,7.125,7.25,7.125,7.25,2.69999,24200
6190,1997-10-27,7.1875,7.1875,7.0,7.0,2.606887,2200
6191,1997-10-28,6.8125,7.0,6.75,7.0,2.606887,9400
6192,1997-10-29,7.0,7.0,7.0,7.0,2.606887,0
6193,1997-10-30,6.875,6.875,6.875,6.875,2.560335,2200
6194,1997-10-31,7.0,7.0,7.0,7.0,2.606887,8800
6195,1997-11-03,7.1875,7.25,7.1875,7.25,2.69999,25200
6196,1997-11-04,7.25,7.3125,7.25,7.25,2.69999,18600
6197,1997-11-05,7.25,7.25,7.125,7.125,2.653438,5800
6198,1997-11-06,7.125,7.25,7.125,7.125,2.676919,2600
6199,1997-11-07,7.125,7.1875,7.125,7.1875,2.700402,15000
6200,1997-11-10,7.1875,7.25,7.1875,7.1875,2.700402,27400
6201,1997-11-11,7.1875,7.25,7.1875,7.25,2.7238830000000003,1400
6202,1997-11-12,7.1875,7.25,7.1875,7.25,2.7238830000000003,1200
6203,1997-11-13,7.1875,7.1875,7.1875,7.1875,2.700402,600
6204,1997-11-14,7.25,7.25,7.25,7.25,2.7238830000000003,400
6205,1997-11-17,7.25,7.25,7.25,7.25,2.7238830000000003,200
6206,1997-11-18,7.25,7.25,7.21875,7.21875,2.7121419999999996,2000
6207,1997-11-19,7.25,7.25,7.25,7.25,2.7238830000000003,2800
6208,1997-11-20,7.1875,7.1875,7.1875,7.1875,2.700402,1200
6209,1997-11-21,7.25,7.25,7.25,7.25,2.7238830000000003,600
6210,1997-11-24,7.25,7.3125,7.25,7.3125,2.747366,3000
6211,1997-11-25,7.375,7.5,7.375,7.5,2.817811,5800
6212,1997-11-26,7.5625,7.5625,7.5625,7.5625,2.8412919999999997,200
6213,1997-11-28,7.6875,7.6875,7.5625,7.5625,2.8412919999999997,1800
6214,1997-12-01,7.5625,7.5625,7.5625,7.5625,2.8412919999999997,200
6215,1997-12-02,7.5,7.625,7.5,7.625,2.864773,3000
6216,1997-12-03,7.75,7.75,7.6875,7.6875,2.888256,18400
6217,1997-12-04,7.6875,7.6875,7.6875,7.6875,2.888256,1000
6218,1997-12-05,7.6875,7.875,7.6875,7.875,2.958701,13600
6219,1997-12-08,7.75,7.75,7.75,7.75,2.911737,600
6220,1997-12-09,7.6875,7.6875,7.6875,7.6875,2.888256,5800
6221,1997-12-10,7.6875,7.6875,7.6875,7.6875,2.888256,0
6222,1997-12-11,7.625,7.75,7.625,7.75,2.911737,3200
6223,1997-12-12,7.75,7.75,7.75,7.75,2.911737,1000
6224,1997-12-15,7.71875,7.71875,7.71875,7.71875,2.899997,200
6225,1997-12-16,7.75,7.84375,7.6875,7.84375,2.94696,5200
6226,1997-12-17,7.84375,7.84375,7.84375,7.84375,2.94696,200
6227,1997-12-18,7.875,7.9375,7.8125,7.8125,2.935219,4000
6228,1997-12-19,7.8125,7.8125,7.8125,7.8125,2.935219,4200
6229,1997-12-22,7.75,7.75,7.75,7.75,2.911737,33000
6230,1997-12-23,7.75,7.75,7.75,7.75,2.911737,0
6231,1997-12-24,7.75,7.75,7.75,7.75,2.911737,400
6232,1997-12-26,7.75,7.75,7.75,7.75,2.911737,400
6233,1997-12-29,7.75,7.75,7.75,7.75,2.911737,200
6234,1997-12-30,7.75,7.875,7.75,7.84375,2.94696,3400
6235,1997-12-31,7.84375,8.0,7.84375,8.0,3.005665,6600
6236,1998-01-02,8.0,8.0,8.0,8.0,3.005665,1400
6237,1998-01-05,8.0,8.0,8.0,8.0,3.005665,4600
6238,1998-01-06,8.125,8.125,8.0,8.0,3.005665,6400
6239,1998-01-07,8.125,8.125,8.0625,8.0625,3.029145,1200
6240,1998-01-08,8.1875,8.375,8.1875,8.375,3.146553,14800
6241,1998-01-09,8.3125,8.375,8.3125,8.375,3.146553,9800
6242,1998-01-12,8.5,8.625,8.4375,8.625,3.240482,9800
6243,1998-01-13,8.625,8.6875,8.4375,8.5625,3.217,19200
6244,1998-01-14,8.375,8.5,8.3125,8.4375,3.1700369999999998,15000
6245,1998-01-15,8.375,8.5,8.375,8.4375,3.1700369999999998,9600
6246,1998-01-16,8.375,8.5,8.375,8.5,3.19352,2600
6247,1998-01-20,8.4375,8.4375,8.28125,8.28125,3.111333,6800
6248,1998-01-21,8.34375,8.375,8.3125,8.34375,3.134815,3800
6249,1998-01-22,8.3125,8.3125,8.125,8.125,3.052626,6000
6250,1998-01-23,8.125,8.125,8.125,8.125,3.052626,400
6251,1998-01-26,8.0625,8.125,8.0625,8.0625,3.029145,4000
6252,1998-01-27,8.0625,8.0625,8.0625,8.0625,3.029145,200
6253,1998-01-28,8.0625,8.0625,7.75,7.875,2.958701,170200
6254,1998-01-29,7.875,7.875,7.875,7.875,2.958701,1800
6255,1998-01-30,7.875,7.875,7.875,7.875,2.958701,200
6256,1998-02-02,7.875,7.875,7.65625,7.65625,2.876516,24800
6257,1998-02-03,7.6875,7.6875,7.625,7.625,2.864773,16400
6258,1998-02-04,7.6875,7.875,7.6875,7.875,2.958701,77800
6259,1998-02-05,7.9375,8.125,7.9375,8.125,3.052626,14000
6260,1998-02-06,8.25,8.25,8.25,8.25,3.099592,1000
6261,1998-02-09,8.1875,8.375,8.15625,8.3125,3.1230729999999998,11600
6262,1998-02-10,8.375,8.375,8.3125,8.3125,3.1230729999999998,1000
6263,1998-02-11,8.28125,8.3125,8.21875,8.25,3.1230729999999998,45000
6264,1998-02-12,8.25,8.5,8.25,8.25,3.17112,32800
6265,1998-02-13,8.25,8.3125,8.1875,8.1875,3.147097,19200
6266,1998-02-17,8.21875,8.21875,8.21875,8.21875,3.1591080000000002,1000
6267,1998-02-18,8.21875,8.21875,8.21875,8.21875,3.1591080000000002,200
6268,1998-02-19,8.25,8.3125,8.25,8.3125,3.195144,7400
6269,1998-02-20,8.375,8.4375,8.3125,8.3125,3.195144,1800
6270,1998-02-23,8.375,8.4375,8.3125,8.4375,3.243191,2600
6271,1998-02-24,8.375,8.625,8.375,8.5,3.267216,29200
6272,1998-02-25,8.5,8.5,8.4375,8.4375,3.243191,5200
6273,1998-02-26,8.4375,8.5,8.4375,8.5,3.267216,7800
6274,1998-02-27,8.5,8.5,8.5,8.5,3.267216,6600
6275,1998-03-02,8.5,8.5,8.5,8.5,3.267216,1200
6276,1998-03-03,8.5,8.5,8.5,8.5,3.267216,4200
6277,1998-03-04,8.5,8.5,8.46875,8.46875,3.255203,30000
6278,1998-03-05,8.5625,8.5625,8.5,8.5,3.267216,2800
6279,1998-03-06,8.5,8.5,8.46875,8.5,3.267216,4400
6280,1998-03-09,8.5,8.5,8.5,8.5,3.267216,3200
6281,1998-03-10,8.625,8.625,8.53125,8.53125,3.2792269999999997,8400
6282,1998-03-11,8.625,8.75,8.625,8.6875,3.339286,8800
6283,1998-03-12,8.6875,8.6875,8.5,8.5625,3.291238,12200
6284,1998-03-13,8.5625,8.5625,8.5,8.5,3.267216,1200
6285,1998-03-16,8.5,8.5,8.5,8.5,3.267216,13600
6286,1998-03-17,8.5,8.5,8.5,8.5,3.267216,15200
6287,1998-03-18,8.5625,8.625,8.5625,8.625,3.315262,7000
6288,1998-03-19,8.75,8.75,8.625,8.625,3.315262,8800
6289,1998-03-20,8.625,8.625,8.625,8.625,3.315262,200
6290,1998-03-23,8.625,8.625,8.5625,8.5625,3.291238,7200
6291,1998-03-24,8.625,8.625,8.625,8.625,3.315262,2000
6292,1998-03-25,8.75,8.75,8.625,8.625,3.315262,12200
6293,1998-03-26,8.625,8.625,8.625,8.625,3.315262,8800
6294,1998-03-27,8.6875,8.6875,8.6875,8.6875,3.339286,1200
6295,1998-03-30,8.6875,8.6875,8.6875,8.6875,3.339286,2200
6296,1998-03-31,8.65625,8.75,8.65625,8.75,3.3633089999999997,27200
6297,1998-04-01,8.6875,8.6875,8.625,8.625,3.315262,10800
6298,1998-04-02,8.625,9.0,8.625,8.875,3.4113580000000003,10200
6299,1998-04-03,9.0,9.0,8.875,8.875,3.4113580000000003,12600
6300,1998-04-06,8.875,8.875,8.875,8.875,3.4113580000000003,5600
6301,1998-04-07,8.8125,8.9375,8.8125,8.875,3.4113580000000003,3400
6302,1998-04-08,8.8125,8.8125,8.8125,8.8125,3.3873339999999996,400
6303,1998-04-09,8.8125,8.8125,8.78125,8.78125,3.37532,7400
6304,1998-04-13,8.8125,8.8125,8.625,8.625,3.315262,16800
6305,1998-04-14,8.75,8.8125,8.6875,8.75,3.3633089999999997,12000
6306,1998-04-15,8.6875,8.8125,8.6875,8.8125,3.3873339999999996,16000
6307,1998-04-16,8.875,8.875,8.875,8.875,3.4113580000000003,2000
6308,1998-04-17,8.84375,9.0,8.8125,8.96875,3.447392,24000
6309,1998-04-20,8.9375,9.125,8.9375,9.125,3.507451,21400
6310,1998-04-21,9.125,9.125,9.0625,9.0625,3.483429,12200
6311,1998-04-22,9.1875,9.3125,9.1875,9.25,3.5554989999999997,13400
6312,1998-04-23,9.25,9.25,9.0,9.0,3.4594050000000003,22400
6313,1998-04-24,8.9375,8.9375,8.875,8.875,3.4113580000000003,9800
6314,1998-04-27,8.8125,8.8125,8.75,8.75,3.3633089999999997,12000
6315,1998-04-28,8.6875,8.6875,8.6875,8.6875,3.339286,1600
6316,1998-04-29,8.6875,8.6875,8.5625,8.5625,3.291238,4600
6317,1998-04-30,8.5625,8.5625,8.5625,8.5625,3.291238,2200
6318,1998-05-01,8.5625,8.6875,8.5625,8.625,3.315262,3400
6319,1998-05-04,8.75,8.75,8.6875,8.6875,3.339286,32600
6320,1998-05-05,8.6875,8.6875,8.6875,8.6875,3.339286,4800
6321,1998-05-06,8.6875,8.6875,8.625,8.625,3.315262,2600
6322,1998-05-07,8.625,8.6875,8.625,8.6875,3.339286,2600
6323,1998-05-08,8.625,8.71875,8.5625,8.5625,3.291238,16400
6324,1998-05-11,8.5625,8.5625,8.5,8.5,3.267216,49400
6325,1998-05-12,8.5,8.5,8.5,8.5,3.267216,1400
6326,1998-05-13,8.4375,8.4375,8.4375,8.4375,3.243191,8400
6327,1998-05-14,8.375,8.375,8.3125,8.3125,3.218988,4000
6328,1998-05-15,8.375,8.4375,8.3125,8.4375,3.267394,2200
6329,1998-05-18,8.4375,8.4375,8.4375,8.4375,3.267394,400
6330,1998-05-19,8.375,8.375,8.375,8.375,3.243191,2400
6331,1998-05-20,8.3125,8.3125,8.25,8.25,3.194787,10800
6332,1998-05-21,8.3125,8.3125,8.25,8.25,3.194787,1600
6333,1998-05-22,8.28125,8.28125,8.1875,8.1875,3.170584,4800
6334,1998-05-26,8.125,8.125,8.125,8.125,3.146379,3600
6335,1998-05-27,8.0,8.0,8.0,8.0,3.0979740000000002,1600
6336,1998-05-28,8.0625,8.0625,8.0625,8.0625,3.122177,200
6337,1998-05-29,8.0,8.0,7.875,7.875,3.049568,13000
6338,1998-06-01,7.75,7.875,7.6875,7.6875,2.97696,5200
6339,1998-06-02,7.65625,7.65625,7.65625,7.65625,2.964858,800
6340,1998-06-03,7.65625,7.875,7.65625,7.875,3.049568,3000
6341,1998-06-04,7.875,7.875,7.875,7.875,3.049568,6800
6342,1998-06-05,7.875,7.875,7.875,7.875,3.049568,1800
6343,1998-06-08,7.875,8.0,7.875,8.0,3.0979740000000002,5400
6344,1998-06-09,8.0625,8.0625,8.0625,8.0625,3.122177,1000
6345,1998-06-10,8.09375,8.09375,8.09375,8.09375,3.1342779999999997,400
6346,1998-06-11,7.96875,8.09375,7.9375,8.09375,3.1342779999999997,7000
6347,1998-06-12,8.0625,8.0625,8.0625,8.0625,3.122177,400
6348,1998-06-15,8.125,8.125,8.0,8.0,3.0979740000000002,2200
6349,1998-06-16,7.9375,7.9375,7.9375,7.9375,3.073771,200
6350,1998-06-17,7.9375,7.9375,7.875,7.875,3.049568,6400
6351,1998-06-18,7.875,7.875,7.875,7.875,3.049568,200
6352,1998-06-19,7.9375,7.9375,7.9375,7.9375,3.073771,200
6353,1998-06-22,7.9375,7.9375,7.9375,7.9375,3.073771,0
6354,1998-06-23,7.875,7.875,7.875,7.875,3.049568,8000
6355,1998-06-24,7.875,7.9375,7.875,7.9375,3.073771,1000
6356,1998-06-25,7.9375,7.9375,7.9375,7.9375,3.073771,200
6357,1998-06-26,7.90625,8.0,7.90625,8.0,3.0979740000000002,8200
6358,1998-06-29,8.0,8.0,8.0,8.0,3.0979740000000002,400
6359,1998-06-30,8.0,8.125,7.90625,8.125,3.146379,17400
6360,1998-07-01,8.0625,8.125,8.0625,8.125,3.146379,800
6361,1998-07-02,8.25,8.25,8.15625,8.15625,3.15848,2000
6362,1998-07-06,8.15625,8.1875,8.15625,8.1875,3.170584,1600
6363,1998-07-07,8.1875,8.1875,8.125,8.125,3.146379,3200
6364,1998-07-08,8.25,8.25,8.1875,8.1875,3.170584,2000
6365,1998-07-09,8.1875,8.1875,8.1875,8.1875,3.170584,1200
6366,1998-07-10,8.25,8.375,8.25,8.25,3.194787,6600
6367,1998-07-13,8.375,8.375,8.25,8.25,3.194787,6000
6368,1998-07-14,8.25,8.375,8.25,8.375,3.243191,6200
6369,1998-07-15,8.375,8.375,8.34375,8.34375,3.231089,600
6370,1998-07-16,8.375,8.375,8.375,8.375,3.243191,400
6371,1998-07-17,8.3125,8.3125,8.3125,8.3125,3.218988,800
6372,1998-07-20,8.25,8.28125,8.25,8.25,3.194787,3000
6373,1998-07-21,8.25,8.25,8.25,8.25,3.194787,200
6374,1998-07-22,8.25,8.3125,8.1875,8.1875,3.170584,2000
6375,1998-07-23,8.1875,8.1875,8.1875,8.1875,3.170584,10600
6376,1998-07-24,8.125,8.125,8.0625,8.0625,3.122177,2400
6377,1998-07-27,7.9375,7.9375,7.90625,7.90625,3.0616689999999998,1800
6378,1998-07-28,7.875,7.875,7.875,7.875,3.049568,200
6379,1998-07-29,7.75,7.75,7.625,7.625,2.952756,4600
6380,1998-07-30,7.5,7.5625,7.4375,7.5625,2.928553,3800
6381,1998-07-31,7.5625,7.5625,7.5,7.5,2.9043509999999997,600
6382,1998-08-03,7.5,7.5,7.3125,7.3125,2.831741,3200
6383,1998-08-04,7.4375,7.4375,7.3125,7.3125,2.831741,9000
6384,1998-08-05,7.25,7.25,7.25,7.25,2.807539,200
6385,1998-08-06,7.1875,7.1875,7.1875,7.1875,2.80754,400
6386,1998-08-07,7.125,7.125,7.125,7.125,2.783125,1000
6387,1998-08-10,7.125,7.1875,7.125,7.1875,2.80754,800
6388,1998-08-11,7.1875,7.3125,7.1875,7.3125,2.856364,1200
6389,1998-08-12,7.25,7.375,7.25,7.375,2.88078,1800
6390,1998-08-13,7.4375,7.4375,7.4375,7.4375,2.905192,600
6391,1998-08-14,7.4375,7.4375,7.4375,7.4375,2.905192,200
6392,1998-08-17,7.4375,7.4375,7.4375,7.4375,2.905192,200
6393,1998-08-18,7.4375,7.4375,7.4375,7.4375,2.905192,200
6394,1998-08-19,7.375,7.375,7.3125,7.3125,2.856364,6200
6395,1998-08-20,7.3125,7.3125,7.3125,7.3125,2.856364,400
6396,1998-08-21,7.3125,7.3125,7.25,7.25,2.8319520000000002,600
6397,1998-08-24,7.25,7.25,7.25,7.25,2.8319520000000002,200
6398,1998-08-25,7.25,7.25,6.8125,6.8125,2.661058,58800
6399,1998-08-26,6.78125,6.875,6.78125,6.875,2.6854720000000003,8000
6400,1998-08-27,6.8125,6.875,6.78125,6.875,2.6854720000000003,6600
6401,1998-08-28,6.8125,6.875,6.8125,6.875,2.6854720000000003,2200
6402,1998-08-31,6.75,6.75,6.6875,6.6875,2.612231,12600
6403,1998-09-01,6.8125,7.125,6.8125,7.0,2.7343,9600
6404,1998-09-02,7.1875,7.1875,7.0625,7.0625,2.7587099999999998,600
6405,1998-09-03,7.0,7.0,6.8125,6.875,2.6854720000000003,37800
6406,1998-09-04,7.0,7.0625,7.0,7.0625,2.7587099999999998,1200
6407,1998-09-08,7.03125,7.03125,7.0,7.0,2.7343,7600
6408,1998-09-09,7.0,7.0,7.0,7.0,2.7343,1000
6409,1998-09-10,7.0,7.0,7.0,7.0,2.7343,400
6410,1998-09-11,7.0,7.0,7.0,7.0,2.7343,200
6411,1998-09-14,7.0,7.0,6.8125,7.0,2.7343,13200
6412,1998-09-15,7.0,7.0,6.96875,6.96875,2.722092,600
6413,1998-09-16,6.96875,6.96875,6.96875,6.96875,2.722092,200
6414,1998-09-17,6.96875,6.96875,6.96875,6.96875,2.722092,200
6415,1998-09-18,6.9375,6.9375,6.9375,6.9375,2.709885,400
6416,1998-09-21,6.9375,6.9375,6.9375,6.9375,2.709885,200
6417,1998-09-22,6.8125,6.8125,6.8125,6.8125,2.661058,200
6418,1998-09-23,6.8125,6.8125,6.625,6.625,2.587818,3400
6419,1998-09-24,6.5,6.5,6.5,6.5,2.538992,800
6420,1998-09-25,6.375,6.375,6.375,6.375,2.490164,1000
6421,1998-09-28,6.375,6.375,6.3125,6.3125,2.465751,800
6422,1998-09-29,6.25,6.3125,6.25,6.3125,2.465751,1200
6423,1998-09-30,6.28125,6.28125,6.1875,6.1875,2.416925,2400
6424,1998-10-01,6.125,6.125,5.875,5.875,2.294858,57800
6425,1998-10-02,6.0,6.0,5.9375,5.9375,2.319271,7000
6426,1998-10-05,5.875,5.875,5.875,5.875,2.294858,155800
6427,1998-10-06,5.9375,5.9375,5.9375,5.9375,2.319271,1000
6428,1998-10-07,5.875,5.9375,5.875,5.9375,2.319271,47400
6429,1998-10-08,5.9375,6.0,5.8125,6.0,2.343685,27000
6430,1998-10-09,6.0,6.0,6.0,6.0,2.343685,200
6431,1998-10-12,6.0625,6.0625,6.0625,6.0625,2.368098,3400
6432,1998-10-13,6.0625,6.0625,6.0625,6.0625,2.368098,400
6433,1998-10-14,6.0,6.0,6.0,6.0,2.343685,2000
6434,1998-10-15,5.9375,6.375,5.9375,6.375,2.490164,4200
6435,1998-10-16,6.3125,6.3125,6.1875,6.1875,2.416925,8200
6436,1998-10-19,6.125,6.125,6.0625,6.0625,2.368098,1000
6437,1998-10-20,6.0625,6.0625,6.0625,6.0625,2.368098,400
6438,1998-10-21,6.1875,6.25,6.0625,6.15625,2.404719,11000
6439,1998-10-22,6.125,6.125,6.125,6.125,2.3925099999999997,200
6440,1998-10-23,6.125,6.125,6.125,6.125,2.3925099999999997,200
6441,1998-10-26,6.125,6.375,6.125,6.375,2.490164,4000
6442,1998-10-27,6.375,6.375,6.375,6.375,2.490164,200
6443,1998-10-28,6.4375,6.4375,6.3125,6.40625,2.5023720000000003,2200
6444,1998-10-29,6.5,6.5,6.4375,6.5,2.538992,1600
6445,1998-10-30,6.4375,6.4375,6.4375,6.4375,2.514577,600
6446,1998-11-02,6.4375,6.4375,6.4375,6.4375,2.514577,800
6447,1998-11-03,6.4375,6.5625,6.125,6.4375,2.514577,11600
6448,1998-11-04,6.4375,6.5625,6.4375,6.5625,2.5634040000000002,1600
6449,1998-11-05,6.5,6.5,6.5,6.5,2.538992,4000
6450,1998-11-06,6.5,6.9375,6.5,6.9375,2.709885,5600
6451,1998-11-09,6.90625,7.1875,6.90625,7.0,2.7343,4800
6452,1998-11-10,6.9375,7.0625,6.90625,6.90625,2.697679,3600
6453,1998-11-11,7.0,7.0,7.0,7.0,2.7343,1600
6454,1998-11-12,6.875,6.875,6.875,6.875,2.71162,3200
6455,1998-11-13,6.875,6.875,6.875,6.875,2.71162,200
6456,1998-11-16,7.0,7.0,7.0,7.0,2.7609220000000003,2200
6457,1998-11-17,6.9375,6.9375,6.875,6.875,2.71162,2600
6458,1998-11-18,6.875,7.0,6.875,6.90625,2.723945,2600
6459,1998-11-19,6.90625,6.90625,6.90625,6.90625,2.723945,0
6460,1998-11-20,6.90625,6.90625,6.875,6.875,2.71162,400
6461,1998-11-23,6.875,6.875,6.8125,6.8125,2.686969,4000
6462,1998-11-24,6.8125,6.8125,6.8125,6.8125,2.686969,3000
6463,1998-11-25,6.8125,6.875,6.8125,6.875,2.71162,1400
6464,1998-11-27,6.875,6.875,6.875,6.875,2.71162,200
6465,1998-11-30,6.875,6.875,6.875,6.875,2.71162,2800
6466,1998-12-01,6.875,6.875,6.875,6.875,2.71162,2400
6467,1998-12-02,6.875,6.875,6.875,6.875,2.71162,400
6468,1998-12-03,6.875,7.0,6.875,7.0,2.7609220000000003,1000
6469,1998-12-04,7.0,7.0,7.0,7.0,2.7609220000000003,800
6470,1998-12-07,7.0625,7.0625,7.0625,7.0625,2.785572,1000
6471,1998-12-08,7.0,7.0,7.0,7.0,2.7609220000000003,400
6472,1998-12-09,7.09375,7.09375,7.09375,7.09375,2.797898,400
6473,1998-12-10,7.125,7.125,7.125,7.125,2.810223,1600
6474,1998-12-11,7.125,7.375,7.125,7.375,2.908829,3400
6475,1998-12-14,7.3125,7.3125,7.1875,7.1875,2.834876,4000
6476,1998-12-15,7.125,7.125,7.125,7.125,2.810223,600
6477,1998-12-16,6.75,7.125,6.75,7.125,2.810223,286600
6478,1998-12-17,7.0625,7.0625,7.0625,7.0625,2.785572,1000
6479,1998-12-18,7.0625,7.0625,7.0625,7.0625,2.785572,200
6480,1998-12-21,7.0625,7.125,7.0625,7.125,2.810223,2200
6481,1998-12-22,7.125,7.125,7.125,7.125,2.810223,200
6482,1998-12-23,7.125,7.125,7.125,7.125,2.810223,200
6483,1998-12-24,7.125,7.125,7.125,7.125,2.810223,1000
6484,1998-12-28,7.125,7.1875,7.125,7.125,2.810223,10200
6485,1998-12-29,7.125,7.1875,7.125,7.1875,2.834876,1200
6486,1998-12-30,7.1875,7.1875,7.125,7.125,2.810223,600
6487,1998-12-31,7.125,7.25,6.9375,7.25,2.859526,7800
6488,1999-01-04,7.1875,7.3125,7.125,7.3125,2.8841759999999996,6200
6489,1999-01-05,7.3125,7.3125,7.3125,7.3125,2.8841759999999996,200
6490,1999-01-06,7.3125,7.3125,7.25,7.25,2.859526,1800
6491,1999-01-07,7.25,7.25,7.25,7.25,2.859526,200
6492,1999-01-08,7.25,7.25,7.25,7.25,2.859526,200
6493,1999-01-11,7.375,7.5,7.375,7.375,2.908829,2600
6494,1999-01-12,7.375,7.375,7.375,7.375,2.908829,200
6495,1999-01-13,7.5,7.5,7.5,7.5,2.9581310000000003,1000
6496,1999-01-14,7.5,7.5,7.125,7.4375,2.933479,10400
6497,1999-01-15,7.3125,7.3125,7.3125,7.3125,2.8841759999999996,1000
6498,1999-01-19,7.25,7.375,7.125,7.375,2.908829,8800
6499,1999-01-20,7.375,7.375,7.375,7.375,2.908829,400
6500,1999-01-21,7.375,7.375,7.375,7.375,2.908829,600
6501,1999-01-22,7.375,7.375,7.375,7.375,2.908829,1000
6502,1999-01-25,7.375,7.375,7.375,7.375,2.908829,1000
6503,1999-01-26,7.375,7.5,7.375,7.375,2.908829,600
6504,1999-01-27,7.375,7.5,7.375,7.375,2.908829,10600
6505,1999-01-28,7.4375,7.625,7.4375,7.625,3.007431,8200
6506,1999-01-29,7.59375,7.59375,7.59375,7.59375,2.9951060000000003,2000
6507,1999-02-01,7.5625,7.5625,7.5625,7.5625,2.982781,600
6508,1999-02-02,7.53125,7.875,7.53125,7.8125,3.081386,10400
6509,1999-02-03,7.5625,7.5625,7.4375,7.4375,2.933479,2800
6510,1999-02-04,7.46875,7.46875,7.46875,7.46875,2.945804,1000
6511,1999-02-05,7.40625,7.40625,7.40625,7.40625,2.921154,800
6512,1999-02-08,7.40625,7.40625,7.34375,7.34375,2.896502,1000
6513,1999-02-09,7.34375,7.34375,7.34375,7.34375,2.896502,400
6514,1999-02-10,7.25,7.25,7.25,7.25,2.886053,200
6515,1999-02-11,7.25,7.25,7.25,7.25,2.886053,200
6516,1999-02-12,7.25,7.25,7.25,7.25,2.886053,1000
6517,1999-02-16,7.25,7.25,7.25,7.25,2.886053,400
6518,1999-02-17,7.25,7.34375,7.125,7.34375,2.923372,5400
6519,1999-02-18,7.28125,7.4375,7.25,7.3125,2.910932,5200
6520,1999-02-19,7.25,7.25,7.25,7.25,2.886053,400
6521,1999-02-22,7.34375,7.34375,7.125,7.125,2.836293,5000
6522,1999-02-23,7.0,7.0,6.9375,6.9375,2.7616549999999997,1000
6523,1999-02-24,6.875,6.875,6.75,6.75,2.687014,1800
6524,1999-02-25,6.71875,6.875,6.71875,6.875,2.736774,1000
6525,1999-02-26,6.75,6.75,6.625,6.625,2.6372560000000003,5600
6526,1999-03-01,6.625,6.625,6.625,6.625,2.6372560000000003,200
6527,1999-03-02,6.625,6.625,6.25,6.3125,2.512857,7600
6528,1999-03-03,6.3125,6.3125,6.3125,6.3125,2.512857,1000
6529,1999-03-04,6.375,6.4375,6.25,6.4375,2.562616,20200
6530,1999-03-05,6.375,6.375,6.375,6.375,2.537736,1200
6531,1999-03-08,6.375,6.375,6.375,6.375,2.537736,400
6532,1999-03-09,6.375,6.375,6.375,6.375,2.537736,600
6533,1999-03-10,6.375,6.375,6.375,6.375,2.537736,200
6534,1999-03-11,6.375,6.4375,6.375,6.4375,2.562616,1200
6535,1999-03-12,6.375,6.375,6.375,6.375,2.537736,400
6536,1999-03-15,6.3125,6.3125,6.3125,6.3125,2.512857,800
6537,1999-03-16,6.3125,6.3125,6.3125,6.3125,2.512857,600
6538,1999-03-17,6.4375,6.4375,6.4375,6.4375,2.562616,1000
6539,1999-03-18,6.4375,6.6875,6.4375,6.6875,2.6621349999999997,11400
6540,1999-03-19,6.5625,6.5625,6.5,6.5,2.587497,1000
6541,1999-03-22,6.4375,6.5,6.4375,6.5,2.587497,600
6542,1999-03-23,6.625,6.625,6.5,6.5,2.587497,2000
6543,1999-03-24,6.5,6.5,6.5,6.5,2.587497,200
6544,1999-03-25,6.59375,6.59375,6.59375,6.59375,2.6248150000000003,400
6545,1999-03-26,6.5625,6.5625,6.5625,6.5625,2.612375,600
6546,1999-03-29,6.5625,6.5625,6.5625,6.5625,2.612375,200
6547,1999-03-30,6.53125,6.53125,6.53125,6.53125,2.599936,200
6548,1999-03-31,6.5,6.5,6.25,6.25,2.4879759999999997,18800
6549,1999-04-01,6.25,6.3125,6.25,6.3125,2.512857,3800
6550,1999-04-05,6.28125,6.375,6.25,6.34375,2.525297,19400
6551,1999-04-06,6.3125,6.3125,6.28125,6.28125,2.5004169999999997,1400
6552,1999-04-07,6.375,6.4375,6.375,6.4375,2.562616,5000
6553,1999-04-08,6.375,6.375,6.09375,6.09375,2.425777,8600
6554,1999-04-09,6.25,6.25,6.25,6.25,2.4879759999999997,13200
6555,1999-04-12,6.1875,6.1875,6.125,6.125,2.438217,1000
6556,1999-04-13,6.125,6.25,6.125,6.1875,2.4630970000000003,16800
6557,1999-04-14,6.1875,6.1875,6.1875,6.1875,2.4630970000000003,16200
6558,1999-04-15,6.1875,6.25,6.1875,6.25,2.4879759999999997,15000
6559,1999-04-16,6.125,6.25,6.125,6.25,2.4879759999999997,5400
6560,1999-04-19,6.21875,6.375,6.21875,6.375,2.537736,3400
6561,1999-04-20,6.3125,6.375,6.3125,6.375,2.537736,2400
6562,1999-04-21,6.3125,6.625,6.3125,6.625,2.6372560000000003,47800
6563,1999-04-22,6.5,6.6875,6.5,6.6875,2.6621349999999997,11600
6564,1999-04-23,6.75,6.75,6.75,6.75,2.687014,3600
6565,1999-04-26,6.75,6.75,6.75,6.75,2.687014,200
6566,1999-04-27,6.71875,6.71875,6.71875,6.71875,2.674575,200
6567,1999-04-28,6.71875,6.71875,6.71875,6.71875,2.674575,200
6568,1999-04-29,6.75,6.84375,6.75,6.84375,2.724336,1000
6569,1999-04-30,6.84375,6.84375,6.8125,6.8125,2.711895,400
6570,1999-05-03,6.78125,6.78125,6.78125,6.78125,2.6994540000000002,800
6571,1999-05-04,6.75,6.875,6.75,6.875,2.736774,6600
6572,1999-05-05,6.9375,6.9375,6.9375,6.9375,2.7616549999999997,17600
6573,1999-05-06,6.9375,7.0625,6.9375,7.0,2.7865349999999998,27200
6574,1999-05-07,7.0,7.0,7.0,7.0,2.7865349999999998,40000
6575,1999-05-10,7.0,7.0,7.0,7.0,2.7865349999999998,35400
6576,1999-05-11,6.96875,6.96875,6.96875,6.96875,2.774094,28000
6577,1999-05-12,6.875,6.9375,6.8125,6.9375,2.7616549999999997,13400
6578,1999-05-13,6.84375,6.84375,6.84375,6.84375,2.751104,200
6579,1999-05-14,6.875,6.875,6.6875,6.8125,2.738541,14800
6580,1999-05-17,6.875,6.875,6.8125,6.8125,2.738541,1600
6581,1999-05-18,6.8125,6.8125,6.8125,6.8125,2.738541,400
6582,1999-05-19,6.8125,6.875,6.8125,6.875,2.763664,201200
6583,1999-05-20,6.875,6.875,6.875,6.875,2.763664,200
6584,1999-05-21,6.8125,6.8125,6.8125,6.8125,2.738541,200
6585,1999-05-24,6.75,6.8125,6.75,6.75,2.713416,2000
6586,1999-05-25,6.75,6.75,6.75,6.75,2.713416,200
6587,1999-05-26,6.6875,6.6875,6.625,6.625,2.6631669999999996,100800
6588,1999-05-27,6.625,6.625,6.625,6.625,2.6631669999999996,800
6589,1999-05-28,6.625,6.75,6.59375,6.75,2.713416,4400
6590,1999-06-01,6.75,6.75,6.75,6.75,2.713416,200
6591,1999-06-02,6.6875,6.6875,6.6875,6.6875,2.6882919999999997,20000
6592,1999-06-03,6.6875,6.6875,6.6875,6.6875,2.6882919999999997,2000
6593,1999-06-04,6.6875,6.6875,6.6875,6.6875,2.6882919999999997,200
6594,1999-06-07,6.625,6.625,6.5625,6.5625,2.638043,3000
6595,1999-06-08,6.5625,6.5625,6.5625,6.5625,2.638043,400
6596,1999-06-09,6.5625,6.5625,6.5,6.5,2.61292,800
6597,1999-06-10,6.5,6.5,6.5,6.5,2.61292,200
6598,1999-06-11,6.5,6.5,6.5,6.5,2.61292,200
6599,1999-06-14,6.4375,6.5,6.375,6.5,2.61292,3600
6600,1999-06-15,6.5,6.625,6.46875,6.625,2.6631669999999996,2200
6601,1999-06-16,6.625,6.625,6.625,6.625,2.6631669999999996,200
6602,1999-06-17,6.625,6.625,6.625,6.625,2.6631669999999996,200
6603,1999-06-18,6.5625,6.5625,6.5625,6.5625,2.638043,400
6604,1999-06-21,6.5625,6.5625,6.5625,6.5625,2.638043,200
6605,1999-06-22,6.5625,6.5625,6.25,6.25,2.512422,13600
6606,1999-06-23,6.25,6.25,6.125,6.125,2.462174,16600
6607,1999-06-24,6.125,6.125,6.125,6.125,2.462174,121200
6608,1999-06-25,6.0625,6.15625,6.0,6.15625,2.4747369999999997,5800
6609,1999-06-28,6.25,6.25,6.25,6.25,2.512422,200
6610,1999-06-29,6.25,6.25,6.25,6.25,2.512422,200
6611,1999-06-30,6.25,6.25,6.25,6.25,2.512422,200
6612,1999-07-01,6.1875,6.1875,6.0,6.0,2.411926,8800
6613,1999-07-02,6.0,6.25,6.0,6.25,2.512422,2600
6614,1999-07-06,6.3125,6.4375,6.3125,6.4375,2.5877950000000003,1600
6615,1999-07-07,6.4375,6.4375,6.375,6.375,2.5626700000000002,1000
6616,1999-07-08,6.25,6.25,6.1875,6.1875,2.487298,3200
6617,1999-07-09,6.1875,6.1875,6.1875,6.1875,2.487298,200
6618,1999-07-12,6.21875,6.21875,6.21875,6.21875,2.49986,200
6619,1999-07-13,6.125,6.15625,6.125,6.15625,2.4747369999999997,400
6620,1999-07-14,6.25,6.3125,6.25,6.3125,2.537547,2400
6621,1999-07-15,6.3125,6.3125,6.28125,6.28125,2.524984,2400
6622,1999-07-16,6.28125,6.34375,6.28125,6.34375,2.5501080000000003,2200
6623,1999-07-19,6.3125,6.375,6.3125,6.375,2.5626700000000002,12800
6624,1999-07-20,6.3125,6.3125,6.0,6.125,2.462174,21400
6625,1999-07-21,6.125,6.1875,6.125,6.1875,2.487298,11600
6626,1999-07-22,6.1875,6.1875,6.1875,6.1875,2.487298,600
6627,1999-07-23,6.1875,6.1875,6.125,6.125,2.462174,15200
6628,1999-07-26,6.125,6.125,6.125,6.125,2.462174,200
6629,1999-07-27,6.125,6.3125,6.125,6.3125,2.537547,1600
6630,1999-07-28,6.3125,6.3125,6.3125,6.3125,2.537547,200
6631,1999-07-29,6.3125,6.3125,6.3125,6.3125,2.537547,200
6632,1999-07-30,6.3125,6.3125,6.3125,6.3125,2.537547,200
6633,1999-08-02,6.3125,6.3125,6.3125,6.3125,2.537547,4200
6634,1999-08-03,6.25,6.25,6.1875,6.1875,2.487298,4200
6635,1999-08-04,6.1875,6.1875,6.1875,6.1875,2.487298,200
6636,1999-08-05,6.1875,6.1875,6.1875,6.1875,2.487298,200
6637,1999-08-06,6.25,6.25,6.1875,6.1875,2.487298,1600
6638,1999-08-09,6.125,6.125,6.0625,6.0625,2.43705,3200
6639,1999-08-10,6.0625,6.0625,5.875,5.875,2.3616770000000002,71600
6640,1999-08-11,5.875,6.0,5.875,6.0,2.411926,4000
6641,1999-08-12,5.90625,5.90625,5.875,5.875,2.388548,2400
6642,1999-08-13,5.875,5.875,5.625,5.625,2.286907,8800
6643,1999-08-16,5.6875,5.6875,5.65625,5.6875,2.3123169999999997,7000
6644,1999-08-17,5.6875,5.6875,5.375,5.4375,2.210677,22600
6645,1999-08-18,5.4375,5.4375,5.375,5.375,2.1852669999999996,32600
6646,1999-08-19,5.5,5.5,5.5,5.5,2.2360860000000002,1200
6647,1999-08-20,5.5,5.5,5.5,5.5,2.2360860000000002,2600
6648,1999-08-23,5.625,5.625,5.5625,5.5625,2.2614970000000003,4000
6649,1999-08-24,5.5625,5.5625,5.5625,5.5625,2.2614970000000003,2800
6650,1999-08-25,5.5625,5.5625,5.5625,5.5625,2.2614970000000003,400
6651,1999-08-26,5.6875,5.6875,5.4375,5.5625,2.2614970000000003,16000
6652,1999-08-27,5.5625,5.5625,5.5625,5.5625,2.2614970000000003,2800
6653,1999-08-30,5.5,5.625,5.5,5.625,2.286907,2400
6654,1999-08-31,5.5625,5.5625,5.5625,5.5625,2.2614970000000003,2000
6655,1999-09-01,5.5625,5.5625,5.5625,5.5625,2.2614970000000003,2800
6656,1999-09-02,5.5625,5.5625,5.5625,5.5625,2.2614970000000003,200
6657,1999-09-03,5.5625,5.5625,5.5625,5.5625,2.2614970000000003,200
6658,1999-09-07,5.5625,5.625,5.5625,5.625,2.286907,2000
6659,1999-09-08,5.625,5.8125,5.625,5.8125,2.363137,4000
6660,1999-09-09,5.6875,5.9375,5.6875,5.9375,2.413958,9000
6661,1999-09-10,6.0,6.0,6.0,6.0,2.4393689999999997,200
6662,1999-09-13,5.9375,5.9375,5.9375,5.9375,2.413958,200
6663,1999-09-14,5.9375,5.9375,5.9375,5.9375,2.413958,600
6664,1999-09-15,5.9375,5.9375,5.9375,5.9375,2.413958,200
6665,1999-09-16,5.8125,5.8125,5.8125,5.8125,2.363137,2000
6666,1999-09-17,5.8125,5.875,5.8125,5.875,2.388548,600
6667,1999-09-20,5.9375,6.0,5.9375,6.0,2.4393689999999997,3600
6668,1999-09-21,6.0,6.0,6.0,6.0,2.4393689999999997,200
6669,1999-09-22,6.0,6.0,6.0,6.0,2.4393689999999997,400
6670,1999-09-23,6.0,6.0,5.9375,5.9375,2.413958,400
6671,1999-09-24,5.9375,5.9375,5.8125,5.8125,2.363137,1800
6672,1999-09-27,5.75,5.875,5.75,5.875,2.388548,800
6673,1999-09-28,5.875,5.875,5.875,5.875,2.388548,200
6674,1999-09-29,5.875,5.875,5.875,5.875,2.388548,200
6675,1999-09-30,5.875,5.875,5.875,5.875,2.388548,200
6676,1999-10-01,5.875,5.875,5.75,5.75,2.337728,7800
6677,1999-10-04,5.75,5.75,5.75,5.75,2.337728,200
6678,1999-10-05,5.75,5.75,5.6875,5.6875,2.3123169999999997,4400
6679,1999-10-06,5.625,5.625,5.625,5.625,2.286907,2800
6680,1999-10-07,5.625,5.625,5.625,5.625,2.286907,200
6681,1999-10-08,5.625,5.625,5.5,5.5,2.2360860000000002,3000
6682,1999-10-11,5.5,5.5,5.5,5.5,2.2360860000000002,200
6683,1999-10-12,5.5,5.5625,5.5,5.5625,2.2614970000000003,800
6684,1999-10-13,5.5,5.5,5.4375,5.4375,2.210677,6200
6685,1999-10-14,5.5,5.5,5.5,5.5,2.2360860000000002,7800
6686,1999-10-15,5.5,5.5,5.5,5.5,2.2360860000000002,200
6687,1999-10-18,5.5,5.5,5.5,5.5,2.2360860000000002,200
6688,1999-10-19,5.4375,5.4375,5.4375,5.4375,2.210677,400
6689,1999-10-20,5.4375,5.4375,5.40625,5.40625,2.197973,1400
6690,1999-10-21,5.40625,5.5,5.40625,5.5,2.2360860000000002,800
6691,1999-10-22,5.40625,5.40625,5.40625,5.40625,2.197973,200
6692,1999-10-25,5.40625,5.40625,5.40625,5.40625,2.197973,200
6693,1999-10-26,5.40625,5.40625,5.40625,5.40625,2.197973,200
6694,1999-10-27,5.40625,5.40625,5.40625,5.40625,2.197973,200
6695,1999-10-28,5.40625,5.40625,5.40625,5.40625,2.197973,800
6696,1999-10-29,5.40625,5.40625,5.28125,5.3125,2.159857,2600
6697,1999-11-01,5.3125,5.3125,5.3125,5.3125,2.159857,200
6698,1999-11-02,5.375,5.375,5.375,5.375,2.1852669999999996,600
6699,1999-11-03,5.375,5.375,5.28125,5.3125,2.159857,2600
6700,1999-11-04,5.3125,5.3125,5.3125,5.3125,2.159857,200
6701,1999-11-05,5.3125,5.375,5.3125,5.375,2.1852669999999996,5400
6702,1999-11-08,5.375,5.375,5.375,5.375,2.1852669999999996,2200
6703,1999-11-09,5.375,5.375,5.375,5.375,2.1852669999999996,200
6704,1999-11-10,5.3125,5.3125,5.28125,5.28125,2.17446,1200
6705,1999-11-11,5.25,5.25,5.25,5.25,2.161593,4000
6706,1999-11-12,5.25,5.25,5.1875,5.25,2.161593,7600
6707,1999-11-15,5.25,5.25,5.1875,5.25,2.161593,1800
6708,1999-11-16,5.25,5.25,5.125,5.125,2.1101259999999997,12800
6709,1999-11-17,5.0,5.125,4.875,5.125,2.1101259999999997,9000
6710,1999-11-18,5.25,5.3125,5.25,5.3125,2.1873259999999997,1400
6711,1999-11-19,5.3125,5.375,5.0,5.0,2.0586599999999997,5200
6712,1999-11-22,5.0,5.0,4.875,4.875,2.007193,1800
6713,1999-11-23,5.0,5.0,4.875,4.875,2.007193,2400
6714,1999-11-24,4.875,4.90625,4.875,4.90625,2.02006,400
6715,1999-11-26,4.90625,4.90625,4.875,4.875,2.007193,2400
6716,1999-11-29,4.75,4.8125,4.75,4.8125,1.9814599999999998,9800
6717,1999-11-30,4.875,4.875,4.875,4.875,2.007193,600
6718,1999-12-01,4.875,4.875,4.8125,4.8125,1.9814599999999998,400
6719,1999-12-02,4.8125,4.8125,4.75,4.75,1.955727,15200
6720,1999-12-03,4.75,4.75,4.75,4.75,1.955727,4000
6721,1999-12-06,4.78125,4.875,4.75,4.875,2.007193,4800
6722,1999-12-07,4.8125,4.8125,4.8125,4.8125,1.9814599999999998,800
6723,1999-12-08,4.8125,4.8125,4.625,4.6875,1.929993,2800
6724,1999-12-09,4.75,4.75,4.6875,4.75,1.955727,800
6725,1999-12-10,4.75,4.75,4.625,4.625,1.9042599999999998,2800
6726,1999-12-13,4.625,4.625,4.625,4.625,1.9042599999999998,200
6727,1999-12-14,4.625,4.625,4.625,4.625,1.9042599999999998,200
6728,1999-12-15,4.5625,4.5625,4.5,4.5,1.8527930000000001,1600
6729,1999-12-16,4.5,4.5625,4.4375,4.4375,1.827061,16800
6730,1999-12-17,4.40625,4.40625,4.21875,4.28125,1.762727,23000
6731,1999-12-20,4.28125,4.28125,4.0625,4.125,1.698395,30600
6732,1999-12-21,4.125,4.125,4.03125,4.03125,1.6597939999999998,56200
6733,1999-12-22,4.03125,4.5,4.0,4.5,1.8527930000000001,824600
6734,1999-12-23,4.5,4.5,4.4375,4.4375,1.827061,108600
6735,1999-12-27,4.5,4.625,4.5,4.625,1.9042599999999998,6800
6736,1999-12-28,4.625,4.625,4.5,4.625,1.9042599999999998,11000
6737,1999-12-29,4.625,4.625,4.625,4.625,1.9042599999999998,200
6738,1999-12-30,4.5,4.625,4.5,4.5,1.8527930000000001,11200
6739,1999-12-31,4.5,4.5,4.5,4.5,1.8527930000000001,200
6740,2000-01-03,4.5,4.6875,4.5,4.6875,1.929993,3000
6741,2000-01-04,4.6875,4.6875,4.625,4.625,1.9042599999999998,1200
6742,2000-01-05,4.625,4.625,4.5,4.5,1.8527930000000001,1400
6743,2000-01-06,4.4375,4.5625,4.4375,4.5625,1.878527,12600
6744,2000-01-07,4.5,4.5,4.5,4.5,1.8527930000000001,400
6745,2000-01-10,4.5,4.5,4.3125,4.4375,1.827061,7400
6746,2000-01-11,4.375,4.375,4.375,4.375,1.8013270000000001,1000
6747,2000-01-12,4.5,4.5,4.375,4.375,1.8013270000000001,12000
6748,2000-01-13,4.3125,4.375,4.1875,4.3125,1.775595,14400
6749,2000-01-14,4.375,4.375,4.3125,4.3125,1.775595,1600
6750,2000-01-18,4.375,4.4375,4.375,4.375,1.8013270000000001,2000
6751,2000-01-19,4.125,4.1875,4.125,4.15625,1.7112599999999998,8200
6752,2000-01-20,4.15625,4.21875,4.15625,4.21875,1.736994,1400
6753,2000-01-21,4.21875,4.21875,4.15625,4.15625,1.7112599999999998,1800
6754,2000-01-24,4.1875,4.25,4.1875,4.1875,1.7241279999999999,3000
6755,2000-01-25,4.25,4.25,4.25,4.25,1.749861,3000
6756,2000-01-26,4.3125,4.3125,4.3125,4.3125,1.775595,1000
6757,2000-01-27,4.3125,4.3125,4.3125,4.3125,1.775595,200
6758,2000-01-28,4.3125,4.4375,4.3125,4.4375,1.827061,2800
6759,2000-01-31,4.4375,4.4375,4.28125,4.3125,1.775595,13600
6760,2000-02-01,4.28125,4.28125,4.25,4.25,1.749861,11600
6761,2000-02-02,4.25,4.25,4.1875,4.25,1.749861,9800
6762,2000-02-03,4.25,4.25,4.25,4.25,1.749861,14800
6763,2000-02-04,4.25,4.25,4.1875,4.1875,1.7241279999999999,4200
6764,2000-02-07,4.25,4.25,4.25,4.25,1.749861,28400
6765,2000-02-08,4.25,4.4375,4.25,4.3125,1.775595,7200
6766,2000-02-09,4.3125,4.4375,4.3125,4.375,1.8013270000000001,32200
6767,2000-02-10,4.4375,4.4375,4.4375,4.4375,1.855691,2000
6768,2000-02-11,4.5625,4.5625,4.5,4.5,1.8818279999999998,30200
6769,2000-02-14,4.5,4.5625,4.5,4.5625,1.907964,4800
6770,2000-02-15,4.5625,4.625,4.5,4.5625,1.907964,56600
6771,2000-02-16,4.5,4.5625,4.5,4.5625,1.907964,41800
6772,2000-02-17,4.5625,4.5625,4.5,4.5,1.8818279999999998,4000
6773,2000-02-18,4.5,4.5,4.5,4.5,1.8818279999999998,1200
6774,2000-02-22,4.5,4.75,4.4375,4.6875,1.960237,87600
6775,2000-02-23,4.71875,4.71875,4.5625,4.6875,1.960237,11000
6776,2000-02-24,4.6875,4.6875,4.4375,4.5625,1.907964,10400
6777,2000-02-25,4.5,4.625,4.5,4.5625,1.907964,55400
6778,2000-02-28,4.5625,4.75,4.5625,4.75,1.986374,98800
6779,2000-02-29,4.75,5.0,4.75,4.875,2.038648,202600
6780,2000-03-01,4.875,5.125,4.84375,5.125,2.143192,26800
6781,2000-03-02,5.0625,5.0625,5.0,5.0,2.09092,1600
6782,2000-03-03,5.0,5.375,4.875,5.25,2.195465,18800
6783,2000-03-06,5.375,5.375,5.25,5.25,2.195465,191400
6784,2000-03-07,5.375,5.375,5.125,5.25,2.195465,12800
6785,2000-03-08,5.1875,5.1875,5.0625,5.0625,2.1170560000000003,15400
6786,2000-03-09,5.0625,5.0625,5.0,5.0,2.09092,4400
6787,2000-03-10,4.9375,5.0,4.9375,4.96875,2.077852,55600
6788,2000-03-13,4.96875,4.96875,4.96875,4.96875,2.077852,200
6789,2000-03-14,4.90625,4.90625,4.875,4.875,2.038648,88200
6790,2000-03-15,4.875,5.0,4.875,5.0,2.09092,52400
6791,2000-03-16,5.0,5.0,4.875,4.875,2.038648,2200
6792,2000-03-17,4.8125,4.8125,4.8125,4.8125,2.01251,1200
6793,2000-03-20,4.8125,4.8125,4.5625,4.625,1.9341009999999998,6400
6794,2000-03-21,4.625,4.9375,4.625,4.9375,2.0647830000000003,105400
6795,2000-03-22,4.875,4.875,4.875,4.875,2.038648,600
6796,2000-03-23,4.875,4.875,4.875,4.875,2.038648,200
6797,2000-03-24,4.875,4.875,4.875,4.875,2.038648,1000
6798,2000-03-27,5.0,5.0,5.0,5.0,2.09092,50200
6799,2000-03-28,5.0625,5.0625,5.0,5.0,2.09092,100400
6800,2000-03-29,4.875,4.9375,4.8125,4.9375,2.0647830000000003,3800
6801,2000-03-30,4.9375,4.9375,4.9375,4.9375,2.0647830000000003,200
6802,2000-03-31,4.9375,4.9375,4.90625,4.90625,2.051715,1000
6803,2000-04-03,4.9375,5.0,4.875,4.875,2.038648,4600
6804,2000-04-04,4.9375,4.9375,4.8125,4.875,2.038648,6600
6805,2000-04-05,4.875,4.875,4.5,4.5,1.8818279999999998,11200
6806,2000-04-06,4.5,4.5625,4.4375,4.5625,1.907964,13200
6807,2000-04-07,4.625,4.6875,4.46875,4.5625,1.907964,13400
6808,2000-04-10,4.625,4.71875,4.625,4.6875,1.960237,17600
6809,2000-04-11,4.6875,4.75,4.625,4.625,1.9341009999999998,12800
6810,2000-04-12,4.625,4.6875,4.4375,4.46875,1.8687599999999998,10400
6811,2000-04-13,4.5,4.5625,4.375,4.53125,1.894895,8800
6812,2000-04-14,4.5,4.625,4.5,4.5625,1.907964,8200
6813,2000-04-17,4.5625,4.625,4.5625,4.5625,1.907964,12000
6814,2000-04-18,4.59375,4.6875,4.59375,4.6875,1.960237,4400
6815,2000-04-19,4.625,4.75,4.625,4.75,1.986374,4600
6816,2000-04-20,4.75,4.875,4.6875,4.875,2.038648,5400
6817,2000-04-24,4.875,4.9375,4.875,4.875,2.038648,2200
6818,2000-04-25,4.9375,4.9375,4.875,4.875,2.038648,1800
6819,2000-04-26,4.875,4.875,4.875,4.875,2.038648,200
6820,2000-04-27,4.875,4.875,4.875,4.875,2.038648,200
6821,2000-04-28,4.9375,4.9375,4.5,4.625,1.9341009999999998,18600
6822,2000-05-01,4.625,4.6875,4.625,4.6875,1.960237,2400
6823,2000-05-02,4.6875,4.6875,4.6875,4.6875,1.960237,200
6824,2000-05-03,4.625,4.625,4.3125,4.3125,1.8034189999999999,26600
6825,2000-05-04,4.375,4.5,4.375,4.5,1.8818279999999998,9400
6826,2000-05-05,4.5625,4.5625,4.5,4.5,1.8818279999999998,13600
6827,2000-05-08,4.5,4.5,4.5,4.5,1.8818279999999998,800
6828,2000-05-09,4.5,4.5625,4.4375,4.4375,1.855691,11400
6829,2000-05-10,4.4375,4.4375,4.375,4.375,1.8295549999999998,5000
6830,2000-05-11,4.28125,4.34375,4.28125,4.34375,1.8449520000000001,1400
6831,2000-05-12,4.3125,4.5,4.28125,4.28125,1.8184049999999998,16200
6832,2000-05-15,4.3125,4.3125,4.3125,4.3125,1.831678,2000
6833,2000-05-16,4.3125,4.375,4.3125,4.375,1.858224,6200
6834,2000-05-17,4.375,4.375,4.375,4.375,1.858224,7600
6835,2000-05-18,4.375,4.375,4.375,4.375,1.858224,400
6836,2000-05-19,4.375,4.375,4.3125,4.3125,1.831678,7000
6837,2000-05-22,4.3125,4.3125,4.1875,4.1875,1.778586,25600
6838,2000-05-23,4.21875,4.21875,4.21875,4.21875,1.791859,1200
6839,2000-05-24,4.25,4.3125,4.1875,4.25,1.805133,5000
6840,2000-05-25,4.25,4.25,4.25,4.25,1.805133,2400
6841,2000-05-26,4.25,4.25,4.25,4.25,1.805133,2000
6842,2000-05-30,4.3125,4.3125,4.3125,4.3125,1.831678,2200
6843,2000-05-31,4.3125,4.3125,4.3125,4.3125,1.831678,200
6844,2000-06-01,4.3125,4.3125,4.3125,4.3125,1.831678,200
6845,2000-06-02,4.28125,4.28125,4.25,4.25,1.805133,4000
6846,2000-06-05,4.3125,4.3125,4.1875,4.1875,1.778586,25600
6847,2000-06-06,4.125,4.1875,4.125,4.1875,1.778586,2200
6848,2000-06-07,4.1875,4.1875,4.1875,4.1875,1.778586,400
6849,2000-06-08,4.25,4.25,4.25,4.25,1.805133,800
6850,2000-06-09,4.25,4.25,4.25,4.25,1.805133,200
6851,2000-06-12,4.25,4.25,4.25,4.25,1.805133,400
6852,2000-06-13,4.25,4.25,4.25,4.25,1.805133,2600
6853,2000-06-14,4.25,4.25,4.25,4.25,1.805133,600
6854,2000-06-15,4.21875,4.21875,4.1875,4.1875,1.778586,6200
6855,2000-06-16,4.21875,4.21875,4.1875,4.1875,1.778586,6400
6856,2000-06-19,4.21875,4.21875,4.21875,4.21875,1.791859,2000
6857,2000-06-20,4.15625,4.25,4.15625,4.25,1.805133,13000
6858,2000-06-21,4.25,4.25,4.25,4.25,1.805133,1200
6859,2000-06-22,4.1875,4.1875,4.125,4.125,1.75204,24200
6860,2000-06-23,4.0625,4.0625,4.03125,4.0625,1.7254939999999999,20400
6861,2000-06-26,4.125,4.125,4.03125,4.03125,1.712221,2800
6862,2000-06-27,4.0,4.1875,4.0,4.03125,1.712221,7800
6863,2000-06-28,4.0,4.0,4.0,4.0,1.698948,7200
6864,2000-06-29,3.96875,3.96875,3.75,3.875,1.6458560000000002,23000
6865,2000-06-30,3.875,4.375,3.875,4.34375,1.8449520000000001,34200
6866,2000-07-03,4.34375,4.34375,4.34375,4.34375,1.8449520000000001,0
6867,2000-07-05,4.3125,4.3125,4.3125,4.3125,1.831678,600
6868,2000-07-06,4.3125,4.3125,4.3125,4.3125,1.831678,2000
6869,2000-07-07,4.25,4.25,4.0625,4.0625,1.7254939999999999,3400
6870,2000-07-10,4.125,4.125,4.125,4.125,1.75204,1600
6871,2000-07-11,4.1875,4.1875,4.1875,4.1875,1.778586,200
6872,2000-07-12,4.15625,4.15625,4.15625,4.15625,1.765312,800
6873,2000-07-13,4.15625,4.15625,4.15625,4.15625,1.765312,400
6874,2000-07-14,4.15625,4.15625,4.15625,4.15625,1.765312,3600
6875,2000-07-17,4.15625,4.15625,4.15625,4.15625,1.765312,400
6876,2000-07-18,4.15625,4.15625,4.15625,4.15625,1.765312,0
6877,2000-07-19,4.15625,4.15625,4.15625,4.15625,1.765312,1200
6878,2000-07-20,4.1875,4.25,4.1875,4.25,1.805133,19200
6879,2000-07-21,4.25,4.25,4.25,4.25,1.805133,3800
6880,2000-07-24,4.25,4.25,4.25,4.25,1.805133,200
6881,2000-07-25,4.25,4.25,4.125,4.1875,1.778586,4600
6882,2000-07-26,4.125,4.125,4.125,4.125,1.75204,7800
6883,2000-07-27,4.125,4.125,4.0625,4.0625,1.7254939999999999,400
6884,2000-07-28,4.0625,4.125,4.0625,4.0625,1.7254939999999999,8200
6885,2000-07-31,3.9375,3.9375,3.9375,3.9375,1.672402,1400
6886,2000-08-01,3.875,4.0,3.875,4.0,1.698948,12400
6887,2000-08-02,3.9375,4.125,3.9375,4.09375,1.7387669999999997,2400
6888,2000-08-03,4.0,4.125,4.0,4.125,1.7814139999999998,5400
6889,2000-08-04,4.125,4.125,4.0,4.0,1.7274310000000002,2000
6890,2000-08-07,3.9375,4.0,3.875,3.9375,1.7004400000000002,5600
6891,2000-08-08,3.875,3.875,3.875,3.875,1.6734490000000002,3200
6892,2000-08-09,3.8125,3.875,3.8125,3.875,1.6734490000000002,4400
6893,2000-08-10,3.9375,3.9375,3.875,3.875,1.6734490000000002,1400
6894,2000-08-11,4.0,4.0,4.0,4.0,1.7274310000000002,2000
6895,2000-08-14,4.0,4.0,4.0,4.0,1.7274310000000002,200
6896,2000-08-15,4.0,4.0,3.9375,3.9375,1.7004400000000002,2000
6897,2000-08-16,4.0,4.0,4.0,4.0,1.7274310000000002,800
6898,2000-08-17,3.9375,4.0,3.9375,4.0,1.7274310000000002,400
6899,2000-08-18,4.0,4.0,3.9375,4.0,1.7274310000000002,2200
6900,2000-08-21,4.0,4.125,4.0,4.0625,1.7544220000000001,8400
6901,2000-08-22,4.0625,4.0625,4.0,4.0,1.7274310000000002,9000
6902,2000-08-23,4.0,4.0,3.9375,3.9375,1.7004400000000002,13400
6903,2000-08-24,3.9375,3.9375,3.875,3.875,1.6734490000000002,235600
6904,2000-08-25,3.9375,3.9375,3.84375,3.84375,1.659952,100800
6905,2000-08-28,3.9375,4.0,3.9375,4.0,1.7274310000000002,6000
6906,2000-08-29,3.875,3.875,3.875,3.875,1.6734490000000002,2000
6907,2000-08-30,3.9375,3.9375,3.875,3.875,1.6734490000000002,12800
6908,2000-08-31,3.875,3.875,3.8125,3.8125,1.6464580000000002,29600
6909,2000-09-01,3.8125,3.84375,3.75,3.84375,1.659952,42600
6910,2000-09-05,3.84375,3.84375,3.84375,3.84375,1.659952,200
6911,2000-09-06,3.78125,3.875,3.78125,3.875,1.6734490000000002,2200
6912,2000-09-07,3.9375,3.96875,3.9375,3.9375,1.7004400000000002,6600
6913,2000-09-08,3.9375,4.0,3.9375,3.96875,1.7139349999999998,6800
6914,2000-09-11,3.96875,4.0,3.96875,4.0,1.7274310000000002,12200
6915,2000-09-12,4.0,4.0,3.9375,3.9375,1.7004400000000002,800
6916,2000-09-13,4.0,4.0,3.875,3.9375,1.7004400000000002,8600
6917,2000-09-14,3.9375,4.1875,3.9375,4.1875,1.8084040000000001,15200
6918,2000-09-15,4.1875,4.3125,4.1875,4.3125,1.8623869999999998,8400
6919,2000-09-18,4.3125,4.375,4.3125,4.375,1.889377,8400
6920,2000-09-19,4.40625,4.40625,4.3125,4.3125,1.8623869999999998,4400
6921,2000-09-20,4.1875,4.25,4.1875,4.25,1.8353959999999998,1800
6922,2000-09-21,4.21875,4.21875,4.125,4.1875,1.8084040000000001,2600
6923,2000-09-22,4.25,4.25,3.96875,4.125,1.7814139999999998,8200
6924,2000-09-25,4.0,4.0,3.75,3.875,1.6734490000000002,50800
6925,2000-09-26,3.8125,3.90625,3.8125,3.90625,1.6869450000000001,4400
6926,2000-09-27,3.9375,4.0,3.9375,4.0,1.7274310000000002,1800
6927,2000-09-28,4.0,4.0625,4.0,4.0625,1.7544220000000001,21600
6928,2000-09-29,3.9375,3.96875,3.78125,3.78125,1.632962,66800
6929,2000-10-02,3.78125,3.875,3.78125,3.8125,1.6464580000000002,1600
6930,2000-10-03,3.6875,3.875,3.6875,3.875,1.6734490000000002,26400
6931,2000-10-04,3.875,3.875,3.75,3.8125,1.6464580000000002,18400
6932,2000-10-05,3.75,3.75,3.6875,3.71875,1.6059709999999998,20600
6933,2000-10-06,3.75,3.75,3.625,3.625,1.565484,22800
6934,2000-10-09,3.625,3.75,3.625,3.6875,1.592476,2000
6935,2000-10-10,3.6875,3.75,3.6875,3.75,1.619467,1800
6936,2000-10-11,3.8125,3.8125,3.8125,3.8125,1.6464580000000002,600
6937,2000-10-12,3.8125,3.8125,3.8125,3.8125,1.6464580000000002,30200
6938,2000-10-13,3.8125,3.84375,3.8125,3.84375,1.659952,14200
6939,2000-10-16,3.8125,4.0,3.8125,3.9375,1.7004400000000002,15600
6940,2000-10-17,3.96875,3.96875,3.96875,3.96875,1.7139349999999998,400
6941,2000-10-18,3.96875,4.0625,3.96875,4.0625,1.7544220000000001,10000
6942,2000-10-19,4.0625,4.0625,4.0625,4.0625,1.7544220000000001,20000
6943,2000-10-20,4.0,4.0,3.8125,3.8125,1.6464580000000002,12400
6944,2000-10-23,3.75,3.75,3.71875,3.75,1.619467,27600
6945,2000-10-24,3.71875,3.8125,3.6875,3.78125,1.632962,43000
6946,2000-10-25,3.75,3.75,3.71875,3.71875,1.6059709999999998,14200
6947,2000-10-26,3.75,3.75,3.75,3.75,1.619467,10200
6948,2000-10-27,3.75,3.75,3.75,3.75,1.619467,3200
6949,2000-10-30,3.9375,3.9375,3.75,3.84375,1.659952,13800
6950,2000-10-31,3.875,3.875,3.84375,3.84375,1.659952,5600
6951,2000-11-01,3.78125,3.78125,3.6875,3.6875,1.592476,7400
6952,2000-11-02,3.75,3.8125,3.75,3.8125,1.6464580000000002,8600
6953,2000-11-03,3.84375,3.84375,3.75,3.8125,1.6464580000000002,9000
6954,2000-11-06,3.84375,3.875,3.84375,3.84375,1.659952,23800
6955,2000-11-07,3.8125,3.875,3.8125,3.875,1.6734490000000002,2600
6956,2000-11-08,3.875,3.875,3.84375,3.84375,1.6893799999999999,3600
6957,2000-11-09,3.84375,3.84375,3.84375,3.84375,1.6893799999999999,600
6958,2000-11-10,3.6875,3.6875,3.6875,3.6875,1.620707,15800
6959,2000-11-13,3.6875,3.75,3.6875,3.75,1.648177,40800
6960,2000-11-14,3.875,3.875,3.75,3.875,1.703116,9400
6961,2000-11-15,3.8125,3.875,3.8125,3.875,1.703116,6800
6962,2000-11-16,3.875,3.9375,3.875,3.9375,1.730586,6400
6963,2000-11-17,4.125,4.125,4.125,4.125,1.8129939999999998,4200
6964,2000-11-20,4.1875,4.1875,4.125,4.125,1.8129939999999998,1600
6965,2000-11-21,4.0625,4.125,4.0625,4.0625,1.7855240000000001,5800
6966,2000-11-22,4.0625,4.0625,4.0,4.03125,1.7717900000000002,21200
6967,2000-11-24,4.03125,4.03125,4.03125,4.03125,1.7717900000000002,0
6968,2000-11-27,4.0,4.0,4.0,4.0,1.758055,1800
6969,2000-11-28,4.0,4.0,4.0,4.0,1.758055,21400
6970,2000-11-29,4.0,4.0,3.96875,3.96875,1.74432,10000
6971,2000-11-30,3.90625,3.90625,3.875,3.875,1.703116,6400
6972,2000-12-01,4.0,4.0,3.875,3.875,1.703116,2400
6973,2000-12-04,3.9375,3.9375,3.9375,3.9375,1.730586,2600
6974,2000-12-05,3.9375,3.9375,3.9375,3.9375,1.730586,400
6975,2000-12-06,3.9375,4.0625,3.875,4.03125,1.7717900000000002,10600
6976,2000-12-07,4.03125,4.03125,4.03125,4.03125,1.7717900000000002,3400
6977,2000-12-08,4.03125,4.03125,4.03125,4.03125,1.7717900000000002,0
6978,2000-12-11,4.03125,4.03125,3.9375,3.9375,1.730586,4400
6979,2000-12-12,3.9375,3.9375,3.90625,3.9375,1.730586,5200
6980,2000-12-13,3.9375,3.9375,3.875,3.875,1.703116,15000
6981,2000-12-14,3.8125,3.8125,3.78125,3.8125,1.675646,19400
6982,2000-12-15,3.75,3.75,3.75,3.75,1.648177,1000
6983,2000-12-18,3.75,3.75,3.75,3.75,1.648177,2600
6984,2000-12-19,3.75,3.75,3.75,3.75,1.648177,2600
6985,2000-12-20,3.875,3.875,3.875,3.875,1.703116,14600
6986,2000-12-21,3.9375,4.03125,3.9375,3.9375,1.730586,4600
6987,2000-12-22,3.96875,3.96875,3.96875,3.96875,1.74432,400
6988,2000-12-26,3.9375,3.96875,3.9375,3.96875,1.74432,56400
6989,2000-12-27,3.96875,4.0,3.9375,3.9375,1.730586,5800
6990,2000-12-28,4.0625,4.125,3.96875,4.125,1.8129939999999998,16400
6991,2000-12-29,4.0625,4.09375,4.0625,4.0625,1.7855240000000001,12200
6992,2001-01-02,4.125,4.125,4.125,4.125,1.8129939999999998,800
6993,2001-01-03,4.125,4.1875,4.0,4.1875,1.8404639999999999,8400
6994,2001-01-04,4.1875,4.21875,4.1875,4.21875,1.854198,14000
6995,2001-01-05,4.1875,4.1875,4.1875,4.1875,1.8404639999999999,800
6996,2001-01-08,4.125,4.125,4.0625,4.0625,1.7855240000000001,2000
6997,2001-01-09,4.125,4.3125,4.125,4.3125,1.895403,12200
6998,2001-01-10,4.375,4.4375,4.3125,4.4375,1.9503419999999998,5000
6999,2001-01-11,4.4375,4.5,4.4375,4.4375,1.9503419999999998,4400
7000,2001-01-12,4.3125,4.3125,4.3125,4.3125,1.895403,6000
7001,2001-01-16,4.34375,4.34375,4.25,4.25,1.867934,1200
7002,2001-01-17,4.28125,4.375,4.28125,4.375,1.9228720000000001,1200
7003,2001-01-18,4.25,4.28125,4.25,4.28125,1.8816680000000001,4800
7004,2001-01-19,4.3125,4.3125,4.3125,4.3125,1.895403,400
7005,2001-01-22,4.25,4.25,4.25,4.25,1.867934,2000
7006,2001-01-23,4.25,4.25,4.25,4.25,1.867934,1000
7007,2001-01-24,4.25,4.25,4.25,4.25,1.867934,200
7008,2001-01-25,4.3125,4.3125,4.25,4.25,1.867934,400
7009,2001-01-26,4.25,4.34375,4.1875,4.1875,1.8404639999999999,3200
7010,2001-01-29,4.19,4.31,4.185,4.185,1.8393650000000001,3800
7011,2001-01-30,4.15,4.175,4.0,4.0,1.758055,11000
7012,2001-01-31,4.025,4.025,3.975,3.975,1.747067,8400
7013,2001-02-01,4.05,4.15,4.05,4.15,1.823982,8000
7014,2001-02-02,4.15,4.15,4.15,4.15,1.823982,0
7015,2001-02-05,4.125,4.125,4.125,4.125,1.8129939999999998,1200
7016,2001-02-06,4.245,4.245,4.125,4.24,1.8635380000000001,4600
7017,2001-02-07,4.15,4.225,4.15,4.225,1.856946,1200
7018,2001-02-08,4.145,4.175,4.145,4.175,1.83497,400
7019,2001-02-09,4.125,4.13,4.125,4.13,1.815192,2000
7020,2001-02-12,4.15,4.15,4.125,4.13,1.815192,3600
7021,2001-02-13,4.13,4.35,4.13,4.25,1.867934,5400
7022,2001-02-14,4.37,4.375,4.32,4.32,1.8986990000000001,6200
7023,2001-02-15,4.315,4.345,4.25,4.25,1.867934,7200
7024,2001-02-16,4.225,4.225,4.125,4.125,1.8129939999999998,6400
7025,2001-02-20,4.325,4.375,4.3,4.375,1.9228720000000001,11000
7026,2001-02-21,4.3,4.425,4.285,4.4,1.964164,4800
7027,2001-02-22,4.375,4.495,4.375,4.425,1.975324,8600
7028,2001-02-23,4.3,4.3,4.2,4.225,1.886045,17600
7029,2001-02-26,4.225,4.225,4.2,4.2,1.874884,1000
7030,2001-02-27,4.25,4.25,4.19,4.225,1.886045,3200
7031,2001-02-28,4.19,4.19,4.19,4.19,1.87042,1600
7032,2001-03-01,4.175,4.175,4.15,4.15,1.8525650000000002,5600
7033,2001-03-02,4.0,4.075,4.0,4.075,1.819084,9400
7034,2001-03-05,4.125,4.125,4.075,4.075,1.819084,3000
7035,2001-03-06,4.1,4.125,4.1,4.125,1.841404,2200
7036,2001-03-07,4.125,4.175,4.125,4.175,1.863725,400
7037,2001-03-08,4.175,4.175,4.125,4.125,1.841404,1400
7038,2001-03-09,4.125,4.125,4.125,4.125,1.841404,3000
7039,2001-03-12,4.125,4.125,4.125,4.125,1.841404,200
7040,2001-03-13,4.125,4.175,4.125,4.175,1.863725,8600
7041,2001-03-14,4.225,4.25,4.175,4.245,1.894973,3800
7042,2001-03-15,4.225,4.225,4.225,4.225,1.886045,200
7043,2001-03-16,4.225,4.225,4.2,4.2,1.874884,6600
7044,2001-03-19,4.2,4.25,4.2,4.25,1.897205,43400
7045,2001-03-20,4.18,4.18,4.13,4.13,1.843637,12000
7046,2001-03-21,4.125,4.2,4.075,4.2,1.874884,4800
7047,2001-03-22,4.1,4.2,4.1,4.2,1.874884,3000
7048,2001-03-23,4.25,4.3,4.2,4.3,1.919525,6200
7049,2001-03-26,4.375,4.375,4.225,4.375,1.9530040000000002,1800
7050,2001-03-27,4.3,4.32,4.25,4.3,1.919525,15400
7051,2001-03-28,4.325,4.37,4.25,4.37,1.9507729999999999,22200
7052,2001-03-29,4.375,4.375,4.37,4.37,1.9507729999999999,3800
7053,2001-03-30,4.37,4.37,4.37,4.37,1.9507729999999999,1600
7054,2001-04-02,4.375,4.375,4.375,4.375,1.9530040000000002,8000
7055,2001-04-03,4.325,4.325,4.325,4.325,1.930684,1000
7056,2001-04-04,4.25,4.25,4.225,4.245,1.894973,3400
7057,2001-04-05,4.25,4.325,4.25,4.325,1.930684,3400
7058,2001-04-06,4.225,4.25,4.225,4.25,1.897205,6800
7059,2001-04-09,4.25,4.25,4.25,4.25,1.897205,1000
7060,2001-04-10,4.225,4.225,4.2,4.2,1.874884,8000
7061,2001-04-11,4.2,4.225,4.175,4.175,1.863725,2400
7062,2001-04-12,4.175,4.225,4.175,4.225,1.886045,5000
7063,2001-04-16,4.225,4.245,4.225,4.245,1.894973,11200
7064,2001-04-17,4.245,4.245,4.2,4.245,1.894973,6400
7065,2001-04-18,4.245,4.25,4.17,4.25,1.897205,21600
7066,2001-04-19,4.25,4.25,4.25,4.25,1.897205,600
7067,2001-04-20,4.125,4.25,4.125,4.25,1.897205,7800
7068,2001-04-23,4.3,4.3,4.3,4.3,1.919525,400
7069,2001-04-24,4.3,4.3,4.3,4.3,1.919525,8200
7070,2001-04-25,4.25,4.325,4.225,4.275,1.908365,18600
7071,2001-04-26,4.3,4.5,4.275,4.5,2.008804,36800
7072,2001-04-27,4.5,4.575,4.5,4.575,2.042284,8400
7073,2001-04-30,4.6,4.6,4.6,4.6,2.053445,200
7074,2001-05-01,4.6,4.65,4.525,4.625,2.064605,13000
7075,2001-05-02,4.65,4.7,4.55,4.7,2.0980849999999998,7400
7076,2001-05-03,4.695,4.725,4.695,4.725,2.109245,5200
7077,2001-05-04,4.7,4.7,4.7,4.7,2.0980849999999998,200
7078,2001-05-07,4.65,4.675,4.65,4.675,2.0869240000000002,2200
7079,2001-05-08,4.675,4.775,4.675,4.725,2.109245,7600
7080,2001-05-09,4.75,4.75,4.65,4.7,2.0980849999999998,9600
7081,2001-05-10,4.675,4.675,4.625,4.625,2.094688,5400
7082,2001-05-11,4.625,4.675,4.625,4.675,2.117334,3200
7083,2001-05-14,4.69,4.69,4.69,4.69,2.124127,600
7084,2001-05-15,4.69,4.695,4.69,4.695,2.1263919999999996,2200
7085,2001-05-16,4.695,4.75,4.65,4.7,2.1286560000000003,17400
7086,2001-05-17,4.65,4.655,4.625,4.625,2.094688,6000
7087,2001-05-18,4.63,4.65,4.63,4.65,2.10601,3400
7088,2001-05-21,4.65,4.675,4.65,4.675,2.117334,1600
7089,2001-05-22,4.675,4.675,4.625,4.65,2.10601,8600
7090,2001-05-23,4.65,4.65,4.6,4.6,2.083365,2800
7091,2001-05-24,4.575,4.575,4.5,4.5,2.038074,9000
7092,2001-05-25,4.5,4.5,4.5,4.5,2.038074,200
7093,2001-05-29,4.5,4.65,4.5,4.65,2.10601,30400
7094,2001-05-30,4.6,4.6,4.575,4.6,2.083365,4800
7095,2001-05-31,4.575,4.65,4.475,4.65,2.10601,18200
7096,2001-06-01,4.575,4.59,4.565,4.59,2.078837,3400
7097,2001-06-04,4.625,4.625,4.5,4.55,2.06072,22000
7098,2001-06-05,4.625,4.625,4.56,4.6,2.083365,26000
7099,2001-06-06,4.6,4.6,4.55,4.55,2.06072,6600
7100,2001-06-07,4.6,4.62,4.6,4.62,2.092423,6400
7101,2001-06-08,4.65,4.65,4.525,4.55,2.06072,49400
7102,2001-06-11,4.5,4.55,4.425,4.445,2.013166,9000
7103,2001-06-12,4.525,4.585,4.5,4.53,2.051662,31800
7104,2001-06-13,4.55,4.55,4.55,4.55,2.06072,6800
7105,2001-06-14,4.55,4.575,4.55,4.55,2.06072,14000
7106,2001-06-15,4.57,4.57,4.55,4.57,2.069778,11400
7107,2001-06-18,4.575,4.575,4.575,4.575,2.072043,6400
7108,2001-06-19,4.575,4.575,4.5,4.575,2.072043,34600
7109,2001-06-20,4.575,4.6,4.55,4.575,2.072043,8400
7110,2001-06-21,4.6,4.675,4.595,4.675,2.117334,3800
7111,2001-06-22,4.675,4.775,4.675,4.77,2.16036,7800
7112,2001-06-25,4.825,4.875,4.75,4.8,2.173947,10200
7113,2001-06-26,4.8,4.8,4.8,4.8,2.173947,400
7114,2001-06-27,4.725,4.8,4.725,4.8,2.173947,1400
7115,2001-06-28,4.8,4.825,4.755,4.825,2.185269,6800
7116,2001-06-29,4.8,4.845,4.8,4.845,2.194327,1800
7117,2001-07-02,4.84,4.85,4.775,4.84,2.192063,5400
7118,2001-07-03,4.78,4.78,4.78,4.78,2.164888,800
7119,2001-07-05,4.825,4.845,4.825,4.845,2.194327,2600
7120,2001-07-06,4.845,4.845,4.675,4.75,2.1513009999999997,7400
7121,2001-07-09,4.75,4.75,4.75,4.75,2.1513009999999997,400
7122,2001-07-10,4.705,4.72,4.705,4.72,2.137714,5600
7123,2001-07-11,4.75,4.845,4.75,4.845,2.194327,800
7124,2001-07-12,4.75,4.845,4.725,4.75,2.1513009999999997,9800
7125,2001-07-13,4.7,4.75,4.7,4.75,2.1513009999999997,2200
7126,2001-07-16,4.75,4.75,4.75,4.75,2.1513009999999997,2000
7127,2001-07-17,4.65,4.725,4.55,4.725,2.1399779999999997,10200
7128,2001-07-18,4.775,4.775,4.775,4.775,2.162624,200
7129,2001-07-19,4.8,4.8,4.725,4.8,2.173947,8400
7130,2001-07-20,4.75,4.75,4.7,4.7,2.1286560000000003,7600
7131,2001-07-23,4.7,4.7,4.65,4.675,2.117334,15800
7132,2001-07-24,4.575,4.575,4.455,4.525,2.049399,28600
7133,2001-07-25,4.575,4.625,4.55,4.575,2.072043,5200
7134,2001-07-26,4.6,4.625,4.6,4.625,2.094688,1800
7135,2001-07-27,4.625,4.625,4.575,4.625,2.094688,2600
7136,2001-07-30,4.575,4.575,4.575,4.575,2.072043,600
7137,2001-07-31,4.625,4.625,4.56,4.56,2.06525,1400
7138,2001-08-01,4.6,4.65,4.55,4.625,2.094688,36600
7139,2001-08-02,4.65,4.7,4.625,4.69,2.1555869999999997,10000
7140,2001-08-03,4.725,4.775,4.63,4.775,2.194654,2200
7141,2001-08-06,4.775,4.775,4.75,4.75,2.183163,1400
7142,2001-08-07,4.8,4.8,4.725,4.77,2.192356,7800
7143,2001-08-08,4.76,4.775,4.75,4.775,2.194654,7000
7144,2001-08-09,4.775,4.775,4.625,4.75,2.183163,9800
7145,2001-08-10,4.75,4.75,4.7,4.7,2.160183,1400
7146,2001-08-13,4.745,4.8,4.745,4.8,2.2061450000000002,1600
7147,2001-08-14,4.8,4.95,4.75,4.95,2.275087,9800
7148,2001-08-15,4.95,4.95,4.9,4.95,2.275087,26600
7149,2001-08-16,4.95,4.95,4.95,4.95,2.275087,1400
7150,2001-08-17,4.97,4.99,4.95,4.99,2.293471,10400
7151,2001-08-20,4.995,4.995,4.925,4.925,2.2635959999999997,10200
7152,2001-08-21,4.995,5.045,4.995,5.0,2.2980669999999996,8600
7153,2001-08-22,4.95,5.0,4.95,5.0,2.2980669999999996,2400
7154,2001-08-23,4.97,5.02,4.925,4.925,2.2635959999999997,4400
7155,2001-08-24,4.975,5.025,4.95,4.975,2.286577,8200
7156,2001-08-27,4.975,5.025,4.975,5.025,2.309558,3000
7157,2001-08-28,5.025,5.025,4.95,4.95,2.275087,7400
7158,2001-08-29,4.975,5.0,4.95,4.95,2.275087,15000
7159,2001-08-30,4.95,4.95,4.825,4.825,2.217634,9000
7160,2001-08-31,4.8,4.8,4.75,4.775,2.194654,6200
7161,2001-09-04,4.825,4.85,4.825,4.85,2.229125,2600
7162,2001-09-05,4.9,4.9,4.875,4.88,2.242914,11000
7163,2001-09-06,4.9,4.9,4.9,4.9,2.252106,4000
7164,2001-09-07,4.925,4.925,4.825,4.875,2.240615,7200
7165,2001-09-10,4.825,4.825,4.8,4.8,2.2061450000000002,1400
7166,2001-09-17,4.75,4.75,4.675,4.7,2.160183,3200
7167,2001-09-18,4.7,4.725,4.675,4.725,2.1716729999999997,2800
7168,2001-09-19,4.65,4.65,4.475,4.5,2.06826,11600
7169,2001-09-20,4.5,4.5,4.455,4.5,2.06826,3400
7170,2001-09-21,4.5,4.5,4.28,4.325,1.987828,18800
7171,2001-09-24,4.425,4.475,4.425,4.45,2.0452790000000003,2000
7172,2001-09-25,4.45,4.45,4.45,4.45,2.0452790000000003,2200
7173,2001-09-26,4.435,4.435,4.2,4.3,1.9763380000000002,16600
7174,2001-09-27,4.3,4.3,4.3,4.3,1.9763380000000002,2600
7175,2001-09-28,4.375,4.5,4.375,4.425,2.033789,9000
7176,2001-10-01,4.42,4.45,4.42,4.45,2.0452790000000003,6400
7177,2001-10-02,4.475,4.475,4.475,4.475,2.05677,400
7178,2001-10-03,4.455,4.5,4.455,4.5,2.06826,12000
7179,2001-10-04,4.55,4.55,4.5,4.55,2.091241,6400
7180,2001-10-05,4.55,4.55,4.55,4.55,2.091241,5400
7181,2001-10-08,4.57,4.57,4.57,4.57,2.100434,200
7182,2001-10-09,4.625,4.625,4.625,4.625,2.125712,200
7183,2001-10-10,4.7,4.7,4.65,4.65,2.137202,14800
7184,2001-10-11,4.65,4.725,4.65,4.725,2.1716729999999997,5000
7185,2001-10-12,4.68,4.68,4.625,4.625,2.125712,10600
7186,2001-10-15,4.65,4.65,4.55,4.575,2.1027310000000003,6600
7187,2001-10-16,4.55,4.55,4.55,4.55,2.091241,400
7188,2001-10-17,4.65,4.65,4.5,4.5,2.06826,2400
7189,2001-10-18,4.55,4.55,4.55,4.55,2.091241,400
7190,2001-10-19,4.575,4.6,4.55,4.6,2.1142220000000003,10800
7191,2001-10-22,4.575,4.6,4.55,4.55,2.091241,3000
7192,2001-10-23,4.55,4.6,4.53,4.53,2.082049,4200
7193,2001-10-24,4.505,4.525,4.475,4.525,2.079751,1400
7194,2001-10-25,4.5,4.525,4.5,4.525,2.079751,800
7195,2001-10-26,4.5,4.545,4.5,4.545,2.088943,1600
7196,2001-10-29,4.6,4.6,4.575,4.575,2.1027310000000003,1800
7197,2001-10-30,4.5,4.575,4.5,4.575,2.1027310000000003,2600
7198,2001-10-31,4.575,4.575,4.575,4.575,2.1027310000000003,200
7199,2001-11-01,4.575,4.575,4.45,4.545,2.088943,9400
7200,2001-11-02,4.45,4.45,4.4,4.45,2.0452790000000003,5200
7201,2001-11-05,4.45,4.55,4.45,4.55,2.091241,3400
7202,2001-11-06,4.55,4.6,4.55,4.6,2.1142220000000003,2600
7203,2001-11-07,4.55,4.875,4.55,4.875,2.273984,16000
7204,2001-11-08,4.95,4.97,4.875,4.97,2.3182970000000003,4600
7205,2001-11-09,4.85,4.85,4.775,4.825,2.25066,5400
7206,2001-11-12,4.825,4.825,4.825,4.825,2.25066,200
7207,2001-11-13,4.825,4.825,4.73,4.73,2.206347,4000
7208,2001-11-14,4.725,4.725,4.725,4.725,2.204015,5000
7209,2001-11-15,4.75,4.75,4.75,4.75,2.2156759999999998,1000
7210,2001-11-16,4.75,4.75,4.75,4.75,2.2156759999999998,200
7211,2001-11-19,4.75,4.775,4.75,4.76,2.220342,2600
7212,2001-11-20,4.76,4.76,4.76,4.76,2.220342,0
7213,2001-11-21,4.775,4.775,4.75,4.75,2.2156759999999998,11000
7214,2001-11-23,4.75,4.75,4.75,4.75,2.2156759999999998,200
7215,2001-11-26,4.75,4.775,4.725,4.725,2.204015,19800
7216,2001-11-27,4.725,4.725,4.675,4.675,2.1806919999999996,1600
7217,2001-11-28,4.675,4.675,4.65,4.65,2.169031,1200
7218,2001-11-29,4.755,4.755,4.65,4.755,2.218009,2400
7219,2001-11-30,4.65,4.65,4.65,4.65,2.169031,200
7220,2001-12-03,4.775,4.775,4.725,4.725,2.204015,2400
7221,2001-12-04,4.775,4.8,4.775,4.8,2.238999,6800
7222,2001-12-05,4.8,4.8,4.8,4.8,2.238999,200
7223,2001-12-06,4.8,4.8,4.8,4.8,2.238999,200
7224,2001-12-07,4.8,4.8,4.5,4.5,2.099062,24000
7225,2001-12-10,4.5,4.55,4.275,4.375,2.040755,14600
7226,2001-12-11,4.355,4.45,4.35,4.4,2.052416,1800
7227,2001-12-12,4.4,4.4,4.4,4.4,2.052416,200
7228,2001-12-13,4.42,4.45,4.42,4.45,2.075739,1200
7229,2001-12-14,4.45,4.45,4.45,4.45,2.075739,200
7230,2001-12-17,4.44,4.475,4.44,4.45,2.075739,800
7231,2001-12-18,4.475,4.475,4.425,4.475,2.0874,2800
7232,2001-12-19,4.525,4.525,4.43,4.495,2.0967290000000003,3400
7233,2001-12-20,4.45,4.45,4.43,4.43,2.06641,400
7234,2001-12-21,4.425,4.475,4.425,4.45,2.075739,5000
7235,2001-12-24,4.5,4.56,4.5,4.56,2.12705,7600
7236,2001-12-26,4.55,4.55,4.5,4.5,2.099062,1200
7237,2001-12-27,4.505,4.505,4.505,4.505,2.101395,5000
7238,2001-12-28,4.525,4.525,4.5,4.525,2.110723,1600
7239,2001-12-31,4.475,4.525,4.4,4.525,2.110723,4800
7240,2002-01-02,4.475,4.5,4.475,4.5,2.099062,2000
7241,2002-01-03,4.575,4.575,4.575,4.575,2.134046,2800
7242,2002-01-04,4.6,4.6,4.575,4.575,2.134046,1200
7243,2002-01-07,4.625,4.625,4.575,4.575,2.134046,800
7244,2002-01-08,4.575,4.575,4.525,4.525,2.110723,17600
7245,2002-01-09,4.535,4.625,4.535,4.625,2.1573689999999996,2400
7246,2002-01-10,4.605,4.61,4.605,4.605,2.148041,8400
7247,2002-01-11,4.61,4.62,4.575,4.62,2.155037,5200
7248,2002-01-14,4.62,4.62,4.62,4.62,2.155037,200
7249,2002-01-15,4.625,4.675,4.625,4.675,2.1806919999999996,11800
7250,2002-01-16,4.625,4.65,4.6,4.65,2.169031,2200
7251,2002-01-17,4.7,4.72,4.7,4.72,2.201682,600
7252,2002-01-18,4.7,4.775,4.7,4.75,2.2156759999999998,12600
7253,2002-01-22,4.75,4.755,4.7,4.7,2.192354,3400
7254,2002-01-23,4.75,4.75,4.75,4.75,2.2156759999999998,12200
7255,2002-01-24,4.75,4.8,4.75,4.8,2.238999,5000
7256,2002-01-25,4.85,4.85,4.85,4.85,2.262322,15000
7257,2002-01-28,4.9,4.9,4.75,4.75,2.2156759999999998,4400
7258,2002-01-29,4.755,4.755,4.755,4.755,2.218009,3000
7259,2002-01-30,4.8,4.875,4.75,4.75,2.2156759999999998,20200
7260,2002-01-31,4.75,4.8,4.75,4.8,2.238999,35400
7261,2002-02-01,4.8,4.925,4.775,4.925,2.2973060000000003,11200
7262,2002-02-04,4.9,4.9,4.88,4.88,2.276316,600
7263,2002-02-05,4.88,4.9,4.88,4.9,2.285645,10200
7264,2002-02-06,4.945,4.945,4.85,4.85,2.262322,18600
7265,2002-02-07,4.775,4.8,4.73,4.75,2.2156759999999998,3400
7266,2002-02-08,4.75,4.75,4.75,4.75,2.2156759999999998,10200
7267,2002-02-11,4.75,4.75,4.75,4.75,2.2156759999999998,5600
7268,2002-02-12,4.725,4.725,4.725,4.725,2.204015,400
7269,2002-02-13,4.725,4.725,4.725,4.725,2.235957,1000
7270,2002-02-14,4.725,4.725,4.675,4.675,2.212297,4200
7271,2002-02-15,4.675,4.675,4.63,4.63,2.191001,10400
7272,2002-02-19,4.635,4.635,4.635,4.635,2.193368,200
7273,2002-02-20,4.635,4.7,4.63,4.7,2.224126,2200
7274,2002-02-21,4.705,4.75,4.705,4.705,2.226493,10600
7275,2002-02-22,4.705,4.705,4.705,4.705,2.226493,200
7276,2002-02-25,4.675,4.675,4.675,4.675,2.212297,800
7277,2002-02-26,4.6,4.7,4.55,4.7,2.224126,63400
7278,2002-02-27,4.7,4.8,4.675,4.8,2.27145,10000
7279,2002-02-28,4.94,4.94,4.85,4.895,2.316406,13400
7280,2002-03-01,4.85,4.925,4.825,4.925,2.3306009999999997,4600
7281,2002-03-04,4.945,5.225,4.9,5.175,2.448905,52200
7282,2002-03-05,5.15,5.15,5.05,5.145,2.4347090000000002,3800
7283,2002-03-06,5.05,5.05,4.9,5.0,2.3660930000000002,8600
7284,2002-03-07,5.0,5.2,4.96,5.2,2.4607360000000003,45400
7285,2002-03-08,5.2,5.45,5.2,5.375,2.543549,30200
7286,2002-03-11,5.375,5.375,5.225,5.255,2.4867630000000003,33000
7287,2002-03-12,5.23,5.23,5.15,5.2,2.4607360000000003,5200
7288,2002-03-13,5.25,5.25,5.15,5.15,2.437076,5400
7289,2002-03-14,5.17,5.225,5.17,5.225,2.472566,12800
7290,2002-03-15,5.205,5.225,5.205,5.225,2.472566,2200
7291,2002-03-18,5.2,5.25,5.2,5.25,2.484398,9400
7292,2002-03-19,5.225,5.38,5.225,5.38,2.545916,12200
7293,2002-03-20,5.3,5.325,5.28,5.3,2.508057,6400
7294,2002-03-21,5.35,5.35,5.335,5.335,2.524622,9600
7295,2002-03-22,5.35,5.44,5.35,5.4,2.55538,2400
7296,2002-03-25,5.35,5.425,5.25,5.25,2.484398,16200
7297,2002-03-26,5.25,5.3,5.25,5.3,2.508057,2400
7298,2002-03-27,5.35,5.375,5.3,5.35,2.531719,3000
7299,2002-03-28,5.35,5.4,5.35,5.375,2.543549,18000
7300,2002-04-01,5.33,5.33,5.225,5.25,2.484398,18400
7301,2002-04-02,5.2,5.25,5.2,5.25,2.484398,8600
7302,2002-04-03,5.225,5.375,5.225,5.375,2.543549,12000
7303,2002-04-04,5.425,5.545,5.425,5.5,2.602702,20000
7304,2002-04-05,5.5,5.5,5.465,5.5,2.602702,9800
7305,2002-04-08,5.5,5.5,5.5,5.5,2.602702,7600
7306,2002-04-09,5.45,5.45,5.45,5.45,2.57904,1000
7307,2002-04-10,5.45,5.625,5.45,5.6,2.650023,7000
7308,2002-04-11,5.675,5.7,5.655,5.655,2.6760509999999997,13200
7309,2002-04-12,5.71,5.75,5.7,5.7,2.697346,7600
7310,2002-04-15,5.7,5.775,5.7,5.7,2.697346,5800
7311,2002-04-16,5.775,5.775,5.775,5.775,2.7328360000000003,2000
7312,2002-04-17,5.8,6.025,5.8,6.025,2.851142,28600
7313,2002-04-18,6.05,6.075,5.98,5.98,2.829848,4800
7314,2002-04-19,6.0,6.0,5.975,5.98,2.829848,4200
7315,2002-04-22,5.95,6.025,5.825,6.025,2.851142,60200
7316,2002-04-23,5.95,6.05,5.95,6.05,2.8629700000000002,15000
7317,2002-04-24,6.05,6.075,6.025,6.025,2.851142,3800
7318,2002-04-25,5.975,6.025,5.705,5.775,2.7328360000000003,82000
7319,2002-04-26,5.75,5.775,5.725,5.75,2.721007,10400
7320,2002-04-29,5.705,5.705,5.575,5.575,2.6381930000000002,20600
7321,2002-04-30,5.55,5.625,5.525,5.575,2.6381930000000002,9800
7322,2002-05-01,5.575,5.575,5.575,5.575,2.6381930000000002,200
7323,2002-05-02,5.625,5.625,5.625,5.625,2.661854,1800
7324,2002-05-03,5.625,5.75,5.625,5.75,2.721007,10800
7325,2002-05-06,5.7,5.7,5.65,5.65,2.673684,4000
7326,2002-05-07,5.7,5.71,5.675,5.71,2.7020779999999998,4600
7327,2002-05-08,5.75,5.75,5.75,5.75,2.721007,10600
7328,2002-05-09,5.75,5.75,5.7,5.74,2.748539,2200
7329,2002-05-10,5.7,5.7,5.625,5.625,2.693473,7000
7330,2002-05-13,5.625,5.625,5.6,5.6,2.681501,7000
7331,2002-05-14,5.635,5.675,5.635,5.675,2.7174150000000004,9600
7332,2002-05-15,5.7,5.7,5.7,5.7,2.729386,1000
7333,2002-05-16,5.75,5.75,5.75,5.75,2.7533279999999998,2600
7334,2002-05-17,5.7,5.725,5.65,5.725,2.741357,6600
7335,2002-05-20,5.725,5.725,5.705,5.705,2.73178,4200
7336,2002-05-21,5.655,5.7,5.655,5.7,2.729386,3800
7337,2002-05-22,5.745,5.75,5.63,5.64,2.700655,5800
7338,2002-05-23,5.605,5.605,5.575,5.575,2.66953,4400
7339,2002-05-24,5.55,5.625,5.55,5.625,2.693473,10200
7340,2002-05-28,5.645,5.645,5.575,5.575,2.66953,400
7341,2002-05-29,5.525,5.7,5.525,5.7,2.729386,15200
7342,2002-05-30,5.65,5.65,5.625,5.625,2.693473,4200
7343,2002-05-31,5.625,5.625,5.625,5.625,2.693473,200
7344,2002-06-03,5.7,5.7,5.475,5.475,2.6216470000000003,14800
7345,2002-06-04,5.495,5.495,5.495,5.495,2.631224,200
7346,2002-06-05,5.525,5.575,5.525,5.575,2.66953,1800
7347,2002-06-06,5.53,5.53,5.53,5.53,2.647982,2000
7348,2002-06-07,5.62,5.62,5.525,5.525,2.6455900000000003,7200
7349,2002-06-10,5.525,5.525,5.475,5.475,2.6216470000000003,2800
7350,2002-06-11,5.475,5.475,5.425,5.47,2.619252,1800
7351,2002-06-12,5.405,5.45,5.4,5.4,2.585734,1600
7352,2002-06-13,5.355,5.425,5.355,5.425,2.597706,3200
7353,2002-06-14,5.47,5.47,5.4,5.4,2.585734,2400
7354,2002-06-17,5.4,5.4,5.4,5.4,2.585734,0
7355,2002-06-18,5.45,5.49,5.45,5.49,2.628829,5000
7356,2002-06-19,5.495,5.495,5.4,5.425,2.597706,8200
7357,2002-06-20,5.45,5.495,5.45,5.47,2.619252,7800
7358,2002-06-21,5.475,5.475,5.475,5.475,2.6216470000000003,1000
7359,2002-06-24,5.405,5.45,5.405,5.425,2.597706,1200
7360,2002-06-25,5.4,5.4,5.3,5.375,2.573764,16800
7361,2002-06-26,5.3,5.35,5.3,5.35,2.5617919999999996,800
7362,2002-06-27,5.355,5.355,5.325,5.325,2.54982,1200
7363,2002-06-28,5.325,5.325,4.95,5.16,2.470811,25800
7364,2002-07-01,5.175,5.175,5.125,5.125,2.454053,11200
7365,2002-07-02,5.125,5.725,4.625,5.175,2.477995,5200
7366,2002-07-03,5.2,5.25,5.2,5.25,2.5139080000000003,1800
7367,2002-07-05,5.25,5.25,5.25,5.25,2.5139080000000003,0
7368,2002-07-08,5.235,5.235,5.2,5.2,2.489966,1800
7369,2002-07-09,5.215,5.325,5.215,5.325,2.54982,2600
7370,2002-07-10,5.35,5.375,5.3,5.3,2.537849,1400
7371,2002-07-11,5.25,5.25,5.225,5.225,2.501937,2400
7372,2002-07-12,5.175,5.175,5.08,5.08,2.432506,9000
7373,2002-07-15,5.125,5.125,5.1,5.12,2.451659,2400
7374,2002-07-16,5.12,5.175,5.12,5.175,2.477995,5200
7375,2002-07-17,5.225,5.3,5.225,5.3,2.537849,1000
7376,2002-07-18,5.35,5.35,5.35,5.35,2.5617919999999996,4800
7377,2002-07-19,5.325,5.325,5.2,5.2,2.489966,4600
7378,2002-07-22,5.2,5.2,5.0,5.05,2.41814,7600
7379,2002-07-23,5.0,5.0,4.775,4.8,2.2984310000000003,18600
7380,2002-07-24,4.675,4.75,4.675,4.75,2.2744880000000003,11200
7381,2002-07-25,4.75,4.87,4.75,4.85,2.322372,4400
7382,2002-07-26,4.8,4.895,4.8,4.875,2.3343439999999998,4400
7383,2002-07-29,5.12,5.35,5.12,5.35,2.5617919999999996,29200
7384,2002-07-30,5.35,5.35,5.225,5.225,2.501937,2600
7385,2002-07-31,5.2,5.4,5.2,5.4,2.585734,28400
7386,2002-08-01,5.375,5.375,5.275,5.35,2.594219,1000
7387,2002-08-02,5.345,5.345,5.275,5.275,2.5578529999999997,1200
7388,2002-08-05,5.25,5.275,5.225,5.25,2.54573,2800
7389,2002-08-06,5.225,5.225,5.225,5.225,2.533607,1200
7390,2002-08-07,5.2,5.2,5.125,5.125,2.485116,2200
7391,2002-08-08,5.125,5.125,5.125,5.125,2.485116,1000
7392,2002-08-09,5.125,5.175,5.125,5.125,2.485116,3000
7393,2002-08-12,5.125,5.125,5.125,5.125,2.485116,1000
7394,2002-08-13,5.135,5.2,5.125,5.125,2.485116,5400
7395,2002-08-14,5.125,5.175,5.125,5.15,2.497239,2000
7396,2002-08-15,5.2,5.225,5.15,5.15,2.497239,4400
7397,2002-08-16,5.175,5.325,5.175,5.325,2.582098,4400
7398,2002-08-19,5.35,5.35,5.3,5.3,2.569974,2200
7399,2002-08-20,5.3,5.325,5.25,5.275,2.5578529999999997,4400
7400,2002-08-21,5.25,5.25,5.225,5.225,2.533607,1400
7401,2002-08-22,5.225,5.225,5.225,5.225,2.533607,1400
7402,2002-08-23,5.275,5.35,5.25,5.275,2.5578529999999997,6000
7403,2002-08-26,5.3,5.325,5.275,5.325,2.582098,4600
7404,2002-08-27,5.3,5.36,5.3,5.35,2.594219,1600
7405,2002-08-28,5.3,5.45,5.275,5.45,2.642709,12000
7406,2002-08-29,5.425,5.6,5.4,5.525,2.679078,17600
7407,2002-08-30,5.5,5.5,5.45,5.5,2.6669549999999997,6000
7408,2002-09-03,5.45,5.45,5.35,5.35,2.594219,7200
7409,2002-09-04,5.345,5.345,5.2,5.2,2.5214849999999998,5800
7410,2002-09-05,5.2,5.2,5.13,5.13,2.487541,6000
7411,2002-09-06,5.13,5.195,5.13,5.175,2.509363,3800
7412,2002-09-09,5.2,5.2,5.175,5.175,2.509363,2400
7413,2002-09-10,5.225,5.225,5.175,5.175,2.509363,2000
7414,2002-09-11,5.225,5.225,5.175,5.175,2.509363,1800
7415,2002-09-12,5.18,5.18,5.13,5.13,2.487541,2000
7416,2002-09-13,5.1,5.175,5.1,5.15,2.497239,3000
7417,2002-09-16,5.2,5.2,5.1,5.1,2.472995,2000
7418,2002-09-17,5.1,5.2,5.1,5.19,2.516636,2600
7419,2002-09-18,5.175,5.225,5.125,5.2,2.5214849999999998,4600
7420,2002-09-19,5.175,5.225,5.15,5.2,2.5214849999999998,2400
7421,2002-09-20,5.175,5.225,5.15,5.225,2.533607,2800
7422,2002-09-23,5.2,5.25,5.1,5.125,2.485116,12000
7423,2002-09-24,5.125,5.175,5.125,5.15,2.497239,2400
7424,2002-09-25,5.13,5.35,5.13,5.275,2.5578529999999997,12800
7425,2002-09-26,5.25,5.45,5.25,5.4,2.618466,7600
7426,2002-09-27,5.475,5.525,5.45,5.525,2.679078,15800
7427,2002-09-30,5.575,5.65,5.5,5.625,2.7275669999999996,12800
7428,2002-10-01,5.6,5.625,5.6,5.6,2.715445,7200
7429,2002-10-02,5.575,5.625,5.525,5.525,2.679078,8800
7430,2002-10-03,5.565,5.565,5.475,5.475,2.654833,9200
7431,2002-10-04,5.525,5.525,5.4,5.475,2.654833,23600
7432,2002-10-07,5.525,5.675,5.475,5.6,2.715445,15000
7433,2002-10-08,5.5,5.59,5.5,5.55,2.6912,9200
7434,2002-10-09,5.5,5.525,5.45,5.45,2.642709,5200
7435,2002-10-10,5.33,5.675,5.33,5.625,2.7275669999999996,29400
7436,2002-10-11,5.575,5.7,5.525,5.65,2.73969,19800
7437,2002-10-14,5.6,5.65,5.55,5.55,2.6912,5000
7438,2002-10-15,5.6,5.74,5.55,5.675,2.7518130000000003,13600
7439,2002-10-16,5.725,5.725,5.665,5.695,2.76151,3600
7440,2002-10-17,5.605,5.7,5.525,5.7,2.763935,20000
7441,2002-10-18,5.75,5.75,5.675,5.675,2.7518130000000003,8400
7442,2002-10-21,5.675,5.8,5.64,5.75,2.78818,2600
7443,2002-10-22,5.75,5.775,5.715,5.775,2.800304,2200
7444,2002-10-23,5.725,5.75,5.675,5.75,2.78818,14800
7445,2002-10-24,5.75,5.75,5.675,5.725,2.7760580000000004,7600
7446,2002-10-25,5.625,5.625,5.57,5.625,2.7275669999999996,36000
7447,2002-10-28,5.625,5.625,5.525,5.55,2.6912,31200
7448,2002-10-29,5.55,5.55,5.475,5.475,2.654833,10200
7449,2002-10-30,5.475,5.475,5.475,5.475,2.654833,0
7450,2002-10-31,5.495,5.55,5.49,5.55,2.6912,17000
7451,2002-11-01,5.6,5.6,5.525,5.525,2.679078,4000
7452,2002-11-04,5.555,5.555,5.475,5.55,2.6912,10200
7453,2002-11-05,5.5,5.6,5.5,5.575,2.703322,7000
7454,2002-11-06,5.575,5.65,5.55,5.65,2.7732669999999997,8600
7455,2002-11-07,5.725,5.75,5.71,5.725,2.810082,4800
7456,2002-11-08,5.65,5.7,5.65,5.7,2.7978099999999997,4200
7457,2002-11-11,5.675,5.685,5.675,5.675,2.785539,2400
7458,2002-11-12,5.65,5.65,5.65,5.65,2.7732669999999997,200
7459,2002-11-13,5.625,5.675,5.625,5.675,2.785539,1400
7460,2002-11-14,5.75,5.775,5.7,5.775,2.834625,16200
7461,2002-11-15,5.725,5.8,5.675,5.8,2.846894,17200
7462,2002-11-18,5.8,5.8,5.8,5.8,2.846894,0
7463,2002-11-19,5.81,5.81,5.6,5.64,2.768358,13800
7464,2002-11-20,5.6,5.65,5.6,5.625,2.760998,2600
7465,2002-11-21,5.625,5.675,5.5,5.525,2.711913,15600
7466,2002-11-22,5.525,5.525,5.5,5.525,2.711913,11400
7467,2002-11-25,5.575,5.575,5.525,5.525,2.711913,4200
7468,2002-11-26,5.565,5.57,5.48,5.57,2.734,9200
7469,2002-11-27,5.575,5.625,5.555,5.6,2.748725,5800
7470,2002-11-29,5.625,5.625,5.6,5.6,2.748725,1600
7471,2002-12-02,5.6,5.6,5.6,5.6,2.748725,0
7472,2002-12-03,5.65,5.65,5.575,5.6,2.748725,10600
7473,2002-12-04,5.575,5.58,5.555,5.575,2.736454,2600
7474,2002-12-05,5.55,5.55,5.45,5.525,2.711913,7200
7475,2002-12-06,5.55,5.55,5.55,5.55,2.724184,1000
7476,2002-12-09,5.525,5.525,5.505,5.525,2.711913,5600
7477,2002-12-10,5.505,5.525,5.45,5.45,2.6750990000000003,13600
7478,2002-12-11,5.425,5.475,5.425,5.425,2.6628279999999998,9600
7479,2002-12-12,5.425,5.525,5.425,5.525,2.711913,9800
7480,2002-12-13,5.525,5.53,5.525,5.53,2.714366,800
7481,2002-12-16,5.525,5.6,5.525,5.6,2.748725,1800
7482,2002-12-17,5.575,5.625,5.55,5.625,2.760998,12600
7483,2002-12-18,5.61,5.61,5.61,5.61,2.753633,1400
7484,2002-12-19,5.65,5.7,5.65,5.7,2.7978099999999997,257000
7485,2002-12-20,5.725,5.75,5.685,5.7,2.7978099999999997,1400
7486,2002-12-23,5.75,5.75,5.725,5.725,2.810082,1400
7487,2002-12-24,5.75,5.775,5.75,5.775,2.834625,1800
7488,2002-12-26,5.8,5.9,5.8,5.9,2.895978,2800
7489,2002-12-27,5.925,5.995,5.9,5.9,2.895978,8000
7490,2002-12-30,5.9,6.025,5.9,6.025,2.957334,4400
7491,2002-12-31,6.025,6.195,6.025,6.195,3.040778,4200
7492,2003-01-02,6.225,6.245,6.155,6.245,3.0653200000000003,7200
7493,2003-01-03,6.15,6.15,5.95,6.0,2.945063,19200
7494,2003-01-06,6.05,6.05,5.975,6.0,2.945063,8400
7495,2003-01-07,6.01,6.01,5.95,6.0,2.945063,16200
7496,2003-01-08,6.0,6.0,5.925,5.925,2.90825,15000
7497,2003-01-09,6.0,6.0,5.925,5.925,2.90825,16000
7498,2003-01-10,5.975,6.07,5.925,6.0,2.945063,28000
7499,2003-01-13,6.0,6.0,5.95,6.0,2.945063,5000
7500,2003-01-14,6.0,6.045,5.95,6.025,2.957334,8200
7501,2003-01-15,6.0,6.075,6.0,6.025,2.957334,6200
7502,2003-01-16,6.065,6.065,6.0,6.0,2.945063,5800
7503,2003-01-17,6.05,6.07,6.005,6.07,2.979423,2200
7504,2003-01-21,6.07,6.07,6.0,6.0,2.945063,15800
7505,2003-01-22,6.0,6.0,6.0,6.0,2.945063,1400
7506,2003-01-23,6.0,6.0,5.975,6.0,2.945063,3400
7507,2003-01-24,6.0,6.0,6.0,6.0,2.945063,4800
7508,2003-01-27,5.95,6.025,5.94,6.0,2.945063,8800
7509,2003-01-28,6.0,6.0,5.985,6.0,2.945063,151800
7510,2003-01-29,6.0,6.0,5.975,6.0,2.945063,23400
7511,2003-01-30,6.005,6.005,6.005,6.005,2.947518,200
7512,2003-01-31,6.005,6.125,5.995,6.075,2.9818759999999997,9400
7513,2003-02-03,6.125,6.125,6.025,6.05,2.969604,4600
7514,2003-02-04,6.025,6.025,6.0,6.0,2.945063,8000
7515,2003-02-05,6.0,6.0,5.875,5.925,2.90825,10400
7516,2003-02-06,5.925,5.95,5.85,5.85,2.871437,7400
7517,2003-02-07,5.825,5.825,5.725,5.725,2.810082,13200
7518,2003-02-10,5.705,5.705,5.705,5.705,2.800264,1400
7519,2003-02-11,5.7,5.705,5.7,5.705,2.800264,3600
7520,2003-02-12,5.635,5.635,5.635,5.635,2.799023,400
7521,2003-02-13,5.635,5.635,5.575,5.59,2.776671,8800
7522,2003-02-14,5.575,5.575,5.575,5.575,2.769218,1000
7523,2003-02-18,5.595,5.595,5.525,5.525,2.744382,1200
7524,2003-02-19,5.525,5.525,5.525,5.525,2.744382,400
7525,2003-02-20,5.525,5.525,5.525,5.525,2.744382,20000
7526,2003-02-21,5.53,5.575,5.53,5.575,2.769218,1200
7527,2003-02-24,5.57,5.57,5.57,5.57,2.766736,400
7528,2003-02-25,5.6,5.6,5.6,5.6,2.781637,200
7529,2003-02-26,5.625,5.625,5.575,5.6,2.781637,3400
7530,2003-02-27,5.505,5.505,5.5,5.5,2.731965,11000
7531,2003-02-28,5.5,5.5,5.5,5.5,2.731965,1000
7532,2003-03-03,5.5,5.5,5.5,5.5,2.731965,400
7533,2003-03-04,5.455,5.455,5.4,5.415,2.6897439999999997,4400
7534,2003-03-05,5.355,5.355,5.355,5.355,2.659942,200
7535,2003-03-06,5.305,5.325,5.1,5.1,2.533277,16200
7536,2003-03-07,5.12,5.15,5.12,5.14,2.553145,11200
7537,2003-03-10,5.175,5.2,5.175,5.2,2.582948,1000
7538,2003-03-11,5.205,5.245,5.205,5.225,2.595366,1800
7539,2003-03-12,5.25,5.25,5.2,5.2,2.582948,71200
7540,2003-03-13,5.225,5.315,5.225,5.315,2.640072,10000
7541,2003-03-14,5.35,5.37,5.35,5.37,2.667392,1400
7542,2003-03-17,5.4,5.575,5.4,5.5,2.731965,9400
7543,2003-03-18,5.45,5.505,5.45,5.5,2.731965,18800
7544,2003-03-19,5.5,5.5,5.475,5.475,2.719546,1000
7545,2003-03-20,5.55,5.55,5.475,5.475,2.719546,11800
7546,2003-03-21,5.475,5.525,5.4,5.525,2.744382,7000
7547,2003-03-24,5.6,5.62,5.555,5.555,2.759284,12200
7548,2003-03-25,5.59,5.59,5.59,5.59,2.776671,200
7549,2003-03-26,5.59,5.59,5.59,5.59,2.776671,200
7550,2003-03-27,5.555,5.555,5.5,5.5,2.731965,4000
7551,2003-03-28,5.5,5.5,5.5,5.5,2.731965,0
7552,2003-03-31,5.5,5.55,5.455,5.55,2.756801,7000
7553,2003-04-01,5.62,5.62,5.62,5.62,2.79157,3000
7554,2003-04-02,5.605,5.605,5.5,5.5,2.731965,8600
7555,2003-04-03,5.5,5.5,5.475,5.5,2.731965,2800
7556,2003-04-04,5.49,5.49,5.49,5.49,2.726998,400
7557,2003-04-07,5.49,5.49,5.49,5.49,2.726998,0
7558,2003-04-08,5.49,5.49,5.475,5.475,2.719546,1000
7559,2003-04-09,5.455,5.455,5.455,5.455,2.709612,8200
7560,2003-04-10,5.455,5.455,5.455,5.455,2.709612,0
7561,2003-04-11,5.46,5.46,5.46,5.46,2.712097,200
7562,2003-04-14,5.515,5.515,5.49,5.49,2.726998,13000
7563,2003-04-15,5.49,5.49,5.49,5.49,2.726998,200
7564,2003-04-16,5.49,5.495,5.46,5.46,2.712097,7400
7565,2003-04-17,5.45,5.45,5.425,5.425,2.694711,1400
7566,2003-04-21,5.455,5.46,5.45,5.455,2.709612,17600
7567,2003-04-22,5.4,5.4,5.3,5.39,2.677325,9400
7568,2003-04-23,5.375,5.375,5.375,5.375,2.669875,1800
7569,2003-04-24,5.375,5.415,5.355,5.415,2.6897439999999997,11600
7570,2003-04-25,5.425,5.425,5.425,5.425,2.694711,8000
7571,2003-04-28,5.4,5.425,5.4,5.425,2.694711,1200
7572,2003-04-29,5.4,5.425,5.4,5.425,2.694711,3800
7573,2003-04-30,5.475,5.495,5.475,5.495,2.7294810000000003,5600
7574,2003-05-01,5.5,5.5,5.5,5.5,2.731965,7400
7575,2003-05-02,5.51,5.51,5.51,5.51,2.736933,1000
7576,2003-05-05,5.575,5.575,5.545,5.545,2.7543159999999998,38000
7577,2003-05-06,5.575,5.575,5.53,5.575,2.769218,13000
7578,2003-05-07,5.525,5.525,5.425,5.425,2.694711,4200
7579,2003-05-08,5.325,5.365,5.3,5.355,2.6934549999999997,5400
7580,2003-05-09,5.345,5.345,5.325,5.325,2.6783639999999997,800
7581,2003-05-12,5.275,5.275,5.255,5.275,2.6532150000000003,800
7582,2003-05-13,5.265,5.27,5.255,5.265,2.648186,10200
7583,2003-05-14,5.265,5.28,5.265,5.28,2.65573,5800
7584,2003-05-15,5.28,5.315,5.275,5.275,2.6532150000000003,5400
7585,2003-05-16,5.275,5.275,5.225,5.235,2.633096,4400
7586,2003-05-19,5.25,5.25,5.24,5.25,2.640641,8800
7587,2003-05-20,5.26,5.375,5.26,5.375,2.703513,5800
7588,2003-05-21,5.375,5.415,5.375,5.415,2.723633,1600
7589,2003-05-22,5.425,5.52,5.425,5.48,2.756326,5400
7590,2003-05-23,5.485,5.55,5.485,5.55,2.791534,5800
7591,2003-05-27,5.585,5.585,5.575,5.575,2.8041080000000003,1400
7592,2003-05-28,5.535,5.535,5.455,5.455,2.743751,4800
7593,2003-05-29,5.49,5.525,5.46,5.52,2.7764450000000003,6000
7594,2003-05-30,5.46,5.575,5.35,5.55,2.791534,29400
7595,2003-06-02,5.565,5.625,5.55,5.625,2.8292580000000003,13800
7596,2003-06-03,5.675,5.675,5.625,5.625,2.8292580000000003,9000
7597,2003-06-04,5.6,5.67,5.6,5.67,2.851893,13400
7598,2003-06-05,5.64,5.64,5.635,5.635,2.834289,1800
7599,2003-06-06,5.625,5.675,5.575,5.575,2.8041080000000003,13000
7600,2003-06-09,5.585,5.595,5.585,5.595,2.8141689999999997,6800
7601,2003-06-10,5.715,5.725,5.7,5.7,2.866981,6400
7602,2003-06-11,5.68,5.68,5.655,5.655,2.844347,4000
7603,2003-06-12,5.675,5.675,5.64,5.64,2.836802,8400
7604,2003-06-13,5.665,5.7,5.625,5.7,2.866981,11800
7605,2003-06-16,5.69,5.7,5.575,5.68,2.856921,15200
7606,2003-06-17,5.625,5.7,5.625,5.655,2.844347,6800
7607,2003-06-18,5.605,5.61,5.575,5.61,2.821713,5400
7608,2003-06-19,5.61,5.62,5.6,5.6,2.8166830000000003,3600
7609,2003-06-20,5.575,5.68,5.575,5.62,2.826742,9200
7610,2003-06-23,5.62,5.625,5.56,5.56,2.796563,7400
7611,2003-06-24,5.56,5.56,5.53,5.56,2.796563,2200
7612,2003-06-25,5.55,5.595,5.55,5.56,2.796563,19000
7613,2003-06-26,5.56,5.56,5.55,5.55,2.791534,5000
7614,2003-06-27,5.5,5.55,5.48,5.55,2.791534,4600
7615,2003-06-30,5.5,5.585,5.495,5.585,2.809139,8000
7616,2003-07-01,5.7,5.7,5.615,5.615,2.8242279999999997,8800
7617,2003-07-02,5.715,5.75,5.625,5.67,2.851893,23800
7618,2003-07-03,5.675,5.725,5.65,5.65,2.8418330000000003,7800
7619,2003-07-07,5.65,5.7,5.65,5.65,2.8418330000000003,6200
7620,2003-07-08,5.65,5.7,5.625,5.645,2.839317,41600
7621,2003-07-09,5.645,5.645,5.575,5.61,2.821713,52000
7622,2003-07-10,5.61,5.615,5.61,5.615,2.8242279999999997,2800
7623,2003-07-11,5.65,5.675,5.5,5.675,2.854406,162400
7624,2003-07-14,7.4,7.4,6.525,6.685,3.362415,528000
7625,2003-07-15,6.785,7.195,6.7,7.125,3.5837260000000004,182000
7626,2003-07-16,7.075,7.125,6.81,6.98,3.510796,78400
7627,2003-07-17,7.0,7.1,6.86,6.9,3.4705559999999998,58400
7628,2003-07-18,6.9,7.0,6.855,6.945,3.493189,36000
7629,2003-07-21,7.0,7.3,6.99,7.245,3.644085,63800
7630,2003-07-22,7.25,7.275,7.05,7.05,3.546003,33200
7631,2003-07-23,7.01,7.01,6.825,6.87,3.4554669999999996,33600
7632,2003-07-24,6.9,6.905,6.75,6.8,3.420257,31400
7633,2003-07-25,6.75,6.83,6.685,6.775,3.4076839999999997,28800
7634,2003-07-28,6.75,6.75,6.7,6.725,3.382537,12000
7635,2003-07-29,6.7,6.7,6.595,6.6,3.319663,24200
7636,2003-07-30,6.6,6.655,6.6,6.65,3.344811,26000
7637,2003-07-31,6.615,6.7,6.575,6.7,3.404517,33000
7638,2003-08-01,6.725,7.05,6.655,6.975,3.544256,40000
7639,2003-08-04,6.975,7.05,6.875,7.025,3.569662,19400
7640,2003-08-05,7.05,7.225,7.05,7.075,3.5950699999999998,25800
7641,2003-08-06,7.19,7.19,6.75,6.75,3.429925,39800
7642,2003-08-07,6.85,6.95,6.85,6.9,3.5061459999999998,14800
7643,2003-08-08,6.85,6.9,6.85,6.875,3.49344,11000
7644,2003-08-11,6.9,6.945,6.8,6.9,3.5061459999999998,16600
7645,2003-08-12,6.9,6.9,6.75,6.8,3.455332,24400
7646,2003-08-13,6.775,6.825,6.725,6.82,3.465493,24800
7647,2003-08-14,6.87,6.87,6.805,6.865,3.4883610000000003,11600
7648,2003-08-15,6.8,6.8,6.8,6.8,3.455332,4400
7649,2003-08-18,6.82,6.875,6.82,6.875,3.49344,8000
7650,2003-08-19,6.875,6.875,6.825,6.825,3.468034,4000
7651,2003-08-20,6.8,6.84,6.795,6.8,3.455332,20400
7652,2003-08-21,6.825,6.865,6.75,6.775,3.442629,17400
7653,2003-08-22,6.75,6.82,6.75,6.78,3.4451669999999996,13200
7654,2003-08-25,6.75,6.875,6.75,6.8,3.455332,23400
7655,2003-08-26,6.815,6.825,6.75,6.75,3.429925,7600
7656,2003-08-27,6.77,6.77,6.625,6.625,3.3664080000000003,24000
7657,2003-08-28,6.605,6.625,6.55,6.6,3.353703,9400
7658,2003-08-29,6.575,6.625,6.575,6.575,3.341,3800
7659,2003-09-02,6.525,6.575,6.505,6.575,3.341,13600
7660,2003-09-03,6.6,6.75,6.6,6.725,3.417221,12600
7661,2003-09-04,6.765,6.8,6.725,6.8,3.455332,8600
7662,2003-09-05,6.805,6.95,6.8,6.8,3.455332,18600
7663,2003-09-08,6.795,6.875,6.775,6.875,3.49344,12400
7664,2003-09-09,6.8,6.8,6.75,6.775,3.442629,7600
7665,2003-09-10,6.75,6.75,6.7,6.7,3.404517,1600
7666,2003-09-11,6.75,6.815,6.71,6.815,3.4629529999999997,5200
7667,2003-09-12,6.78,6.78,6.725,6.725,3.417221,4400
7668,2003-09-15,6.7,6.75,6.6,6.6,3.353703,6000
7669,2003-09-16,6.625,6.625,6.525,6.625,3.3664080000000003,13200
7670,2003-09-17,6.645,6.8,6.6,6.8,3.455332,9400
7671,2003-09-18,6.825,6.975,6.795,6.95,3.5315510000000003,19000
7672,2003-09-19,6.95,6.975,6.95,6.97,3.541715,3600
7673,2003-09-22,6.96,7.0,6.905,6.975,3.544256,12400
7674,2003-09-23,6.995,7.0,6.85,6.85,3.4807370000000004,6200
7675,2003-09-24,6.85,6.85,6.85,6.85,3.4807370000000004,2200
7676,2003-09-25,6.775,6.825,6.75,6.775,3.442629,10400
7677,2003-09-26,6.775,6.775,6.775,6.775,3.442629,200
7678,2003-09-29,6.87,6.875,6.85,6.85,3.4807370000000004,21400
7679,2003-09-30,6.85,6.87,6.825,6.87,3.490901,23800
7680,2003-10-01,6.85,6.85,6.775,6.85,3.4807370000000004,15800
7681,2003-10-02,6.725,6.795,6.65,6.65,3.379111,8400
7682,2003-10-03,6.625,6.7,6.6,6.7,3.404517,7400
7683,2003-10-06,6.75,6.87,6.73,6.87,3.490901,5000
7684,2003-10-07,6.875,6.995,6.875,6.95,3.5315510000000003,14200
7685,2003-10-08,6.965,7.0,6.925,7.0,3.5569599999999997,5800
7686,2003-10-09,6.95,7.125,6.92,7.125,3.620475,15200
7687,2003-10-10,6.95,7.0,6.915,6.95,3.5315510000000003,15200
7688,2003-10-13,6.955,7.045,6.95,7.01,3.56204,13600
7689,2003-10-14,7.06,7.075,7.05,7.05,3.5823660000000004,4000
7690,2003-10-15,7.1,7.3,7.075,7.28,3.699237,18200
7691,2003-10-16,7.25,7.25,7.235,7.25,3.683993,9000
7692,2003-10-17,7.255,7.275,7.25,7.275,3.696697,2400
7693,2003-10-20,7.3,7.325,7.29,7.29,3.7043190000000004,14000
7694,2003-10-21,7.275,7.275,7.275,7.275,3.696697,1200
7695,2003-10-22,7.25,7.4,7.225,7.31,3.714482,14800
7696,2003-10-23,7.275,7.365,7.275,7.365,3.742428,11800
7697,2003-10-24,7.375,7.4,7.375,7.395,3.7576739999999997,23800
7698,2003-10-27,7.875,8.165,7.875,8.165,4.148937999999999,129400
7699,2003-10-28,8.24,8.465,8.175,8.4,4.268351,75400
7700,2003-10-29,8.375,8.375,8.025,8.06,4.095583,73400
7701,2003-10-30,8.075,8.075,7.935,7.95,4.039689,30800
7702,2003-10-31,8.0,8.0,7.925,7.95,4.039689,21000
7703,2003-11-03,7.975,8.025,7.975,8.025,4.0777980000000005,26000
7704,2003-11-04,8.0,8.075,7.955,8.075,4.103206,32800
7705,2003-11-05,8.095,8.325,8.085,8.325,4.230239,30800
7706,2003-11-06,8.225,8.29,8.21,8.245,4.223836,41800
7707,2003-11-07,8.295,8.325,8.2,8.225,4.21359,38200
7708,2003-11-10,8.225,8.265,8.195,8.235,4.218713,39200
7709,2003-11-11,8.235,8.35,8.225,8.325,4.264819,12000
7710,2003-11-12,8.275,8.3,8.245,8.3,4.252011,26000
7711,2003-11-13,8.25,8.3,8.18,8.25,4.226397,40200
7712,2003-11-14,8.23,8.25,8.195,8.25,4.226397,6800
7713,2003-11-17,8.2,8.225,8.15,8.15,4.175169,13400
7714,2003-11-18,8.15,8.16,8.125,8.125,4.1623589999999995,11800
7715,2003-11-19,8.125,8.17,8.11,8.125,4.1623589999999995,6000
7716,2003-11-20,8.125,8.145,8.115,8.145,4.172607,5200
7717,2003-11-21,8.145,8.15,8.08,8.085,4.14187,15000
7718,2003-11-24,8.125,8.18,8.09,8.125,4.1623589999999995,23200
7719,2003-11-25,8.175,8.2,8.1,8.15,4.175169,30000
7720,2003-11-26,8.17,8.19,8.125,8.15,4.175169,6400
7721,2003-11-28,8.15,8.17,8.15,8.17,4.185413,1800
7722,2003-12-01,8.17,8.19,8.15,8.19,4.19566,7800
7723,2003-12-02,8.19,8.225,8.18,8.19,4.19566,11800
7724,2003-12-03,8.175,8.175,8.125,8.125,4.1623589999999995,8400
7725,2003-12-04,8.075,8.125,7.995,8.075,4.136747,18800
7726,2003-12-05,8.025,8.05,8.0,8.025,4.111130999999999,9200
7727,2003-12-08,8.025,8.075,8.0,8.045,4.121378,9000
7728,2003-12-09,8.075,8.125,8.0,8.11,4.154676,13400
7729,2003-12-10,8.055,8.15,8.025,8.125,4.1623589999999995,14800
7730,2003-12-11,8.1,8.125,8.01,8.025,4.111130999999999,16200
7731,2003-12-12,8.005,8.05,7.96,8.0,4.098326,8600
7732,2003-12-15,8.0,8.0,7.925,7.95,4.072711,13400
7733,2003-12-16,8.0,8.0,7.975,7.995,4.095764,4600
7734,2003-12-17,8.025,8.05,8.015,8.05,4.12394,7600
7735,2003-12-18,8.05,8.15,8.045,8.15,4.175169,14800
7736,2003-12-19,8.15,8.25,8.15,8.25,4.226397,9800
7737,2003-12-22,8.225,8.25,8.15,8.21,4.205907,8800
7738,2003-12-23,8.225,8.25,8.225,8.25,4.226397,3200
7739,2003-12-24,8.25,8.255,8.24,8.25,4.226397,17200
7740,2003-12-26,8.25,8.25,8.25,8.25,4.226397,200
7741,2003-12-29,8.2,8.25,8.2,8.25,4.226397,4600
7742,2003-12-30,8.175,8.25,8.175,8.245,4.223836,12800
7743,2003-12-31,8.245,8.245,8.08,8.225,4.21359,8200
7744,2004-01-02,8.2,8.39,8.2,8.275,4.239205,15400
7745,2004-01-05,8.325,8.335,8.265,8.325,4.264819,10400
7746,2004-01-06,8.3,8.36,8.3,8.355,4.280189,8600
7747,2004-01-07,8.3,8.3,8.25,8.26,4.231521,8600
7748,2004-01-08,8.235,8.255,8.175,8.21,4.205907,4800
7749,2004-01-09,8.22,8.22,8.185,8.19,4.19566,2600
7750,2004-01-12,8.175,8.225,8.16,8.215,4.208467,6400
7751,2004-01-13,8.22,8.22,8.205,8.205,4.203344,1000
7752,2004-01-14,8.15,8.2,8.135,8.16,4.180291,11400
7753,2004-01-15,8.15,8.22,8.15,8.175,4.187977,13800
7754,2004-01-16,8.175,8.32,8.175,8.32,4.262258,11000
7755,2004-01-20,8.35,8.45,8.3,8.45,4.328856,37600
7756,2004-01-21,8.425,8.425,8.35,8.4,4.303242,11800
7757,2004-01-22,8.4,8.4,8.375,8.375,4.2904349999999996,2000
7758,2004-01-23,8.38,8.38,8.3,8.3,4.252011,4000
7759,2004-01-26,8.255,8.275,8.075,8.075,4.136747,9400
7760,2004-01-27,8.1,8.1,8.075,8.075,4.136747,11400
7761,2004-01-28,8.05,8.05,7.905,7.905,4.049657,34800
7762,2004-01-29,7.945,7.945,7.5,7.57,3.87804,48800
7763,2004-01-30,7.5,7.55,7.435,7.5,3.842178,25200
7764,2004-02-02,7.43,7.43,7.0,7.2,3.6884919999999997,57400
7765,2004-02-03,7.125,7.3,7.105,7.255,3.7166699999999997,23600
7766,2004-02-04,7.205,7.335,7.15,7.275,3.726915,20200
7767,2004-02-05,7.3,7.54,7.3,7.525,3.8549870000000004,17600
7768,2004-02-06,7.575,7.595,7.555,7.555,3.8703559999999997,4000
7769,2004-02-09,7.62,7.62,7.565,7.62,3.903653,9600
7770,2004-02-10,7.59,7.595,7.53,7.585,3.8857239999999997,15200
7771,2004-02-11,7.555,7.625,7.54,7.6,3.8934089999999997,19800
7772,2004-02-12,7.6,7.65,7.6,7.635,3.911339,2600
7773,2004-02-13,7.61,7.625,7.6,7.625,3.906216,5000
7774,2004-02-17,7.625,7.65,7.555,7.63,3.9087769999999997,3600
7775,2004-02-18,7.625,7.74,7.625,7.74,3.965131,6400
7776,2004-02-19,7.725,7.725,7.605,7.63,3.943165,13800
7777,2004-02-20,7.675,7.675,7.65,7.65,3.953502,6600
7778,2004-02-23,7.65,7.7,7.65,7.7,3.97934,2400
7779,2004-02-24,7.75,7.75,7.7,7.725,3.99226,3200
7780,2004-02-25,7.725,7.75,7.65,7.725,3.99226,23600
7781,2004-02-26,7.75,7.75,7.65,7.65,3.953502,11400
7782,2004-02-27,7.605,7.655,7.6,7.605,3.930244,8400
7783,2004-03-01,7.555,7.6,7.5,7.6,3.927662,8200
7784,2004-03-02,7.625,7.7,7.625,7.7,3.97934,5200
7785,2004-03-03,7.72,7.72,7.68,7.7,3.97934,1000
7786,2004-03-04,7.66,7.74,7.66,7.735,3.9974300000000005,2200
7787,2004-03-05,7.735,7.8,7.725,7.8,4.031021,14600
7788,2004-03-08,7.84,7.975,7.84,7.975,4.121462999999999,13200
7789,2004-03-09,7.99,8.0,7.99,7.995,4.131796,4400
7790,2004-03-10,8.075,8.225,8.025,8.2,4.2377400000000005,18600
7791,2004-03-11,8.15,8.15,8.025,8.115,4.193812,11600
7792,2004-03-12,8.08,8.15,8.075,8.125,4.198978,19200
7793,2004-03-15,8.125,8.125,8.025,8.09,4.180891,7200
7794,2004-03-16,8.025,8.025,8.025,8.025,4.1473,2800
7795,2004-03-17,8.025,8.025,8.0,8.0,4.134380999999999,7400
7796,2004-03-18,7.975,8.045,7.975,8.045,4.157637,2600
7797,2004-03-19,8.045,8.07,8.02,8.025,4.1473,6800
7798,2004-03-22,8.025,8.065,8.025,8.06,4.165388,7400
7799,2004-03-23,8.05,8.05,8.0,8.025,4.1473,10400
7800,2004-03-24,8.045,8.045,8.015,8.03,4.149885,19400
7801,2004-03-25,8.05,8.075,7.9,8.075,4.173141,38800
7802,2004-03-26,8.05,8.05,7.925,7.95,4.108541000000001,10400
7803,2004-03-29,7.96,8.125,7.96,8.05,4.160221,9400
7804,2004-03-30,8.0,8.15,8.0,8.15,4.211901,26800
7805,2004-03-31,8.15,8.2,8.1,8.2,4.2377400000000005,10000
7806,2004-04-01,8.2,8.2,8.055,8.195,4.235157,13000
7807,2004-04-02,8.225,8.225,8.075,8.15,4.211901,8800
7808,2004-04-05,8.075,8.12,8.0,8.1,4.186062000000001,19400
7809,2004-04-06,8.1,8.1,8.1,8.1,4.186062000000001,1000
7810,2004-04-07,8.05,8.125,7.975,8.05,4.160221,16200
7811,2004-04-08,8.0,8.095,7.95,7.95,4.108541000000001,14600
7812,2004-04-12,7.95,8.0,7.95,8.0,4.134380999999999,10800
7813,2004-04-13,8.0,8.0,7.95,7.95,4.108541000000001,7800
7814,2004-04-14,8.0,8.0,7.85,7.85,4.0568610000000005,6000
7815,2004-04-15,7.85,8.0,7.85,7.985,4.126628,12200
7816,2004-04-16,7.9,8.17,7.9,8.17,4.2222349999999995,6600
7817,2004-04-19,8.12,8.2,8.1,8.2,4.2377400000000005,5800
7818,2004-04-20,8.2,8.245,8.2,8.2,4.2377400000000005,2800
7819,2004-04-21,8.175,8.2,8.125,8.175,4.2248209999999995,7400
7820,2004-04-22,8.225,8.345,8.185,8.345,4.312676000000001,12800
7821,2004-04-23,8.35,8.35,8.3,8.345,4.312676000000001,21600
7822,2004-04-26,8.275,8.275,8.225,8.225,4.250659,7400
7823,2004-04-27,8.185,8.295,8.18,8.185,4.229987,4000
7824,2004-04-28,8.175,8.175,8.105,8.105,4.188646,3800
7825,2004-04-29,8.15,8.225,8.105,8.225,4.250659,8400
7826,2004-04-30,8.175,8.175,8.1,8.175,4.2248209999999995,10200
7827,2004-05-03,8.12,8.12,8.0,8.115,4.193812,5600
7828,2004-05-04,8.115,8.115,7.925,8.0,4.134380999999999,8400
7829,2004-05-05,8.025,8.025,8.025,8.025,4.1473,800
7830,2004-05-06,8.0,8.095,8.0,8.095,4.183476000000001,7400
7831,2004-05-07,8.15,8.15,7.875,8.0,4.134380999999999,15800
7832,2004-05-10,7.95,8.0,7.86,7.935,4.10079,10400
7833,2004-05-11,7.975,7.975,7.855,7.92,4.093036,3600
7834,2004-05-12,7.925,7.925,7.855,7.875,4.069780000000001,14200
7835,2004-05-13,7.785,7.855,7.785,7.8,4.065871,3800
7836,2004-05-14,7.8,7.8,7.725,7.77,4.050234,4800
7837,2004-05-17,7.75,7.75,7.5,7.55,3.9355550000000004,13600
7838,2004-05-18,7.505,7.555,7.505,7.51,3.914704,3400
7839,2004-05-19,7.505,7.505,7.25,7.325,3.8182699999999996,36000
7840,2004-05-20,7.25,7.625,7.25,7.625,3.97465,22000
7841,2004-05-21,7.58,7.75,7.58,7.745,4.037202,13600
7842,2004-05-24,7.8,7.9,7.8,7.85,4.091934999999999,4400
7843,2004-05-25,7.775,7.975,7.775,7.95,4.144062,18600
7844,2004-05-26,7.945,8.025,7.935,8.025,4.183157,10000
7845,2004-05-27,8.025,8.1,8.025,8.08,4.211825,3600
7846,2004-05-28,8.025,8.325,8.025,8.25,4.300441999999999,10200
7847,2004-06-01,8.25,8.275,8.155,8.2,4.274376999999999,13800
7848,2004-06-02,8.175,8.21,8.1,8.15,4.248314,19400
7849,2004-06-03,8.1,8.14,7.95,8.14,4.243101,7000
7850,2004-06-04,8.125,8.125,8.1,8.125,4.235284,5800
7851,2004-06-07,8.12,8.15,8.025,8.15,4.248314,6200
7852,2004-06-08,8.075,8.175,8.075,8.175,4.261346,8400
7853,2004-06-09,8.175,8.245,8.175,8.245,4.297836,8600
7854,2004-06-10,8.2,8.24,8.05,8.15,4.248314,26800
7855,2004-06-14,8.125,8.125,8.04,8.1,4.222252,4200
7856,2004-06-15,8.1,8.1,7.95,8.1,4.222252,26600
7857,2004-06-16,8.025,8.1,8.025,8.05,4.196187999999999,14600
7858,2004-06-17,8.05,8.05,8.05,8.05,4.196187999999999,0
7859,2004-06-18,8.05,8.05,8.05,8.05,4.196187999999999,0
7860,2004-06-21,8.0,8.0,7.92,7.975,4.157093,11600
7861,2004-06-22,7.975,8.035,7.975,7.975,4.157093,7200
7862,2004-06-23,7.88,7.975,7.88,7.965,4.15188,22000
7863,2004-06-24,8.0,8.0,7.975,7.99,4.164911,5600
7864,2004-06-25,7.925,7.995,7.875,7.995,4.167518,5000
7865,2004-06-28,8.025,8.025,7.83,7.94,4.138849,22000
7866,2004-06-29,7.9,7.965,7.9,7.925,4.13103,4000
7867,2004-06-30,7.875,7.945,7.875,7.945,4.141456,6200
7868,2004-07-01,7.9,7.925,7.9,7.9,4.118,2800
7869,2004-07-02,7.85,7.85,7.7,7.85,4.091934999999999,10000
7870,2004-07-06,7.8,7.8,7.6,7.6,3.961618,11800
7871,2004-07-07,7.605,7.675,7.575,7.65,3.987683,11800
7872,2004-07-08,7.6,7.6,7.4,7.525,3.9225230000000004,18800
7873,2004-07-09,7.45,7.575,7.45,7.575,3.9485870000000003,10800
7874,2004-07-12,7.425,7.55,7.39,7.55,3.9355550000000004,10200
7875,2004-07-13,7.5,7.57,7.5,7.57,3.9459809999999997,1200
7876,2004-07-14,7.5,7.5,7.5,7.5,3.9094910000000005,600
7877,2004-07-15,7.45,7.55,7.4,7.55,3.9355550000000004,11800
7878,2004-07-16,7.56,7.56,7.495,7.525,3.9225230000000004,3800
7879,2004-07-19,7.515,7.515,7.375,7.49,3.9042800000000004,9000
7880,2004-07-20,7.45,7.45,7.45,7.45,3.8834269999999997,400
7881,2004-07-21,7.45,7.455,7.45,7.455,3.8860360000000003,6000
7882,2004-07-22,7.475,7.5,7.38,7.38,3.846941,37600
7883,2004-07-23,7.375,7.38,7.3,7.3,3.8052379999999997,11200
7884,2004-07-26,7.275,7.295,6.9,7.27,3.7896,34000
7885,2004-07-27,7.2,7.38,7.0,7.38,3.846941,37800
7886,2004-07-28,7.35,7.35,7.175,7.2,3.753111,5400
7887,2004-07-29,7.1,7.145,7.075,7.075,3.7228550000000005,2600
7888,2004-07-30,7.0,7.03,6.85,7.005,3.6860209999999998,33000
7889,2004-08-02,6.9,7.035,6.875,7.0,3.683392,26600
7890,2004-08-03,6.95,6.95,6.675,6.75,3.5518419999999997,14800
7891,2004-08-04,6.725,6.8,6.68,6.72,3.536056,8200
7892,2004-08-05,6.7,6.705,6.63,6.7,3.525531,8800
7893,2004-08-06,6.695,6.695,6.515,6.515,3.428185,10800
7894,2004-08-09,6.51,6.515,6.425,6.49,3.415028,41000
7895,2004-08-10,6.415,6.495,6.415,6.495,3.4176589999999996,3200
7896,2004-08-11,6.45,6.48,6.405,6.48,3.409767,5000
7897,2004-08-12,6.49,6.53,6.49,6.52,3.430815,8800
7898,2004-08-13,6.52,6.52,6.52,6.52,3.430815,0
7899,2004-08-16,6.575,6.635,6.575,6.625,3.4860660000000006,5800
7900,2004-08-17,6.6,6.6,6.55,6.6,3.472911,8800
7901,2004-08-18,6.59,6.75,6.59,6.75,3.5518419999999997,5000
7902,2004-08-19,6.775,6.895,6.775,6.8,3.57815,3600
7903,2004-08-20,6.8,6.95,6.8,6.95,3.657081,3800
7904,2004-08-23,6.9,6.905,6.625,6.8,3.57815,23000
7905,2004-08-24,6.845,6.845,6.845,6.845,3.60183,400
7906,2004-08-25,6.825,6.825,6.825,6.825,3.591306,600
7907,2004-08-26,6.775,6.85,6.775,6.85,3.60446,3800
7908,2004-08-27,6.89,6.945,6.775,6.825,3.591306,3800
7909,2004-08-30,6.845,6.875,6.845,6.875,3.6176160000000004,1000
7910,2004-08-31,6.875,6.875,6.875,6.875,3.6176160000000004,0
7911,2004-09-01,6.85,6.855,6.85,6.855,3.6070910000000005,400
7912,2004-09-02,6.825,7.0,6.825,7.0,3.683392,6200
7913,2004-09-03,7.005,7.025,7.005,7.025,3.696546,800
7914,2004-09-07,7.0,7.04,7.0,7.025,3.696546,1600
7915,2004-09-08,7.0,7.0,7.0,7.0,3.683392,600
7916,2004-09-09,7.1,7.1,7.055,7.055,3.712332,1600
7917,2004-09-10,7.055,7.055,7.055,7.055,3.712332,200
7918,2004-09-13,7.05,7.085,7.05,7.085,3.7281190000000004,1800
7919,2004-09-14,7.075,7.08,7.05,7.05,3.7097010000000004,8200
7920,2004-09-15,7.0,7.0,6.985,7.0,3.683392,4600
7921,2004-09-16,7.0,7.0,7.0,7.0,3.683392,2000
7922,2004-09-17,6.975,7.0,6.95,7.0,3.683392,3600
7923,2004-09-20,7.0,7.0,6.985,6.985,3.675498,4600
7924,2004-09-21,7.02,7.05,7.01,7.05,3.7097010000000004,4000
7925,2004-09-22,7.05,7.05,7.05,7.05,3.7097010000000004,600
7926,2004-09-23,7.125,7.14,7.055,7.075,3.7228550000000005,11400
7927,2004-09-24,7.075,7.15,7.075,7.13,3.751796,11600
7928,2004-09-27,7.1,7.1,7.05,7.05,3.7097010000000004,2800
7929,2004-09-28,7.05,7.05,7.025,7.025,3.696546,5000
7930,2004-09-29,7.0,7.0,6.895,6.9,3.6307709999999997,6600
7931,2004-09-30,6.85,6.85,6.85,6.85,3.60446,2000
7932,2004-10-01,6.85,6.85,6.85,6.85,3.60446,0
7933,2004-10-04,6.825,6.93,6.825,6.93,3.646558,9800
7934,2004-10-05,6.905,7.06,6.9,7.05,3.7097010000000004,4000
7935,2004-10-06,7.095,7.125,7.0,7.125,3.749164,2400
7936,2004-10-07,7.16,7.2,7.16,7.2,3.7886300000000004,600
7937,2004-10-08,7.22,7.25,7.15,7.15,3.76232,9000
7938,2004-10-11,7.15,7.15,7.15,7.15,3.76232,600
7939,2004-10-12,7.15,7.15,7.025,7.025,3.696546,5200
7940,2004-10-13,7.025,7.025,7.025,7.025,3.696546,0
7941,2004-10-14,7.025,7.025,7.025,7.025,3.696546,200
7942,2004-10-15,7.025,7.025,7.025,7.025,3.696546,400
7943,2004-10-18,7.025,7.075,7.025,7.05,3.7097010000000004,2800
7944,2004-10-19,7.055,7.09,7.055,7.09,3.73075,4000
7945,2004-10-20,7.075,7.075,7.035,7.05,3.7097010000000004,2800
7946,2004-10-21,7.025,7.025,6.975,6.995,3.6807589999999997,4200
7947,2004-10-22,7.0,7.025,6.99,7.005,3.6860209999999998,3200
7948,2004-10-25,7.0,7.125,6.995,7.025,3.696546,7000
7949,2004-10-26,7.06,7.175,7.06,7.15,3.76232,12400
7950,2004-10-27,7.2,7.25,7.1,7.1,3.73601,6000
7951,2004-10-28,7.055,7.07,7.055,7.07,3.720225,6800
7952,2004-10-29,7.05,7.05,7.05,7.05,3.7097010000000004,3000
7953,2004-11-01,7.0,7.0,6.975,6.975,3.670236,400
7954,2004-11-02,6.98,6.98,6.975,6.975,3.670236,5200
7955,2004-11-03,6.975,6.98,6.975,6.975,3.670236,4000
7956,2004-11-04,6.94,6.98,6.94,6.975,3.670236,316800
7957,2004-11-05,6.94,7.175,6.94,7.15,3.76232,240200
7958,2004-11-08,7.2,7.25,7.125,7.125,3.749164,9800
7959,2004-11-09,7.075,7.125,7.05,7.055,3.712332,7200
7960,2004-11-10,6.975,6.98,6.975,6.98,3.7083480000000004,1400
7961,2004-11-11,6.975,7.095,6.975,7.095,3.7694449999999997,2200
7962,2004-11-12,7.085,7.125,7.085,7.1,3.772101,4600
7963,2004-11-15,7.105,7.15,7.105,7.125,3.7853830000000004,3800
7964,2004-11-16,7.1,7.105,7.075,7.1,3.772101,3800
7965,2004-11-17,7.105,7.135,7.1,7.1,3.772101,4200
7966,2004-11-18,7.1,7.1,7.025,7.085,3.764133,10800
7967,2004-11-19,7.09,7.09,7.025,7.03,3.734911,6400
7968,2004-11-22,7.025,7.04,7.025,7.04,3.740224,600
7969,2004-11-23,7.005,7.03,7.005,7.03,3.734911,3800
7970,2004-11-24,7.01,7.01,6.93,6.94,3.687096,8400
7971,2004-11-26,6.935,6.935,6.935,6.935,3.68444,400
7972,2004-11-29,6.955,6.97,6.9,6.91,3.671157,6600
7973,2004-11-30,6.91,6.96,6.88,6.96,3.697721,5400
7974,2004-12-01,7.02,7.05,6.9,7.0,3.7189730000000005,13800
7975,2004-12-02,6.99,7.06,6.99,7.06,3.75085,4200
7976,2004-12-03,7.0,7.055,7.0,7.055,3.7481940000000002,3800
7977,2004-12-06,7.05,7.05,6.97,6.975,3.70569,9600
7978,2004-12-07,6.965,6.965,6.9,6.925,3.679127,8000
7979,2004-12-08,6.925,6.93,6.88,6.93,3.6817830000000002,8800
7980,2004-12-09,6.925,6.925,6.85,6.875,3.652561,6600
7981,2004-12-10,6.925,6.925,6.9,6.9,3.6658440000000003,7600
7982,2004-12-13,6.9,6.9,6.88,6.88,3.655219,11200
7983,2004-12-14,6.9,6.9,6.83,6.85,3.6392800000000003,8200
7984,2004-12-15,6.85,6.925,6.83,6.875,3.652561,6600
7985,2004-12-16,6.92,6.975,6.92,6.965,3.7003779999999997,6000
7986,2004-12-17,6.95,6.97,6.95,6.95,3.6924080000000004,2000
7987,2004-12-20,6.975,6.975,6.95,6.95,3.6924080000000004,3000
7988,2004-12-21,6.955,6.975,6.95,6.975,3.70569,8400
7989,2004-12-22,6.975,7.025,6.975,7.025,3.7322550000000003,26000
7990,2004-12-23,7.0,7.0,7.0,7.0,3.7189730000000005,2600
7991,2004-12-27,7.0,7.0,6.975,7.0,3.7189730000000005,4800
7992,2004-12-28,6.995,7.05,6.975,7.05,3.745537,3400
7993,2004-12-29,7.075,7.185,7.075,7.17,3.8092910000000004,9200
7994,2004-12-30,7.185,7.37,7.135,7.35,3.904922,29800
7995,2004-12-31,7.335,7.475,7.335,7.475,3.9713300000000005,4400
7996,2005-01-03,7.465,7.465,7.44,7.44,3.9527360000000002,3800
7997,2005-01-04,7.44,7.45,7.425,7.45,3.958049,4200
7998,2005-01-05,7.45,7.45,7.45,7.45,3.958049,800
7999,2005-01-06,7.425,7.43,7.255,7.255,3.854451,17600
8000,2005-01-07,7.225,7.225,7.21,7.21,3.830542,3200
8001,2005-01-10,7.15,7.155,6.9,7.075,3.7588190000000004,25400
8002,2005-01-11,7.025,7.025,6.95,6.97,3.703035,4600
8003,2005-01-12,6.94,6.96,6.94,6.96,3.697721,2800
8004,2005-01-13,6.95,7.0,6.95,7.0,3.7189730000000005,1200
8005,2005-01-14,7.0,7.0,7.0,7.0,3.7189730000000005,0
8006,2005-01-18,7.0,7.0,7.0,7.0,3.7189730000000005,0
8007,2005-01-19,6.995,7.075,6.975,7.075,3.7588190000000004,9000
8008,2005-01-20,7.075,7.075,7.075,7.075,3.7588190000000004,0
8009,2005-01-21,7.07,7.07,7.005,7.035,3.737569,2800
8010,2005-01-24,7.065,7.445,7.065,7.4,3.931486,15800
8011,2005-01-25,7.355,7.445,7.35,7.4,3.931486,38400
8012,2005-01-26,7.395,7.42,7.395,7.4,3.931486,2800
8013,2005-01-27,7.39,7.39,7.325,7.33,3.8942959999999998,5800
8014,2005-01-28,7.315,7.315,7.305,7.305,3.881013,600
8015,2005-01-31,7.34,7.35,7.34,7.35,3.904922,3600
8016,2005-02-01,7.325,7.37,7.325,7.355,3.907577,3800
8017,2005-02-02,7.34,7.34,7.26,7.26,3.857106,9400
8018,2005-02-03,7.25,7.45,7.25,7.4,3.931486,12800
8019,2005-02-04,7.455,7.455,7.4,7.455,3.9607069999999998,10600
8020,2005-02-07,7.425,7.5,7.37,7.475,3.9713300000000005,15600
8021,2005-02-08,7.46,7.46,7.46,7.46,3.963362,800
8022,2005-02-09,7.425,7.425,7.4,7.4,3.931486,3200
8023,2005-02-10,7.4,7.44,7.4,7.44,3.9527360000000002,5000
8024,2005-02-11,7.435,7.435,7.375,7.375,3.9182040000000002,1400
8025,2005-02-14,7.36,7.45,7.35,7.45,3.958049,9200
8026,2005-02-15,7.475,7.475,7.425,7.425,3.9447669999999997,1600
8027,2005-02-16,7.425,7.425,7.35,7.35,3.904922,7400
8028,2005-02-17,7.265,7.34,7.265,7.3,3.914306,3800
8029,2005-02-18,7.28,7.3,7.25,7.25,3.887495,5200
8030,2005-02-22,7.24,7.24,7.15,7.15,3.833874,7200
8031,2005-02-23,7.175,7.265,7.175,7.225,3.874089,9800
8032,2005-02-24,7.25,7.29,7.25,7.26,3.8928580000000004,8400
8033,2005-02-25,7.26,7.29,7.2,7.205,3.8633660000000005,22000
8034,2005-02-28,7.185,7.185,7.09,7.09,3.801703,9800
8035,2005-03-01,6.95,6.95,6.93,6.93,3.715908,23400
8036,2005-03-02,6.9,6.9,6.875,6.9,3.699822,5200
8037,2005-03-03,6.9,6.9,6.85,6.875,3.6864169999999996,4200
8038,2005-03-04,6.875,6.875,6.875,6.875,3.6864169999999996,0
8039,2005-03-07,6.705,6.925,6.705,6.875,3.6864169999999996,14000
8040,2005-03-08,6.9,6.965,6.805,6.845,3.6703309999999996,8000
8041,2005-03-09,6.86,6.9,6.825,6.9,3.699822,2200
8042,2005-03-10,6.825,6.87,6.805,6.805,3.648883,7000
8043,2005-03-11,6.82,6.82,6.705,6.75,3.619392,10200
8044,2005-03-14,6.79,6.79,6.725,6.725,3.6059870000000003,2600
8045,2005-03-15,6.71,6.73,6.68,6.695,3.5899,9000
8046,2005-03-16,6.67,6.695,6.63,6.695,3.5899,1200
8047,2005-03-17,6.695,6.695,6.695,6.695,3.5899,800
8048,2005-03-18,6.7,6.745,6.695,6.745,3.616711,9400
8049,2005-03-21,6.77,6.83,6.76,6.83,3.662287,1600
8050,2005-03-22,6.8,6.825,6.8,6.825,3.6596059999999997,1400
8051,2005-03-23,6.775,6.825,6.75,6.75,3.619392,5000
8052,2005-03-24,6.705,6.75,6.705,6.745,3.616711,1000
8053,2005-03-28,6.7,6.7,6.7,6.7,3.5925809999999996,3200
8054,2005-03-29,6.69,6.715,6.69,6.7,3.5925809999999996,600
8055,2005-03-30,6.715,6.9,6.715,6.875,3.6864169999999996,5400
8056,2005-03-31,6.875,6.875,6.84,6.84,3.66765,1000
8057,2005-04-01,6.83,6.83,6.805,6.805,3.648883,3200
8058,2005-04-04,6.785,6.785,6.72,6.72,3.603306,4800
8059,2005-04-05,6.75,6.75,6.715,6.715,3.600625,1800
8060,2005-04-06,6.715,6.715,6.715,6.715,3.600625,0
8061,2005-04-07,6.71,6.71,6.71,6.71,3.597943,200
8062,2005-04-08,6.705,6.705,6.7,6.7,3.5925809999999996,800
8063,2005-04-11,6.66,6.66,6.585,6.605,3.5416410000000003,5000
8064,2005-04-12,6.585,6.6,6.55,6.6,3.53896,4400
8065,2005-04-13,6.625,6.625,6.59,6.59,3.5335980000000005,1800
8066,2005-04-14,6.575,6.58,6.55,6.55,3.51215,4600
8067,2005-04-15,6.55,6.55,6.5,6.5,3.4853400000000003,2000
8068,2005-04-18,6.54,6.545,6.275,6.275,3.3646949999999998,10600
8069,2005-04-19,6.295,6.315,6.275,6.3,3.3780989999999997,1800
8070,2005-04-20,6.275,6.3,6.275,6.3,3.3780989999999997,2800
8071,2005-04-21,6.275,6.305,6.175,6.245,3.348607,15400
8072,2005-04-22,6.175,6.18,6.065,6.105,3.2735380000000003,14800
8073,2005-04-25,6.1,6.1,6.0,6.045,3.241367,8400
8074,2005-04-26,6.0,6.0,5.95,5.97,3.201152,4400
8075,2005-04-27,5.975,5.975,5.875,5.875,3.150213,33200
8076,2005-04-28,5.825,5.825,5.75,5.77,3.0939099999999997,17600
8077,2005-04-29,5.75,5.75,5.6,5.675,3.042969,19000
8078,2005-05-02,5.63,5.675,5.625,5.675,3.042969,2600
8079,2005-05-03,5.6,5.6,5.55,5.55,2.9759439999999997,12800
8080,2005-05-04,5.6,5.825,5.6,5.775,3.096592,40000
8081,2005-05-05,5.8,5.9,5.665,5.665,3.037608,79800
8082,2005-05-06,5.675,5.695,5.575,5.65,3.029563,33800
8083,2005-05-09,5.525,5.57,5.46,5.57,2.986668,37400
8084,2005-05-10,5.65,5.65,5.53,5.55,2.9759439999999997,73800
8085,2005-05-11,5.56,5.575,5.5,5.555,2.978625,40200
8086,2005-05-12,5.505,5.565,5.505,5.515,2.993552,18600
8087,2005-05-13,5.515,5.515,5.495,5.5,2.98541,17800
8088,2005-05-16,5.53,5.535,5.51,5.525,2.99898,13200
8089,2005-05-17,5.51,5.51,5.5,5.5,2.98541,4400
8090,2005-05-18,5.5,5.55,5.5,5.54,3.007123,10200
8091,2005-05-19,5.535,5.595,5.515,5.55,3.01255,19600
8092,2005-05-20,5.55,5.675,5.535,5.625,3.053261,21400
8093,2005-05-23,7.125,7.125,6.505,6.725,3.6503410000000005,375200
8094,2005-05-24,6.715,6.725,6.55,6.625,3.596061,82000
8095,2005-05-25,6.65,6.795,6.625,6.77,3.6747699999999996,75400
8096,2005-05-26,6.9,7.25,6.875,7.15,3.8810339999999997,90000
8097,2005-05-27,7.225,7.275,7.18,7.25,3.935313,27200
8098,2005-05-31,7.4,7.425,6.875,6.925,3.7589040000000002,69200
8099,2005-06-01,6.985,7.04,6.925,6.99,3.7941839999999996,15800
8100,2005-06-02,6.995,7.09,6.95,6.995,3.796897,25800
8101,2005-06-03,7.05,7.05,6.77,6.78,3.680197,41400
8102,2005-06-06,6.77,6.775,6.75,6.75,3.6639129999999995,10400
8103,2005-06-07,6.75,6.75,6.7,6.73,3.653057,6400
8104,2005-06-08,6.75,6.75,6.725,6.725,3.6503410000000005,1600
8105,2005-06-09,6.7,6.75,6.68,6.745,3.661198,2000
8106,2005-06-10,6.7,6.825,6.7,6.81,3.696481,5400
8107,2005-06-13,6.815,6.85,6.815,6.85,3.7181919999999997,3000
8108,2005-06-14,6.9,6.905,6.8,6.87,3.729048,12800
8109,2005-06-15,6.9,6.9,6.855,6.9,3.745333,3400
8110,2005-06-16,6.885,6.935,6.86,6.935,3.764332,6200
8111,2005-06-17,6.885,6.885,6.81,6.81,3.696481,7400
8112,2005-06-20,6.8,6.935,6.8,6.9,3.745333,12000
8113,2005-06-21,6.905,6.91,6.89,6.905,3.748046,11200
8114,2005-06-22,6.88,6.895,6.85,6.85,3.7181919999999997,13200
8115,2005-06-23,6.865,6.865,6.775,6.815,3.6991940000000003,3600
8116,2005-06-24,6.825,6.825,6.76,6.76,3.669341,2800
8117,2005-06-27,6.755,6.76,6.755,6.76,3.669341,400
8118,2005-06-28,6.75,6.75,6.705,6.75,3.6639129999999995,2400
8119,2005-06-29,6.75,6.815,6.73,6.765,3.672053,45000
8120,2005-06-30,6.8,6.9,6.775,6.9,3.745333,4600
8121,2005-07-01,6.85,6.85,6.805,6.81,3.696481,2800
8122,2005-07-05,6.825,6.85,6.755,6.755,3.6666269999999996,2200
8123,2005-07-06,6.75,6.75,6.705,6.725,3.6503410000000005,8600
8124,2005-07-07,6.7,6.74,6.625,6.675,3.6232029999999997,10000
8125,2005-07-08,6.625,6.67,6.595,6.595,3.5797779999999997,7000
8126,2005-07-11,6.6,6.6,6.575,6.575,3.5689230000000003,9000
8127,2005-07-12,6.575,6.645,6.5,6.5,3.5282129999999996,11000
8128,2005-07-13,6.5,6.57,6.47,6.5,3.5282129999999996,31600
8129,2005-07-14,6.525,6.525,6.5,6.525,3.541782,1600
8130,2005-07-15,6.545,6.62,6.51,6.62,3.593349,8200
8131,2005-07-18,6.615,6.625,6.615,6.625,3.596061,5400
8132,2005-07-19,6.625,6.655,6.625,6.655,3.612346,6000
8133,2005-07-20,6.625,6.625,6.575,6.575,3.5689230000000003,3400
8134,2005-07-21,6.6,6.625,6.6,6.625,3.596061,2800
8135,2005-07-22,6.6,6.71,6.6,6.71,3.6422,14200
8136,2005-07-25,6.7,6.725,6.7,6.705,3.6394870000000004,6600
8137,2005-07-26,6.72,6.73,6.72,6.73,3.653057,600
8138,2005-07-27,6.675,6.75,6.675,6.745,3.661198,6400
8139,2005-07-28,6.675,6.675,6.465,6.52,3.574843,13000
8140,2005-07-29,6.515,6.55,6.475,6.5,3.5638769999999997,7400
8141,2005-08-01,6.515,6.525,6.37,6.37,3.4926,11200
8142,2005-08-02,6.37,6.385,6.255,6.275,3.440514,15800
8143,2005-08-03,6.245,6.25,6.0,6.07,3.328114,21800
8144,2005-08-04,6.025,6.025,5.925,5.925,3.248612,29800
8145,2005-08-05,5.92,5.92,5.825,5.895,3.232163,26200
8146,2005-08-08,5.86,6.025,5.86,6.025,3.3034410000000003,10000
8147,2005-08-09,6.0,6.08,6.0,6.045,3.314406,26400
8148,2005-08-10,5.975,6.025,5.975,6.025,3.3034410000000003,15400
8149,2005-08-11,6.01,6.175,6.01,6.08,3.333596,138000
8150,2005-08-12,6.075,6.15,6.075,6.15,3.371976,114000
8151,2005-08-15,6.075,6.125,6.0,6.0,3.289732,27400
8152,2005-08-16,5.95,6.12,5.95,6.12,3.355528,7000
8153,2005-08-17,6.125,6.25,6.125,6.245,3.424064,123800
8154,2005-08-18,6.21,6.22,6.2,6.2,3.3993910000000005,19000
8155,2005-08-19,6.18,6.435,6.18,6.435,3.528239,15600
8156,2005-08-22,6.425,6.425,6.325,6.325,3.4679269999999995,3400
8157,2005-08-23,6.35,6.5,6.34,6.455,3.5392050000000004,18800
8158,2005-08-24,6.45,6.45,6.42,6.43,3.5254980000000002,6200
8159,2005-08-25,6.37,6.49,6.305,6.49,3.5583940000000003,11200
8160,2005-08-26,6.47,6.575,6.47,6.565,3.5995160000000004,8200
8161,2005-08-29,6.505,6.625,6.505,6.54,3.585808,24400
8162,2005-08-30,6.52,6.52,6.475,6.475,3.5501690000000004,7600
8163,2005-08-31,6.475,6.475,6.425,6.425,3.522755,1800
8164,2005-09-01,6.35,6.385,6.3,6.32,3.465185,9800
8165,2005-09-02,6.2,6.35,6.2,6.34,3.476151,12000
8166,2005-09-06,6.3,6.3,6.225,6.28,3.443254,10000
8167,2005-09-07,6.225,6.31,6.225,6.31,3.4597019999999996,12000
8168,2005-09-08,6.3,6.3,6.285,6.285,3.4459940000000002,7400
8169,2005-09-09,6.285,6.29,6.225,6.275,3.440514,11800
8170,2005-09-12,6.26,6.26,6.15,6.195,3.39665,35800
8171,2005-09-13,6.19,6.19,6.075,6.1,3.344563,28600
8172,2005-09-14,6.085,6.085,6.025,6.025,3.3034410000000003,27400
8173,2005-09-15,6.045,6.22,6.045,6.21,3.404874,8200
8174,2005-09-16,6.195,6.25,6.175,6.21,3.404874,5200
8175,2005-09-19,6.2,6.2,6.15,6.195,3.39665,7000
8176,2005-09-20,6.19,6.35,6.19,6.325,3.4679269999999995,32200
8177,2005-09-21,6.305,6.305,6.28,6.285,3.4459940000000002,9800
8178,2005-09-22,6.26,6.325,6.25,6.325,3.4679269999999995,114800
8179,2005-09-23,6.375,6.5,6.375,6.5,3.5638769999999997,5400
8180,2005-09-26,6.5,6.6,6.475,6.52,3.574843,129600
8181,2005-09-27,6.475,6.545,6.45,6.505,3.566619,106400
8182,2005-09-28,6.495,6.495,6.475,6.475,3.5501690000000004,6200
8183,2005-09-29,6.46,6.51,6.46,6.51,3.5693620000000004,7000
8184,2005-09-30,6.485,6.485,6.45,6.45,3.536465,4400
8185,2005-10-03,6.4,6.4,6.325,6.325,3.4679269999999995,13200
8186,2005-10-04,6.305,6.33,6.25,6.25,3.4268050000000003,12200
8187,2005-10-05,6.2,6.275,6.2,6.275,3.440514,12600
8188,2005-10-06,6.225,6.225,6.025,6.025,3.3034410000000003,15800
8189,2005-10-07,6.0,6.045,5.995,6.0,3.289732,10400
8190,2005-10-10,5.95,5.975,5.95,5.975,3.276026,4400
8191,2005-10-11,5.975,6.05,5.975,6.025,3.3034410000000003,15000
8192,2005-10-12,5.99,5.99,5.945,5.96,3.267801,41200
8193,2005-10-13,5.925,5.93,5.88,5.88,3.223939,14800
8194,2005-10-14,5.875,5.875,5.855,5.855,3.210232,29200
8195,2005-10-17,5.88,5.9,5.88,5.9,3.2349040000000002,13000
8196,2005-10-18,5.9,5.995,5.9,5.955,3.265061,32200
8197,2005-10-19,5.965,6.075,5.965,6.035,3.308925,30000
8198,2005-10-20,5.95,5.995,5.9,5.905,3.237646,23200
8199,2005-10-21,5.85,5.87,5.825,5.85,3.20749,13000
8200,2005-10-24,5.86,5.86,5.765,5.8,3.1800740000000003,11000
8201,2005-10-25,5.8,5.8,5.765,5.795,3.177334,12200
8202,2005-10-26,5.8,5.995,5.8,5.945,3.259577,34200
8203,2005-10-27,5.95,5.95,5.76,5.875,3.221197,208600
8204,2005-10-28,5.85,5.85,5.8,5.8,3.1800740000000003,10600
8205,2005-10-31,5.775,5.825,5.775,5.8,3.1800740000000003,7000
8206,2005-11-01,5.81,5.81,5.77,5.775,3.166369,4600
8207,2005-11-02,5.775,5.775,5.68,5.68,3.11428,3600
8208,2005-11-03,5.72,5.72,5.6,5.6,3.070417,6600
8209,2005-11-04,5.65,5.67,5.6,5.655,3.100573,11200
8210,2005-11-07,5.725,5.79,5.705,5.71,3.130729,13800
8211,2005-11-08,5.705,5.74,5.705,5.72,3.136212,8600
8212,2005-11-09,5.7,5.7,5.51,5.51,3.0571479999999998,20800
8213,2005-11-10,5.5,5.525,5.495,5.525,3.06547,3800
8214,2005-11-11,5.51,5.575,5.435,5.525,3.06547,11200
8215,2005-11-14,5.53,5.55,5.525,5.55,3.079342,1200
8216,2005-11-15,5.6,5.6,5.525,5.57,3.0904380000000002,17200
8217,2005-11-16,5.6,5.605,5.6,5.605,3.109858,3600
8218,2005-11-17,5.6,5.6,5.6,5.6,3.1070830000000003,1000
8219,2005-11-18,5.7,5.75,5.63,5.725,3.176437,12400
8220,2005-11-21,5.725,5.75,5.55,5.595,3.104308,17600
8221,2005-11-22,5.58,5.58,5.45,5.55,3.079342,14000
8222,2005-11-23,5.5,5.53,5.5,5.515,3.059921,5800
8223,2005-11-25,5.51,5.58,5.51,5.58,3.095987,2000
8224,2005-11-28,5.565,5.595,5.535,5.535,3.071018,2200
8225,2005-11-29,5.525,5.525,5.5,5.5,3.051599,7000
8226,2005-11-30,5.475,5.545,5.45,5.5,3.051599,5800
8227,2005-12-01,5.55,5.575,5.525,5.525,3.06547,7000
8228,2005-12-02,5.55,5.57,5.525,5.57,3.0904380000000002,2200
8229,2005-12-05,5.57,5.57,5.5,5.5,3.051599,32000
8230,2005-12-06,5.475,5.62,5.475,5.6,3.1070830000000003,11000
8231,2005-12-07,5.61,5.61,5.52,5.55,3.079342,12200
8232,2005-12-08,5.525,5.525,5.5,5.5,3.051599,7800
8233,2005-12-09,5.5,5.55,5.5,5.545,3.076566,5200
8234,2005-12-12,5.5,5.5,5.475,5.475,3.03773,4400
8235,2005-12-13,5.45,5.45,5.425,5.45,3.023858,32400
8236,2005-12-14,5.435,5.435,5.275,5.345,2.965599,41200
8237,2005-12-15,5.28,5.29,5.215,5.25,2.912891,31600
8238,2005-12-16,5.35,5.35,5.1,5.15,2.857407,30400
8239,2005-12-19,5.1,5.1,4.975,5.1,2.8296650000000003,90400
8240,2005-12-20,5.08,5.3,5.075,5.26,2.918439,59000
8241,2005-12-21,5.26,5.285,5.16,5.175,2.8712779999999998,15200
8242,2005-12-22,5.155,5.16,5.155,5.155,2.860182,6200
8243,2005-12-23,5.155,5.2,5.155,5.175,2.8712779999999998,11600
8244,2005-12-27,5.2,5.225,5.19,5.225,2.899019,6400
8245,2005-12-28,5.175,5.185,5.125,5.125,2.843536,66400
8246,2005-12-29,5.125,5.125,5.09,5.125,2.843536,57000
8247,2005-12-30,5.095,5.125,5.06,5.125,2.843536,73200
8248,2006-01-03,5.1,5.15,5.1,5.15,2.857407,12800
8249,2006-01-04,5.125,5.165,5.095,5.13,2.846311,7400
8250,2006-01-05,5.1,5.12,5.075,5.075,2.815794,87600
8251,2006-01-06,5.075,5.1,5.075,5.1,2.8296650000000003,1800
8252,2006-01-09,5.075,5.13,5.075,5.1,2.8296650000000003,103800
8253,2006-01-10,5.1,5.1,5.075,5.09,2.8241169999999998,19600
8254,2006-01-11,5.06,5.1,5.05,5.07,2.81302,70800
8255,2006-01-12,5.07,5.07,5.005,5.03,2.790826,38600
8256,2006-01-13,5.025,5.075,5.0,5.075,2.815794,48000
8257,2006-01-17,5.05,5.09,5.05,5.09,2.8241169999999998,11200
8258,2006-01-18,5.085,5.085,5.085,5.085,2.821343,2000
8259,2006-01-19,5.11,5.15,5.11,5.15,2.857407,6000
8260,2006-01-20,5.15,5.5,5.14,5.5,3.051599,28800
8261,2006-01-23,5.485,5.485,5.38,5.45,3.023858,6400
8262,2006-01-24,5.45,5.45,5.35,5.35,2.9683740000000003,5400
8263,2006-01-25,5.35,5.4,5.325,5.35,2.9683740000000003,16800
8264,2006-01-26,5.325,5.45,5.325,5.45,3.023858,18800
8265,2006-01-27,5.375,5.49,5.375,5.475,3.03773,55000
8266,2006-01-30,5.5,5.575,5.5,5.57,3.0904380000000002,9000
8267,2006-01-31,5.57,5.6,5.55,5.55,3.079342,2600
8268,2006-02-01,5.505,5.535,5.5,5.5,3.051599,3000
8269,2006-02-02,5.575,5.575,5.525,5.545,3.076566,1800
8270,2006-02-03,5.545,5.6,5.525,5.6,3.1070830000000003,3400
8271,2006-02-06,5.505,5.575,5.5,5.5,3.051599,3600
8272,2006-02-07,5.6,5.6,5.6,5.6,3.1070830000000003,200
8273,2006-02-08,5.625,5.625,5.625,5.625,3.120955,1000
8274,2006-02-09,5.555,5.555,5.555,5.555,3.082116,200
8275,2006-02-10,5.53,5.57,5.53,5.545,3.114411,4000
8276,2006-02-13,5.5,5.52,5.475,5.475,3.075095,2600
8277,2006-02-14,5.5,5.595,5.5,5.545,3.114411,10200
8278,2006-02-15,5.57,5.655,5.565,5.655,3.176193,7800
8279,2006-02-16,5.625,5.625,5.625,5.625,3.159344,1000
8280,2006-02-17,5.675,5.675,5.65,5.675,3.1874279999999997,4600
8281,2006-02-21,5.765,5.765,5.65,5.73,3.2183189999999997,18000
8282,2006-02-22,5.73,5.73,5.73,5.73,3.2183189999999997,0
8283,2006-02-23,5.58,5.73,5.475,5.475,3.075095,15600
8284,2006-02-24,5.5,5.55,5.475,5.5,3.089136,111000
8285,2006-02-27,5.5,5.525,5.485,5.52,3.1003689999999997,12600
8286,2006-02-28,5.52,5.57,5.5,5.54,3.111602,225600
8287,2006-03-01,5.5,5.55,5.5,5.545,3.114411,14200
8288,2006-03-02,5.55,5.6,5.55,5.6,3.145302,28600
8289,2006-03-03,5.6,5.68,5.6,5.68,3.190235,10400
8290,2006-03-06,5.625,5.625,5.44,5.525,3.1031779999999998,40800
8291,2006-03-07,5.525,5.595,5.525,5.55,3.11722,27400
8292,2006-03-08,5.56,5.575,5.55,5.55,3.11722,11600
8293,2006-03-09,5.555,5.555,5.52,5.52,3.1003689999999997,5200
8294,2006-03-10,5.55,5.55,5.545,5.545,3.114411,5000
8295,2006-03-13,5.55,5.555,5.525,5.555,3.120028,16200
8296,2006-03-14,5.53,5.55,5.525,5.525,3.1031779999999998,10600
8297,2006-03-15,5.5,5.5,5.5,5.5,3.089136,46000
8298,2006-03-16,5.5,5.5,5.475,5.5,3.089136,10800
8299,2006-03-17,5.49,5.5,5.45,5.45,3.061054,20200
8300,2006-03-20,5.475,5.485,5.45,5.47,3.0722869999999998,12000
8301,2006-03-21,5.45,5.52,5.45,5.52,3.1003689999999997,61000
8302,2006-03-22,5.5,5.5,5.48,5.48,3.077903,9600
8303,2006-03-23,5.49,5.5,5.485,5.495,3.086328,14800
8304,2006-03-24,5.51,5.545,5.5,5.545,3.114411,1400
8305,2006-03-27,5.545,5.6,5.505,5.505,3.091945,20400
8306,2006-03-28,5.5,5.55,5.485,5.545,3.114411,40800
8307,2006-03-29,5.525,5.545,5.5,5.5,3.089136,23200
8308,2006-03-30,5.525,5.525,5.495,5.5,3.089136,15400
8309,2006-03-31,5.5,5.505,5.49,5.505,3.091945,15800
8310,2006-04-03,5.525,5.55,5.5,5.55,3.11722,24200
8311,2006-04-04,5.55,5.595,5.545,5.595,3.142493,81400
8312,2006-04-05,5.6,5.625,5.51,5.525,3.1031779999999998,75200
8313,2006-04-06,5.55,5.55,5.54,5.55,3.11722,30200
8314,2006-04-07,5.545,5.595,5.54,5.545,3.114411,76200
8315,2006-04-10,5.56,5.695,5.55,5.6,3.145302,165000
8316,2006-04-11,5.6,5.66,5.585,5.63,3.162153,47600
8317,2006-04-12,5.6,5.68,5.6,5.65,3.1733860000000003,53800
8318,2006-04-13,5.625,5.7,5.6,5.7,3.201469,25600
8319,2006-04-17,5.7,5.75,5.7,5.75,3.229551,35200
8320,2006-04-18,5.745,5.825,5.725,5.805,3.260443,27600
8321,2006-04-19,5.85,5.99,5.85,5.99,3.36435,42600
8322,2006-04-20,5.99,6.0,5.94,5.955,3.344693,26800
8323,2006-04-21,5.95,6.04,5.95,6.04,3.3924339999999997,17600
8324,2006-04-24,5.995,6.025,5.98,5.98,3.3587339999999997,14400
8325,2006-04-25,5.95,5.95,5.9,5.9,3.313801,16000
8326,2006-04-26,5.925,6.04,5.925,6.04,3.3924339999999997,22600
8327,2006-04-27,6.05,6.105,6.045,6.1,3.426134,16600
8328,2006-04-28,6.055,6.09,6.04,6.065,3.406475,55400
8329,2006-05-01,6.085,6.125,6.055,6.125,3.440175,7200
8330,2006-05-02,6.125,6.265,6.075,6.25,3.510382,31200
8331,2006-05-03,6.25,6.395,6.245,6.355,3.5693580000000003,44400
8332,2006-05-04,6.325,6.35,6.25,6.25,3.510382,23000
8333,2006-05-05,6.25,6.47,6.225,6.42,3.6058660000000002,38200
8334,2006-05-08,6.44,6.53,6.43,6.45,3.6227160000000005,26600
8335,2006-05-09,6.4,6.495,6.375,6.475,3.6367559999999997,24600
8336,2006-05-10,6.485,6.495,6.485,6.495,3.647989,9200
8337,2006-05-11,6.48,6.495,6.385,6.405,3.59744,17200
8338,2006-05-12,6.45,6.47,6.38,6.405,3.59744,115600
8339,2006-05-15,6.38,6.38,6.255,6.255,3.55061,16200
8340,2006-05-16,6.3,6.35,6.275,6.3,3.5761540000000003,11800
8341,2006-05-17,6.25,6.3,6.225,6.23,3.5364190000000004,10400
8342,2006-05-18,6.255,6.275,6.25,6.25,3.54777,16200
8343,2006-05-19,6.25,6.26,6.25,6.26,3.5534470000000002,2400
8344,2006-05-22,6.2,6.2,6.04,6.07,3.445596,29600
8345,2006-05-23,6.125,6.3,6.125,6.3,3.5761540000000003,25400
8346,2006-05-24,6.325,6.425,6.325,6.35,3.604536,21200
8347,2006-05-25,6.375,6.5,6.375,6.455,3.664138,28800
8348,2006-05-26,6.46,6.5,6.45,6.45,3.6613,13200
8349,2006-05-30,6.425,6.45,6.4,6.4,3.632917,8200
8350,2006-05-31,6.4,6.45,6.4,6.4,3.632917,32200
8351,2006-06-01,6.435,6.435,6.4,6.4,3.632917,15800
8352,2006-06-02,6.4,6.445,6.4,6.445,3.658461,10000
8353,2006-06-05,6.4,6.45,6.4,6.4,3.632917,14200
8354,2006-06-06,6.4,6.4,6.33,6.35,3.604536,16200
8355,2006-06-07,6.34,6.37,6.325,6.37,3.6158870000000003,3000
8356,2006-06-08,6.345,6.375,6.31,6.31,3.58183,67000
8357,2006-06-09,6.3,6.35,6.3,6.325,3.5903440000000004,8000
8358,2006-06-12,6.37,6.485,6.37,6.4,3.632917,216800
8359,2006-06-13,6.37,6.37,6.37,6.37,3.6158870000000003,5000
8360,2006-06-14,6.42,6.42,6.395,6.395,3.6300790000000003,5800
8361,2006-06-15,6.395,6.395,6.395,6.395,3.6300790000000003,4000
8362,2006-06-16,6.37,6.415,6.37,6.415,3.641431,8200
8363,2006-06-19,6.385,6.415,6.385,6.415,3.641431,5400
8364,2006-06-20,6.39,6.425,6.38,6.425,3.6471089999999995,3400
8365,2006-06-21,6.425,6.435,6.425,6.435,3.6527849999999997,1600
8366,2006-06-22,6.41,6.41,6.4,6.4,3.632917,800
8367,2006-06-23,6.435,6.56,6.435,6.53,3.7067120000000005,20800
8368,2006-06-26,6.53,6.53,6.46,6.46,3.666976,39200
8369,2006-06-27,6.45,6.475,6.45,6.475,3.6754910000000005,58000
8370,2006-06-28,6.48,6.545,6.475,6.525,3.703872,6400
8371,2006-06-29,6.565,6.575,6.56,6.565,3.726578,19400
8372,2006-06-30,6.54,6.55,6.505,6.55,3.718064,15600
8373,2006-07-03,6.5,6.55,6.5,6.55,3.718064,6200
8374,2006-07-05,6.505,6.545,6.5,6.545,3.7152269999999996,59400
8375,2006-07-06,6.525,6.62,6.525,6.62,3.757799,13800
8376,2006-07-07,6.6,6.62,6.59,6.62,3.757799,5400
8377,2006-07-10,6.605,6.67,6.575,6.61,3.752122,24000
8378,2006-07-11,6.64,6.64,6.545,6.6,3.7464459999999997,64400
8379,2006-07-12,6.585,6.61,6.55,6.57,3.7294169999999998,9000
8380,2006-07-13,6.525,6.545,6.5,6.525,3.703872,8200
8381,2006-07-14,6.5,6.52,6.45,6.5,3.689682,9600
8382,2006-07-17,6.48,6.55,6.48,6.505,3.6925209999999997,53200
8383,2006-07-18,6.5,6.54,6.5,6.54,3.712388,18600
8384,2006-07-19,6.505,6.55,6.505,6.53,3.7067120000000005,7400
8385,2006-07-20,6.505,6.54,6.49,6.495,3.686843,11800
8386,2006-07-21,6.5,6.505,6.475,6.495,3.686843,6400
8387,2006-07-24,6.475,6.495,6.455,6.495,3.686843,4400
8388,2006-07-25,6.495,6.5,6.48,6.5,3.689682,5200
8389,2006-07-26,6.47,6.5,6.47,6.5,3.689682,5200
8390,2006-07-27,6.475,6.475,6.05,6.05,3.434243,30800
8391,2006-07-28,6.0,6.0,5.9,5.95,3.377477,17800
8392,2006-07-31,5.995,5.995,5.995,5.995,3.403021,5200
8393,2006-08-01,5.97,6.02,5.95,5.955,3.3803160000000005,16800
8394,2006-08-02,5.955,6.525,5.94,6.475,3.6754910000000005,43600
8395,2006-08-03,6.5,6.5,6.33,6.33,3.593182,58600
8396,2006-08-04,6.25,6.25,6.165,6.175,3.505197,10000
8397,2006-08-07,6.235,6.265,6.235,6.265,3.556286,2600
8398,2006-08-08,6.225,6.275,6.225,6.275,3.5619629999999995,4400
8399,2006-08-09,6.25,6.265,6.25,6.265,3.556286,800
8400,2006-08-10,6.16,6.2,6.16,6.2,3.557721,3400
8401,2006-08-11,6.175,6.175,6.175,6.175,3.543375,1000
8402,2006-08-14,6.175,6.175,6.155,6.16,3.534768,2400
8403,2006-08-15,6.135,6.15,6.105,6.115,3.508946,8600
8404,2006-08-16,6.1,6.11,6.08,6.085,3.4917300000000004,3000
8405,2006-08-17,6.085,6.085,6.085,6.085,3.4917300000000004,0
8406,2006-08-18,6.075,6.075,6.07,6.075,3.4859910000000003,3400
8407,2006-08-21,6.025,6.1,6.025,6.1,3.5003370000000005,2800
8408,2006-08-22,6.115,6.15,6.1,6.15,3.529028,5600
8409,2006-08-23,6.125,6.125,5.9,5.9,3.3855720000000002,8600
8410,2006-08-24,5.875,5.895,5.855,5.86,3.3626199999999997,3200
8411,2006-08-25,5.87,5.875,5.87,5.875,3.3712269999999998,600
8412,2006-08-28,5.875,5.895,5.875,5.895,3.382704,600
8413,2006-08-29,5.85,5.865,5.84,5.84,3.351142,2000
8414,2006-08-30,5.825,5.9,5.805,5.895,3.382704,17600
8415,2006-08-31,5.845,5.89,5.845,5.875,3.3712269999999998,5600
8416,2006-09-01,5.925,5.995,5.875,5.995,3.440086,37000
8417,2006-09-05,5.995,6.02,5.985,5.995,3.440086,3400
8418,2006-09-06,5.95,5.97,5.89,5.97,3.4257400000000002,11600
8419,2006-09-07,5.945,5.945,5.86,5.895,3.382704,5600
8420,2006-09-08,5.87,5.97,5.87,5.97,3.4257400000000002,5600
8421,2006-09-11,5.9,5.945,5.675,5.805,3.3310589999999998,25800
8422,2006-09-12,5.78,5.925,5.78,5.925,3.399919,17000
8423,2006-09-13,5.925,6.025,5.875,6.025,3.457301,8000
8424,2006-09-14,6.0,6.025,6.0,6.025,3.457301,2800
8425,2006-09-15,6.075,6.075,6.025,6.03,3.4601699999999997,11200
8426,2006-09-18,6.01,6.03,5.98,6.0,3.4429550000000004,7000
8427,2006-09-19,5.975,6.0,5.975,6.0,3.4429550000000004,1800
8428,2006-09-20,5.975,6.01,5.955,5.985,3.4343480000000004,9600
8429,2006-09-21,5.99,5.99,5.99,5.99,3.437217,1000
8430,2006-09-22,5.99,5.99,5.99,5.99,3.437217,0
8431,2006-09-25,6.0,6.07,6.0,6.05,3.471647,11200
8432,2006-09-26,6.025,6.1,6.025,6.1,3.5003370000000005,12400
8433,2006-09-27,6.075,6.1,6.055,6.055,3.4745160000000004,5600
8434,2006-09-28,6.075,6.15,6.075,6.15,3.529028,7000
8435,2006-09-29,6.2,6.25,6.155,6.19,3.5519800000000004,8200
8436,2006-10-02,6.18,6.235,6.18,6.195,3.554852,4800
8437,2006-10-03,6.2,6.25,6.2,6.205,3.5605900000000004,32400
8438,2006-10-04,6.25,6.4,6.25,6.38,3.6610089999999995,11200
8439,2006-10-05,6.35,6.395,6.34,6.34,3.6380559999999997,17800
8440,2006-10-06,6.35,6.425,6.35,6.425,3.6868309999999997,3600
8441,2006-10-09,6.4,6.425,6.4,6.4,3.672485,7200
8442,2006-10-10,6.375,6.42,6.35,6.42,3.683962,5200
8443,2006-10-11,6.45,6.45,6.45,6.45,3.7011769999999995,1000
8444,2006-10-12,6.425,6.45,6.38,6.445,3.6983080000000004,6200
8445,2006-10-13,6.425,6.425,6.4,6.425,3.6868309999999997,2600
8446,2006-10-16,6.405,6.425,6.4,6.425,3.6868309999999997,2600
8447,2006-10-17,6.425,6.445,6.41,6.41,3.6782239999999997,6800
8448,2006-10-18,6.375,6.385,6.315,6.315,3.623709,5400
8449,2006-10-19,6.3,6.325,6.275,6.31,3.6208410000000004,3000
8450,2006-10-20,6.275,6.275,6.205,6.24,3.5806730000000004,7600
8451,2006-10-23,6.225,6.225,6.155,6.175,3.543375,5600
8452,2006-10-24,6.125,6.13,6.025,6.125,3.5146830000000002,15600
8453,2006-10-25,6.135,6.195,6.135,6.195,3.554852,3000
8454,2006-10-26,6.2,6.275,6.2,6.25,3.586412,25600
8455,2006-10-27,6.3,6.32,6.275,6.275,3.6007569999999998,2000
8456,2006-10-30,6.295,6.3,6.28,6.285,3.606496,6600
8457,2006-10-31,6.285,6.285,6.275,6.275,3.6007569999999998,5600
8458,2006-11-01,6.295,6.295,6.275,6.275,3.6007569999999998,6200
8459,2006-11-02,6.3,6.3,6.255,6.27,3.5978879999999998,1400
8460,2006-11-03,6.295,6.295,6.25,6.27,3.5978879999999998,3800
8461,2006-11-06,6.265,6.315,6.25,6.28,3.6036269999999995,34000
8462,2006-11-07,6.29,6.29,6.285,6.285,3.606496,5200
8463,2006-11-08,6.295,6.325,6.295,6.305,3.617972,1200
8464,2006-11-09,6.37,6.4,6.345,6.4,3.672485,2000
8465,2006-11-10,6.325,6.395,6.29,6.38,3.7000319999999998,21800
8466,2006-11-13,6.38,6.42,6.375,6.42,3.7232309999999997,3400
8467,2006-11-14,6.45,6.7,6.45,6.7,3.885614,26200
8468,2006-11-15,6.7,6.7,6.655,6.66,3.8624169999999998,14000
8469,2006-11-16,6.695,6.695,6.62,6.62,3.8392180000000002,7800
8470,2006-11-17,6.61,6.645,6.555,6.645,3.8537160000000004,8400
8471,2006-11-20,6.645,6.65,6.6,6.65,3.8566160000000003,5200
8472,2006-11-21,6.65,6.65,6.6,6.63,3.84502,13000
8473,2006-11-22,6.63,6.63,6.63,6.63,3.84502,0
8474,2006-11-24,6.63,6.63,6.63,6.63,3.84502,0
8475,2006-11-27,6.6,6.625,6.55,6.56,3.8044230000000003,4600
8476,2006-11-28,6.575,6.575,6.53,6.57,3.810221,2000
8477,2006-11-29,6.55,6.575,6.55,6.575,3.8131209999999998,600
8478,2006-11-30,6.55,6.625,6.55,6.625,3.8421190000000003,6600
8479,2006-12-01,6.6,6.675,6.6,6.665,3.8653160000000004,5600
8480,2006-12-04,6.625,6.625,6.605,6.625,3.8421190000000003,6000
8481,2006-12-05,6.645,6.645,6.555,6.555,3.8015209999999997,8400
8482,2006-12-06,6.5,6.5,6.455,6.46,3.746428,5400
8483,2006-12-07,6.395,6.425,6.38,6.425,3.7261290000000002,5400
8484,2006-12-08,6.4,6.45,6.375,6.45,3.740629,6800
8485,2006-12-11,6.4,6.4,6.38,6.38,3.7000319999999998,1600
8486,2006-12-12,6.375,6.375,6.35,6.35,3.682635,2200
8487,2006-12-13,6.325,6.345,6.325,6.345,3.679734,800
8488,2006-12-14,6.325,6.34,6.26,6.33,3.671035,7400
8489,2006-12-15,6.275,6.37,6.275,6.275,3.639139,15200
8490,2006-12-18,6.26,6.32,6.255,6.305,3.656536,11200
8491,2006-12-19,6.32,6.35,5.695,6.295,3.6507379999999996,25000
8492,2006-12-20,6.3,6.37,6.225,6.37,3.694233,15400
8493,2006-12-21,6.4,6.42,6.385,6.42,3.7232309999999997,6000
8494,2006-12-22,6.4,6.45,6.4,6.45,3.740629,1000
8495,2006-12-26,6.44,6.475,6.44,6.475,3.755126,2200
8496,2006-12-27,6.48,6.495,6.475,6.475,3.755126,8000
8497,2006-12-28,6.43,6.495,6.43,6.495,3.7667260000000002,2600
8498,2006-12-29,6.46,6.47,6.405,6.405,3.7145330000000003,2400
8499,2007-01-03,6.4,6.4,6.275,6.35,3.682635,11600
8500,2007-01-04,6.305,6.375,6.25,6.25,3.6246400000000003,15200
8501,2007-01-05,6.2,6.35,6.18,6.35,3.682635,8200
8502,2007-01-08,6.325,6.375,6.3,6.35,3.682635,3800
8503,2007-01-09,6.35,6.35,6.35,6.35,3.682635,0
8504,2007-01-10,6.305,6.325,6.3,6.305,3.656536,1600
8505,2007-01-11,6.255,6.32,6.225,6.225,3.6101419999999997,8600
8506,2007-01-12,6.175,6.25,6.175,6.25,3.6246400000000003,8000
8507,2007-01-16,6.225,6.4,6.225,6.4,3.7116309999999997,4800
8508,2007-01-17,6.4,6.4,6.4,6.4,3.7116309999999997,0
8509,2007-01-18,6.45,6.5,6.445,6.45,3.740629,3200
8510,2007-01-19,6.405,6.54,6.405,6.51,3.7754260000000004,3400
8511,2007-01-22,6.575,6.77,6.525,6.75,3.914611,25000
8512,2007-01-23,6.75,6.75,6.75,6.75,3.914611,400
8513,2007-01-24,6.705,6.715,6.655,6.7,3.885614,8400
8514,2007-01-25,6.675,6.675,6.63,6.67,3.8682160000000003,4200
8515,2007-01-26,6.63,6.67,6.575,6.625,3.8421190000000003,7400
8516,2007-01-29,6.625,6.625,6.45,6.46,3.746428,29600
8517,2007-01-30,6.46,6.46,6.46,6.46,3.746428,1400
8518,2007-01-31,6.475,6.575,6.44,6.575,3.8131209999999998,9400
8519,2007-02-01,6.525,6.55,6.46,6.515,3.778325,10600
8520,2007-02-02,6.475,6.475,6.325,6.37,3.694233,10800
8521,2007-02-05,6.325,6.425,6.325,6.425,3.7261290000000002,5600
8522,2007-02-06,6.38,6.43,6.38,6.39,3.705832,5800
8523,2007-02-07,6.375,6.375,6.35,6.37,3.694233,6800
8524,2007-02-08,6.37,6.37,6.37,6.37,3.694233,0
8525,2007-02-09,6.265,6.34,6.25,6.34,3.7162129999999998,2200
8526,2007-02-12,6.25,6.365,6.2,6.365,3.7308660000000002,26600
8527,2007-02-13,6.29,6.37,6.29,6.325,3.707421,5000
8528,2007-02-14,6.415,6.5,6.4,6.5,3.809999,9200
8529,2007-02-15,6.465,6.465,6.425,6.445,3.777761,4200
8530,2007-02-16,6.45,6.45,6.405,6.45,3.7806919999999997,14000
8531,2007-02-20,6.425,6.425,6.25,6.295,3.6898370000000003,11800
8532,2007-02-21,6.3,6.305,6.295,6.3,3.692768,4600
8533,2007-02-22,6.27,6.345,6.27,6.295,3.6898370000000003,19400
8534,2007-02-23,6.265,6.3,6.26,6.3,3.692768,12400
8535,2007-02-26,6.3,6.4,6.25,6.38,3.739661,21800
8536,2007-02-27,6.375,6.44,6.375,6.385,3.7425910000000004,37000
8537,2007-02-28,6.4,6.46,6.395,6.395,3.748453,15400
8538,2007-03-01,6.4,6.42,6.175,6.375,3.736729,49600
8539,2007-03-02,6.37,6.375,6.3,6.35,3.7220760000000004,4400
8540,2007-03-05,6.275,6.375,6.275,6.325,3.707421,22800
8541,2007-03-06,6.35,6.395,6.35,6.395,3.748453,8000
8542,2007-03-07,6.395,6.415,6.365,6.415,3.7601760000000004,6600
8543,2007-03-08,6.38,6.385,6.38,6.385,3.7425910000000004,400
8544,2007-03-09,6.395,6.62,6.39,6.525,3.8246519999999995,59800
8545,2007-03-12,6.53,6.56,6.475,6.475,3.795343,34400
8546,2007-03-13,6.5,6.62,6.4,6.4,3.751383,28600
8547,2007-03-14,6.375,6.425,6.355,6.355,3.725007,18200
8548,2007-03-15,6.35,6.44,6.35,6.375,3.736729,10800
8549,2007-03-16,6.375,6.445,6.35,6.4,3.751383,8200
8550,2007-03-19,6.375,6.495,6.375,6.415,3.7601760000000004,66400
8551,2007-03-20,6.38,6.475,6.31,6.405,3.754316,55800
8552,2007-03-21,6.43,6.47,6.38,6.425,3.7660370000000003,41000
8553,2007-03-22,6.43,6.495,6.39,6.475,3.795343,8000
8554,2007-03-23,6.45,6.495,6.425,6.445,3.777761,9600
8555,2007-03-26,6.445,6.475,6.425,6.425,3.7660370000000003,5200
8556,2007-03-27,6.445,6.445,6.43,6.445,3.777761,7200
8557,2007-03-28,6.41,6.445,6.41,6.42,3.7631069999999998,3000
8558,2007-03-29,6.445,6.495,6.42,6.42,3.7631069999999998,35200
8559,2007-03-30,6.415,6.5,6.405,6.41,3.7572449999999997,6200
8560,2007-04-02,6.445,6.45,6.445,6.445,3.777761,1200
8561,2007-04-03,6.445,6.445,6.355,6.42,3.7631069999999998,15400
8562,2007-04-04,6.415,6.44,6.385,6.4,3.751383,5600
8563,2007-04-05,6.42,6.47,6.39,6.425,3.7660370000000003,7400
8564,2007-04-09,6.425,6.445,6.375,6.445,3.777761,4200
8565,2007-04-10,6.395,6.45,6.375,6.405,3.754316,10200
8566,2007-04-11,6.425,6.45,6.415,6.44,3.77483,5000
8567,2007-04-12,6.45,6.45,6.425,6.45,3.7806919999999997,11600
8568,2007-04-13,6.4,6.475,6.375,6.45,3.7806919999999997,6800
8569,2007-04-16,6.43,6.45,6.425,6.43,3.768968,4400
8570,2007-04-17,6.375,6.41,6.375,6.405,3.754316,3600
8571,2007-04-18,6.425,6.425,6.38,6.395,3.748453,10800
8572,2007-04-19,6.395,6.395,6.305,6.33,3.710351,6800
8573,2007-04-20,6.325,6.4,6.255,6.305,3.695699,16000
8574,2007-04-23,6.3,6.33,6.265,6.33,3.710351,2600
8575,2007-04-24,6.35,6.4,6.35,6.4,3.751383,3000
8576,2007-04-25,6.375,6.5,6.375,6.5,3.809999,4600
8577,2007-04-26,6.49,6.5,6.49,6.5,3.809999,600
8578,2007-04-27,6.49,6.49,6.49,6.49,3.8041370000000003,200
8579,2007-04-30,6.48,6.48,6.48,6.48,3.798275,2000
8580,2007-05-01,6.495,6.575,6.46,6.475,3.795343,12000
8581,2007-05-02,6.355,6.435,6.3,6.4,3.751383,50600
8582,2007-05-03,6.38,6.425,6.38,6.425,3.7660370000000003,2400
8583,2007-05-04,6.425,6.475,6.38,6.425,3.7660370000000003,7400
8584,2007-05-07,6.405,6.5,6.405,6.5,3.809999,1800
8585,2007-05-08,6.45,6.5,6.45,6.5,3.809999,600
8586,2007-05-09,6.475,6.55,6.475,6.525,3.8246519999999995,1600
8587,2007-05-10,6.455,6.525,6.455,6.525,3.8246519999999995,4000
8588,2007-05-11,6.5,6.5,6.425,6.45,3.7806919999999997,14600
8589,2007-05-14,6.38,6.425,6.38,6.38,3.779209,600
8590,2007-05-15,6.33,6.43,6.325,6.325,3.74663,7000
8591,2007-05-16,6.275,6.35,6.275,6.35,3.7614400000000003,6000
8592,2007-05-17,6.35,6.39,6.35,6.39,3.7851339999999998,600
8593,2007-05-18,6.41,6.525,6.41,6.525,3.865101,6400
8594,2007-05-21,6.5,6.51,6.5,6.51,3.856218,1400
8595,2007-05-22,6.525,6.525,6.485,6.51,3.856218,1400
8596,2007-05-23,6.515,6.525,6.45,6.475,3.835483,9200
8597,2007-05-24,6.4,6.45,6.4,6.45,3.820674,800
8598,2007-05-25,6.425,6.425,6.425,6.425,3.8058660000000004,2200
8599,2007-05-29,6.4,6.4,6.4,6.4,3.791058,47600
8600,2007-05-30,6.425,6.425,6.375,6.425,3.8058660000000004,4000
8601,2007-05-31,6.4,6.425,6.4,6.425,3.8058660000000004,3200
8602,2007-06-01,6.42,6.42,6.325,6.35,3.7614400000000003,20000
8603,2007-06-04,6.35,6.4,6.35,6.4,3.791058,2200
8604,2007-06-05,6.36,6.36,6.3,6.325,3.74663,24400
8605,2007-06-06,6.3,6.35,6.3,6.31,3.737746,9200
8606,2007-06-07,6.3,6.3,6.21,6.26,3.7081269999999997,14800
8607,2007-06-08,6.25,6.3,6.245,6.245,3.699242,14600
8608,2007-06-11,6.22,6.225,6.175,6.225,3.687396,9600
8609,2007-06-12,6.2,6.225,6.175,6.225,3.687396,8200
8610,2007-06-13,6.25,6.275,6.25,6.275,3.717015,1600
8611,2007-06-14,6.3,6.325,6.3,6.325,3.74663,1200
8612,2007-06-15,6.315,6.35,6.315,6.35,3.7614400000000003,2000
8613,2007-06-18,6.34,6.345,6.325,6.345,3.7584779999999998,5000
8614,2007-06-19,6.325,6.35,6.3,6.35,3.7614400000000003,16200
8615,2007-06-20,6.275,6.35,6.275,6.325,3.74663,9800
8616,2007-06-21,6.325,6.73,6.325,6.325,3.74663,12400
8617,2007-06-22,6.425,6.425,6.35,6.35,3.7614400000000003,13800
8618,2007-06-25,6.375,6.375,6.33,6.33,3.749592,14800
8619,2007-06-26,6.29,6.31,6.29,6.31,3.737746,6200
8620,2007-06-27,6.325,6.365,6.325,6.365,3.770324,2200
8621,2007-06-28,6.35,6.4,6.325,6.4,3.791058,9200
8622,2007-06-29,6.375,6.525,6.35,6.525,3.865101,19800
8623,2007-07-02,6.525,6.625,6.525,6.625,3.9243370000000004,7800
8624,2007-07-03,6.615,6.65,6.615,6.615,3.9184120000000005,2000
8625,2007-07-05,6.625,6.625,6.525,6.55,3.879911,12200
8626,2007-07-06,6.55,6.55,6.515,6.515,3.859177,2800
8627,2007-07-09,6.5,6.54,6.5,6.54,3.873986,400
8628,2007-07-10,6.515,6.515,6.49,6.49,3.8443690000000004,1400
8629,2007-07-11,6.465,6.475,6.465,6.465,3.829561,1200
8630,2007-07-12,6.465,6.465,6.465,6.465,3.829561,0
8631,2007-07-13,6.465,6.49,6.415,6.47,3.832522,3200
8632,2007-07-16,6.445,6.47,6.445,6.47,3.832522,400
8633,2007-07-17,6.425,6.44,6.425,6.425,3.8058660000000004,24600
8634,2007-07-18,6.425,6.425,6.425,6.425,3.8058660000000004,1400
8635,2007-07-19,6.425,6.44,6.425,6.425,3.8058660000000004,2400
8636,2007-07-20,6.415,6.42,6.415,6.42,3.8029040000000003,600
8637,2007-07-23,6.42,6.42,6.42,6.42,3.8029040000000003,0
8638,2007-07-24,6.395,6.395,6.25,6.25,3.702205,16000
8639,2007-07-25,6.205,6.205,6.175,6.2,3.6725879999999997,1600
8640,2007-07-26,6.175,6.2,6.125,6.175,3.657778,14800
8641,2007-07-27,6.2,6.2,6.15,6.2,3.6725879999999997,6000
8642,2007-07-30,6.19,6.19,6.15,6.19,3.666664,1200
8643,2007-07-31,6.175,6.2,6.175,6.185,3.663701,2400
8644,2007-08-01,6.165,6.225,6.165,6.225,3.687396,2400
8645,2007-08-02,6.185,6.225,6.175,6.195,3.6696239999999998,3200
8646,2007-08-03,6.2,6.225,6.175,6.175,3.657778,3000
8647,2007-08-06,6.19,6.19,5.95,6.0,3.5541169999999997,14200
8648,2007-08-07,6.045,6.05,6.0,6.0,3.5541169999999997,1200
8649,2007-08-08,5.975,6.025,5.975,6.0,3.5541169999999997,5600
8650,2007-08-09,5.805,5.95,5.76,5.95,3.564601,60600
8651,2007-08-10,5.95,5.95,5.86,5.9,3.534646,1400
8652,2007-08-13,5.925,5.925,5.725,5.725,3.4298050000000004,20000
8653,2007-08-14,5.75,5.775,5.725,5.775,3.4597589999999996,5000
8654,2007-08-15,5.725,5.785,5.725,5.785,3.46575,11400
8655,2007-08-16,5.75,5.775,5.75,5.75,3.444782,8800
8656,2007-08-17,5.21,5.9,5.205,5.85,3.5046910000000002,10000
8657,2007-08-20,5.865,5.875,5.85,5.87,3.5166730000000004,6200
8658,2007-08-21,5.85,5.9,5.775,5.775,3.4597589999999996,11800
8659,2007-08-22,5.82,5.82,5.75,5.75,3.444782,2200
8660,2007-08-23,5.775,5.925,5.775,5.9,3.534646,38200
8661,2007-08-24,5.875,5.89,5.825,5.875,3.5196669999999997,33000
8662,2007-08-27,5.9,5.9,5.825,5.875,3.5196669999999997,5600
8663,2007-08-28,5.86,5.9,5.8,5.8,3.474737,6000
8664,2007-08-29,5.81,5.85,5.81,5.85,3.5046910000000002,3600
8665,2007-08-30,5.85,5.85,5.85,5.85,3.5046910000000002,0
8666,2007-08-31,5.85,5.875,5.825,5.87,3.5166730000000004,24000
8667,2007-09-04,5.85,5.85,5.8,5.85,3.5046910000000002,1600
8668,2007-09-05,5.8,5.875,5.8,5.815,3.4837230000000003,7200
8669,2007-09-06,5.8,5.82,5.8,5.82,3.486718,1400
8670,2007-09-07,5.75,5.825,5.75,5.825,3.4897139999999998,5600
8671,2007-09-10,5.825,5.85,5.825,5.85,3.5046910000000002,12200
8672,2007-09-11,5.875,5.925,5.875,5.925,3.5496239999999997,4000
8673,2007-09-12,5.95,6.05,5.95,6.05,3.6245089999999998,7000
8674,2007-09-13,6.005,6.075,6.0,6.05,3.6245089999999998,4600
8675,2007-09-14,6.05,6.05,6.05,6.05,3.6245089999999998,0
8676,2007-09-17,6.05,6.15,6.025,6.15,3.684418,15800
8677,2007-09-18,6.195,6.2,6.165,6.165,3.693407,1800
8678,2007-09-19,6.2,6.325,6.2,6.325,3.7892589999999995,9800
8679,2007-09-20,6.3,6.3,6.2,6.25,3.744329,7600
8680,2007-09-21,6.25,6.25,6.25,6.25,3.744329,1600
8681,2007-09-24,6.205,6.25,6.205,6.25,3.744329,1400
8682,2007-09-25,6.25,6.275,6.2,6.25,3.744329,3000
8683,2007-09-26,6.225,6.225,6.2,6.225,3.7293510000000003,3200
8684,2007-09-27,6.15,6.225,6.125,6.125,3.6694419999999996,4200
8685,2007-09-28,6.16,6.16,6.115,6.115,3.6634510000000002,2400
8686,2007-10-01,6.12,6.12,6.075,6.075,3.6394870000000004,3600
8687,2007-10-02,6.035,6.075,6.025,6.075,3.6394870000000004,2000
8688,2007-10-03,6.1,6.105,6.055,6.105,3.65746,6800
8689,2007-10-04,6.08,6.08,6.05,6.075,3.6394870000000004,2600
8690,2007-10-05,6.025,6.025,6.0,6.025,3.609532,4200
8691,2007-10-08,6.025,6.05,6.025,6.05,3.6245089999999998,3000
8692,2007-10-09,6.06,6.085,6.06,6.085,3.6454779999999998,1400
8693,2007-10-10,6.065,6.065,5.84,5.975,3.5795779999999997,11600
8694,2007-10-11,5.97,6.0,5.97,6.0,3.594556,2000
8695,2007-10-12,5.985,6.025,5.985,6.025,3.609532,1800
8696,2007-10-15,6.0,6.03,5.98,6.025,3.609532,10600
8697,2007-10-16,6.025,6.025,6.025,6.025,3.609532,0
8698,2007-10-17,6.0,6.075,5.95,6.075,3.6394870000000004,17200
8699,2007-10-18,6.025,6.09,6.015,6.09,3.6484730000000005,19800
8700,2007-10-19,6.125,6.175,6.1,6.175,3.699396,9200
8701,2007-10-22,6.15,6.225,6.15,6.225,3.7293510000000003,18000
8702,2007-10-23,6.175,6.375,6.125,6.375,3.8192150000000002,69200
8703,2007-10-24,6.35,6.445,6.35,6.445,3.86115,2000
8704,2007-10-25,6.425,6.575,6.41,6.575,3.9390339999999995,24400
8705,2007-10-26,6.575,6.775,6.495,6.77,4.055858,38600
8706,2007-10-29,6.75,6.8,6.675,6.675,3.998943,27000
8707,2007-10-30,6.675,6.675,6.65,6.65,3.983964,4200
8708,2007-10-31,6.625,6.65,6.61,6.65,3.983964,20800
8709,2007-11-01,6.63,6.645,6.6,6.6,3.95401,9200
8710,2007-11-02,6.575,6.575,6.55,6.55,3.924057,3400
8711,2007-11-05,6.525,6.525,6.45,6.46,3.870137,6000
8712,2007-11-06,6.495,6.495,6.35,6.35,3.804237,6400
8713,2007-11-07,6.34,6.365,6.335,6.335,3.79525,800
8714,2007-11-08,6.3,6.35,6.3,6.35,3.845208,2800
8715,2007-11-09,6.325,6.325,6.26,6.26,3.7907089999999997,5200
8716,2007-11-12,6.3,6.3,6.225,6.225,3.7695160000000003,5400
8717,2007-11-13,6.21,6.25,6.175,6.175,3.739238,3000
8718,2007-11-14,6.225,6.24,6.225,6.24,3.778598,400
8719,2007-11-15,6.23,6.23,6.175,6.225,3.7695160000000003,1400
8720,2007-11-16,6.2,6.2,6.2,6.2,3.754378,200
8721,2007-11-19,5.965,6.15,5.965,6.15,3.724099,2200
8722,2007-11-20,6.115,6.14,6.1,6.115,3.7029059999999996,51400
8723,2007-11-21,6.115,6.115,6.115,6.115,3.7029059999999996,400
8724,2007-11-23,6.1,6.1,6.1,6.1,3.6938230000000005,400
8725,2007-11-26,5.95,5.95,5.625,5.675,3.4364660000000002,22000
8726,2007-11-27,5.675,5.7,5.65,5.7,3.451604,2000
8727,2007-11-28,5.63,5.715,5.63,5.65,3.421328,8000
8728,2007-11-29,5.615,5.615,5.575,5.575,3.375911,2400
8729,2007-11-30,5.6,5.65,5.55,5.65,3.421328,4200
8730,2007-12-03,5.65,5.65,5.65,5.65,3.421328,600
8731,2007-12-04,5.65,5.65,5.65,5.65,3.421328,0
8732,2007-12-05,5.6,5.6,5.57,5.575,3.375911,1400
8733,2007-12-06,5.585,5.59,5.585,5.59,3.3849949999999995,3400
8734,2007-12-07,5.58,5.625,5.55,5.6,3.391051,4200
8735,2007-12-10,5.6,5.6,5.6,5.6,3.391051,0
8736,2007-12-11,5.55,5.55,5.45,5.5,3.330496,14000
8737,2007-12-12,5.5,5.525,5.45,5.525,3.3456339999999996,7800
8738,2007-12-13,5.55,5.675,5.515,5.675,3.4364660000000002,10400
8739,2007-12-14,5.625,5.625,5.575,5.6,3.391051,8400
8740,2007-12-17,5.625,5.675,5.5,5.5,3.330496,10000
8741,2007-12-18,5.565,5.565,5.355,5.355,3.2426909999999998,13000
8742,2007-12-19,5.32,5.35,5.275,5.325,3.224525,3000
8743,2007-12-20,5.25,5.35,5.225,5.225,3.163969,9600
8744,2007-12-21,5.225,5.275,5.2,5.25,3.1791099999999997,5400
8745,2007-12-24,5.275,5.29,5.17,5.17,3.130666,8200
8746,2007-12-26,4.755,5.15,4.755,5.1,3.088278,4600
8747,2007-12-27,4.69,5.07,4.69,5.05,3.057999,13000
8748,2007-12-28,5.005,5.005,4.925,4.93,2.985335,17200
8749,2007-12-31,4.93,5.0,4.875,4.975,3.012585,10000
8750,2008-01-02,4.86,4.925,4.86,4.925,2.982308,32800
8751,2008-01-03,4.94,4.975,4.89,4.975,3.012585,19000
8752,2008-01-04,4.975,4.975,4.905,4.92,2.9792799999999997,41000
8753,2008-01-07,5.32,5.32,4.95,5.0,3.027723,10600
8754,2008-01-08,4.97,5.025,4.925,4.925,2.982308,30000
8755,2008-01-09,4.92,4.94,4.895,4.91,2.973224,6800
8756,2008-01-10,4.855,4.975,4.855,4.975,3.012585,10600
8757,2008-01-11,5.005,5.15,4.98,5.15,3.1185549999999997,35200
8758,2008-01-14,5.15,5.2,4.925,4.925,2.982308,27400
8759,2008-01-15,4.905,4.905,4.8,4.8,2.906614,23400
8760,2008-01-16,4.725,4.75,4.625,4.625,2.800643,14000
8761,2008-01-17,4.6,4.625,4.575,4.575,2.770366,20800
8762,2008-01-18,4.605,4.625,4.225,4.3,2.603843,38600
8763,2008-01-22,4.2,4.375,4.2,4.375,2.649258,11400
8764,2008-01-23,4.34,4.35,4.305,4.35,2.6341189999999997,5800
8765,2008-01-24,4.375,4.425,4.355,4.4,2.664396,9000
8766,2008-01-25,4.42,4.42,4.4,4.42,2.676508,2800
8767,2008-01-28,4.375,4.42,4.36,4.42,2.676508,10800
8768,2008-01-29,4.425,4.52,4.4,4.52,2.737062,12000
8769,2008-01-30,4.505,4.55,4.505,4.55,2.755228,2400
8770,2008-01-31,4.575,4.59,4.56,4.58,2.7733939999999997,30200
8771,2008-02-01,4.555,4.65,4.555,4.6,2.785505,6400
8772,2008-02-04,4.585,4.6,4.575,4.59,2.77945,3400
8773,2008-02-05,4.625,4.625,4.575,4.625,2.800643,14000
8774,2008-02-06,4.6,4.625,4.575,4.575,2.770366,2400
8775,2008-02-07,4.61,4.61,4.61,4.61,2.791561,800
8776,2008-02-08,4.635,4.65,4.59,4.65,2.815783,1400
8777,2008-02-11,4.6,4.7,4.6,4.7,2.887983,7800
8778,2008-02-12,4.665,4.7,4.65,4.65,2.857259,4000
8779,2008-02-13,4.72,4.765,4.65,4.7,2.887983,5600
8780,2008-02-14,4.7,4.7,4.65,4.65,2.857259,5800
8781,2008-02-15,4.65,4.675,4.65,4.675,2.872621,2400
8782,2008-02-19,4.725,4.75,4.65,4.65,2.857259,8600
8783,2008-02-20,4.635,4.69,4.6,4.6,2.826535,6800
8784,2008-02-21,4.625,4.65,4.625,4.65,2.857259,1200
8785,2008-02-22,4.6,4.6,4.56,4.56,2.801957,5600
8786,2008-02-25,4.6,4.625,4.52,4.625,2.8418959999999998,20000
8787,2008-02-26,4.575,4.625,4.55,4.55,2.7958119999999997,3200
8788,2008-02-27,4.625,4.675,4.625,4.63,2.84497,600
8789,2008-02-28,4.675,4.97,4.675,4.935,3.032381,16800
8790,2008-02-29,4.925,4.95,4.895,4.895,3.007803,1200
8791,2008-03-03,4.805,4.995,4.805,4.91,3.01702,21000
8792,2008-03-04,4.96,4.96,4.9,4.9,3.0108740000000003,600
8793,2008-03-05,4.95,4.95,4.95,4.95,3.041598,200
8794,2008-03-06,4.895,4.895,4.735,4.785,2.940212,30600
8795,2008-03-07,4.75,4.78,4.745,4.78,2.9371400000000003,2200
8796,2008-03-10,4.8,4.825,4.75,4.75,2.918705,2600
8797,2008-03-11,4.725,4.76,4.7,4.73,2.906416,2600
8798,2008-03-12,4.725,4.725,4.725,4.725,2.903343,400
8799,2008-03-13,4.345,4.69,4.345,4.69,2.881838,13800
8800,2008-03-14,4.67,4.71,4.625,4.675,2.872621,28800
8801,2008-03-17,4.64,4.65,4.575,4.575,2.811173,6200
8802,2008-03-18,4.55,4.565,4.5,4.5,2.7650900000000003,3000
8803,2008-03-19,4.455,4.455,4.065,4.135,2.54081,41000
8804,2008-03-20,4.27,4.27,4.145,4.175,2.565388,8000
8805,2008-03-24,4.16,4.285,4.16,4.205,2.583822,6800
8806,2008-03-25,4.23,4.54,4.23,4.54,2.789669,14000
8807,2008-03-26,4.55,4.575,4.55,4.575,2.811173,3600
8808,2008-03-27,4.575,4.68,4.53,4.68,2.875693,16800
8809,2008-03-28,4.725,4.92,4.725,4.92,3.023164,16200
8810,2008-03-31,4.975,4.995,4.94,4.995,3.069249,2000
8811,2008-04-01,4.915,5.045,4.665,4.95,3.041598,12400
8812,2008-04-02,4.94,5.0,4.775,4.945,3.038525,3800
8813,2008-04-03,4.775,4.95,4.675,4.675,2.872621,12000
8814,2008-04-04,4.875,4.875,4.735,4.735,2.9094889999999998,3000
8815,2008-04-07,4.75,4.75,4.105,4.575,2.811173,23200
8816,2008-04-08,4.59,4.65,4.555,4.65,2.857259,6000
8817,2008-04-09,4.625,4.85,4.575,4.85,2.9801509999999998,23200
8818,2008-04-10,4.855,4.855,4.82,4.85,2.9801509999999998,10600
8819,2008-04-11,4.925,5.045,4.85,5.045,3.099973,3800
8820,2008-04-14,4.965,5.08,4.755,5.06,3.1091900000000003,22200
8821,2008-04-15,4.77,5.045,4.77,4.93,3.029309,2600
8822,2008-04-16,4.855,5.0,4.775,5.0,3.072321,15800
8823,2008-04-17,4.995,4.995,4.995,4.995,3.069249,200
8824,2008-04-18,5.0,5.0,4.8,4.8,2.9494290000000003,4200
8825,2008-04-21,4.77,4.77,4.77,4.77,2.9309939999999997,600
8826,2008-04-22,4.775,4.775,4.775,4.775,2.934068,1800
8827,2008-04-23,4.765,4.765,4.72,4.72,2.900272,400
8828,2008-04-24,4.66,4.665,4.445,4.575,2.811173,11400
8829,2008-04-25,4.565,4.585,4.46,4.51,2.771234,14200
8830,2008-04-28,4.5,4.56,4.5,4.56,2.801957,5600
8831,2008-04-29,4.535,4.64,4.51,4.64,2.851114,1200
8832,2008-04-30,4.7,4.7,4.615,4.615,2.835752,3400
8833,2008-05-01,4.615,4.615,4.615,4.615,2.835752,0
8834,2008-05-02,4.625,4.675,4.575,4.61,2.83268,25400
8835,2008-05-05,4.595,4.66,4.51,4.6,2.826535,43800
8836,2008-05-06,4.575,4.64,4.55,4.555,2.798884,21400
8837,2008-05-07,4.595,4.635,4.55,4.55,2.7958119999999997,39600
8838,2008-05-08,4.605,4.635,4.55,4.56,2.801957,10000
8839,2008-05-09,4.57,4.74,4.57,4.6,2.826535,21800
8840,2008-05-12,4.615,4.66,4.615,4.66,2.906045,2200
8841,2008-05-13,4.61,4.65,4.61,4.63,2.887339,5800
8842,2008-05-14,4.645,4.65,4.58,4.585,2.859276,7200
8843,2008-05-15,4.62,4.625,4.6,4.615,2.877983,6400
8844,2008-05-16,4.64,4.64,4.565,4.565,2.846802,6600
8845,2008-05-19,4.525,4.595,4.525,4.595,2.865511,1800
8846,2008-05-20,4.545,4.635,4.545,4.57,2.84992,186200
8847,2008-05-21,4.515,4.65,4.5,4.575,2.853039,11000
8848,2008-05-22,4.625,4.63,4.58,4.595,2.865511,5200
8849,2008-05-23,4.54,4.62,4.505,4.62,2.881102,2600
8850,2008-05-27,4.485,4.625,4.485,4.575,2.853039,8800
8851,2008-05-28,4.61,4.64,4.6,4.6,2.868629,7400
8852,2008-05-29,4.64,4.64,4.575,4.595,2.865511,7800
8853,2008-05-30,4.5,4.6,4.5,4.53,2.824977,12400
8854,2008-06-02,4.525,4.525,4.415,4.49,2.800032,16400
8855,2008-06-03,4.495,4.59,4.45,4.47,2.78756,10400
8856,2008-06-04,4.525,4.525,4.465,4.495,2.80315,5600
8857,2008-06-05,4.48,4.48,4.48,4.48,2.793796,200
8858,2008-06-06,4.39,4.5,4.385,4.415,2.753261,4400
8859,2008-06-09,4.485,4.485,4.405,4.465,2.784441,11400
8860,2008-06-10,4.45,4.45,4.45,4.45,2.775087,1200
8861,2008-06-11,4.485,4.485,4.475,4.485,2.796914,145000
8862,2008-06-12,4.435,4.485,4.435,4.45,2.775087,14800
8863,2008-06-13,4.41,4.48,4.41,4.425,2.759496,4600
8864,2008-06-16,4.405,4.425,4.375,4.375,2.728316,4000
8865,2008-06-17,4.38,4.435,4.315,4.36,2.718962,5400
8866,2008-06-18,4.345,4.365,4.32,4.365,2.72208,12000
8867,2008-06-19,4.37,4.375,4.37,4.375,2.728316,800
8868,2008-06-20,4.415,4.455,4.375,4.375,2.728316,9800
8869,2008-06-23,4.405,4.415,4.38,4.415,2.753261,5400
8870,2008-06-24,4.495,4.495,4.405,4.44,2.7688509999999997,5400
8871,2008-06-25,4.49,4.5,4.485,4.5,2.806268,3000
8872,2008-06-26,4.405,4.68,4.375,4.505,2.809387,11600
8873,2008-06-27,4.4,4.42,4.375,4.42,2.756379,4800
8874,2008-06-30,4.495,4.495,4.33,4.355,2.7158439999999997,4000
8875,2008-07-01,4.365,4.5,4.365,4.45,2.775087,5600
8876,2008-07-02,4.495,4.5,4.425,4.425,2.759496,7200
8877,2008-07-03,4.475,4.475,4.4,4.415,2.753261,3400
8878,2008-07-07,4.49,4.5,4.32,4.445,2.77197,16600
8879,2008-07-08,4.495,4.5,4.4,4.45,2.775087,15600
8880,2008-07-09,4.49,4.495,4.415,4.415,2.753261,3200
8881,2008-07-10,4.475,4.475,4.28,4.3,2.681546,6800
8882,2008-07-11,4.26,4.495,4.235,4.485,2.796914,8000
8883,2008-07-14,4.495,4.495,4.23,4.315,2.6908990000000004,5000
8884,2008-07-15,4.33,4.33,4.28,4.28,2.669073,2600
8885,2008-07-16,4.25,4.49,4.25,4.49,2.800032,4200
8886,2008-07-17,4.425,4.495,4.4,4.44,2.7688509999999997,6800
8887,2008-07-18,4.475,4.475,4.475,4.475,2.7906779999999998,200
8888,2008-07-21,4.375,4.495,4.375,4.495,2.80315,5400
8889,2008-07-22,4.365,4.48,4.325,4.445,2.77197,6800
8890,2008-07-23,4.45,4.475,4.45,4.475,2.7906779999999998,1400
8891,2008-07-24,4.505,4.505,4.475,4.505,2.809387,10000
8892,2008-07-25,4.5,4.525,4.5,4.525,2.821859,4200
8893,2008-07-28,4.46,4.495,4.405,4.425,2.759496,3000
8894,2008-07-29,4.475,4.485,4.375,4.39,2.7376709999999997,3000
8895,2008-07-30,4.435,4.44,4.435,4.44,2.7688509999999997,5000
8896,2008-07-31,4.47,4.515,4.47,4.5,2.806268,4200
8897,2008-08-01,4.515,4.52,4.515,4.52,2.81874,1600
8898,2008-08-04,4.525,4.55,4.5,4.53,2.824977,5600
8899,2008-08-05,4.55,4.6,4.5,4.595,2.865511,11800
8900,2008-08-06,4.595,4.595,4.595,4.595,2.865511,4000
8901,2008-08-07,4.625,4.695,4.585,4.585,2.859276,2600
8902,2008-08-08,4.65,4.75,4.65,4.75,2.962171,2000
8903,2008-08-11,4.565,4.865,4.565,4.775,3.020689,7600
8904,2008-08-12,4.75,4.75,4.73,4.73,2.99222,2200
8905,2008-08-13,4.825,4.875,4.75,4.75,3.093155,11600
8906,2008-08-14,4.68,4.85,4.675,4.685,3.050828,4200
8907,2008-08-15,4.67,4.8,4.67,4.8,3.125715,7000
8908,2008-08-18,4.89,4.98,4.795,4.8,3.125715,9000
8909,2008-08-19,4.85,4.97,4.755,4.855,3.16153,16800
8910,2008-08-20,4.85,4.95,4.805,4.905,3.19409,9800
8911,2008-08-21,4.9,4.92,4.8,4.915,3.200602,9800
8912,2008-08-22,4.9,5.085,4.9,5.06,3.2950239999999997,7000
8913,2008-08-25,4.955,5.065,4.955,5.03,3.275489,6200
8914,2008-08-26,5.075,5.17,5.025,5.075,3.304792,4400
8915,2008-08-27,5.13,5.25,5.06,5.25,3.4187510000000003,7600
8916,2008-08-28,5.25,5.25,5.1,5.1,3.321072,29200
8917,2008-08-29,5.125,5.255,5.1,5.245,3.4154949999999995,9800
8918,2008-09-02,5.41,5.41,5.15,5.345,3.480614,5800
8919,2008-09-03,5.305,5.345,5.305,5.345,3.480614,14000
8920,2008-09-04,5.3,5.3,5.25,5.25,3.4187510000000003,8600
8921,2008-09-05,5.2,5.34,5.2,5.3,3.45131,5400
8922,2008-09-08,5.15,5.33,5.135,5.17,3.366656,16000
8923,2008-09-09,5.2,5.235,5.2,5.235,3.408983,7600
8924,2008-09-10,5.205,5.275,5.205,5.275,3.4350300000000002,3000
8925,2008-09-11,5.295,5.295,5.265,5.295,3.448054,4600
8926,2008-09-12,5.25,5.295,5.25,5.295,3.448054,14000
8927,2008-09-15,5.25,5.25,5.015,5.15,3.3536309999999996,3600
8928,2008-09-16,5.02,5.25,5.02,5.25,3.4187510000000003,7000
8929,2008-09-17,5.25,5.255,5.13,5.2,3.38619,14200
8930,2008-09-18,5.25,5.25,5.175,5.175,3.369911,4800
8931,2008-09-19,5.25,5.295,4.89,4.89,3.1843209999999997,17000
8932,2008-09-22,4.85,5.09,4.375,5.09,3.3145599999999997,8000
8933,2008-09-23,5.125,5.125,4.9,4.955,3.22665,7400
8934,2008-09-24,5.005,5.025,5.0,5.005,3.259209,30200
8935,2008-09-25,5.25,5.25,4.93,4.93,3.210369,12000
8936,2008-09-26,5.24,5.24,4.76,4.76,3.0996669999999997,12200
8937,2008-09-29,4.81,5.35,4.63,5.35,3.4838690000000003,35000
8938,2008-09-30,5.155,5.21,4.75,5.145,3.350375,3200
8939,2008-10-01,4.6,5.075,4.6,4.995,3.252697,12400
8940,2008-10-02,5.125,5.245,4.835,5.245,3.4154949999999995,1400
8941,2008-10-03,4.995,5.2,4.995,5.2,3.38619,3800
8942,2008-10-06,5.07,5.07,4.04,4.04,2.63081,27400
8943,2008-10-07,4.0,4.5,3.4,4.375,2.848959,24000
8944,2008-10-08,4.995,4.995,4.1,4.5,2.930357,15200
8945,2008-10-09,4.225,4.24,4.225,4.235,2.757791,800
8946,2008-10-10,4.155,4.225,3.93,4.125,2.686162,4600
8947,2008-10-13,4.495,4.5,4.32,4.32,2.813143,6400
8948,2008-10-14,4.6,4.6,4.545,4.55,2.962917,4400
8949,2008-10-15,4.365,4.365,4.36,4.36,2.8391900000000003,200400
8950,2008-10-16,4.375,4.5,4.085,4.5,2.930357,14400
8951,2008-10-17,4.5,4.5,4.495,4.5,2.930357,14400
8952,2008-10-20,4.6,4.75,4.205,4.5,2.930357,23600
8953,2008-10-21,4.395,4.75,4.395,4.75,3.093155,17000
8954,2008-10-22,4.705,4.86,4.57,4.605,2.998732,364200
8955,2008-10-23,4.515,4.555,4.38,4.5,2.930357,16600
8956,2008-10-24,4.295,4.295,4.18,4.245,2.764304,9400
8957,2008-10-27,4.35,4.415,4.245,4.415,2.875006,6200
8958,2008-10-28,4.33,4.48,4.26,4.475,2.914078,2800
8959,2008-10-29,4.035,4.55,4.035,4.55,2.962917,2600
8960,2008-10-30,4.625,4.685,4.455,4.685,3.050828,4200
8961,2008-10-31,4.81,5.0,4.8,5.0,3.255953,6600
8962,2008-11-03,4.99,5.3,4.945,5.1,3.321072,16200
8963,2008-11-04,4.955,4.995,4.955,4.995,3.252697,5800
8964,2008-11-05,5.025,5.025,5.025,5.025,3.272232,1000
8965,2008-11-06,5.065,5.065,5.0,5.0,3.255953,1000
8966,2008-11-07,5.03,5.04,4.99,4.99,3.249441,8200
8967,2008-11-10,4.985,4.99,4.985,4.985,3.2906980000000003,5800
8968,2008-11-11,4.75,4.96,4.75,4.96,3.274194,1600
8969,2008-11-12,4.515,4.98,4.515,4.98,3.2873989999999997,2600
8970,2008-11-13,4.995,5.0,4.995,5.0,3.3006010000000003,1800
8971,2008-11-14,5.02,5.025,4.75,4.75,3.13557,14400
8972,2008-11-17,4.7,4.7,4.55,4.65,3.0695580000000002,4200
8973,2008-11-18,4.73,4.775,4.73,4.775,3.1520740000000003,1000
8974,2008-11-19,4.725,4.725,4.54,4.54,2.996945,3600
8975,2008-11-20,4.52,4.625,4.465,4.465,2.947436,5200
8976,2008-11-21,4.39,4.39,3.805,3.805,2.511757,12800
8977,2008-11-24,4.0,4.0,3.5,3.94,2.600873,39400
8978,2008-11-25,4.0,4.23,3.885,4.0,2.6404799999999997,11800
8979,2008-11-26,4.355,4.45,4.355,4.375,2.888025,12000
8980,2008-11-28,4.4,4.4,4.4,4.4,2.904529,200
8981,2008-12-01,3.86,4.375,3.86,4.375,2.888025,3400
8982,2008-12-02,4.375,4.375,4.36,4.375,2.888025,3600
8983,2008-12-03,3.855,4.22,3.855,4.125,2.722995,3200
8984,2008-12-04,4.275,4.275,4.27,4.275,2.822013,2800
8985,2008-12-05,4.3,4.3,4.3,4.3,2.838517,2000
8986,2008-12-08,4.13,4.13,4.12,4.12,2.719694,1800
8987,2008-12-09,4.0,4.0,3.8,3.96,2.614075,13000
8988,2008-12-10,3.97,3.975,3.965,3.975,2.623977,9800
8989,2008-12-11,3.97,3.97,3.79,3.93,2.594271,800
8990,2008-12-12,4.135,4.135,4.135,4.135,2.729596,200
8991,2008-12-15,4.0,4.095,3.685,3.695,2.439143,10200
8992,2008-12-16,3.655,3.655,3.61,3.625,2.392935,7400
8993,2008-12-17,3.615,3.85,3.615,3.85,2.541462,7200
8994,2008-12-18,3.85,3.875,3.84,3.875,2.5579650000000003,5600
8995,2008-12-19,3.755,3.845,3.665,3.845,2.538162,9200
8996,2008-12-22,3.65,3.85,3.63,3.85,2.541462,3600
8997,2008-12-23,3.85,3.85,3.815,3.815,2.518358,400
8998,2008-12-24,3.815,3.815,3.815,3.815,2.518358,0
8999,2008-12-26,3.99,3.99,3.875,3.875,2.5579650000000003,1600
9000,2008-12-29,3.82,3.99,3.745,3.99,2.6338790000000003,10400
9001,2008-12-30,3.995,3.995,3.68,3.825,2.524959,2400
9002,2008-12-31,3.695,3.95,3.695,3.795,2.505156,3200
9003,2009-01-02,3.995,4.0,3.995,4.0,2.6404799999999997,1400
9004,2009-01-05,4.0,4.0,4.0,4.0,2.6404799999999997,0
9005,2009-01-06,4.1,4.13,4.1,4.125,2.722995,1600
9006,2009-01-07,4.2,4.2,4.13,4.13,2.726295,1200
9007,2009-01-08,4.13,4.13,4.13,4.13,2.726295,0
9008,2009-01-09,4.13,4.13,4.13,4.13,2.726295,0
9009,2009-01-12,3.955,4.15,3.95,4.005,2.643781,1000
9010,2009-01-13,3.905,4.15,3.905,4.15,2.7394979999999998,1400
9011,2009-01-14,4.135,4.545,4.055,4.545,3.000245,12600
9012,2009-01-15,4.495,4.55,4.495,4.55,3.003545,3600
9013,2009-01-16,4.38,4.47,4.13,4.465,2.947436,2000
9014,2009-01-20,4.465,4.465,4.465,4.465,2.947436,0
9015,2009-01-21,4.155,4.445,4.15,4.445,2.934234,600
9016,2009-01-22,4.5,4.59,4.25,4.585,3.02665,6400
9017,2009-01-23,4.375,4.575,4.375,4.575,3.020049,1400
9018,2009-01-26,4.545,4.545,4.545,4.545,3.000245,200
9019,2009-01-27,4.075,4.375,3.875,4.375,2.888025,1600
9020,2009-01-28,4.095,4.095,4.07,4.07,2.686688,1600
9021,2009-01-29,3.965,4.06,3.965,3.99,2.6338790000000003,3000
9022,2009-01-30,3.87,3.99,3.87,3.99,2.6338790000000003,7200
9023,2009-02-02,3.865,4.07,3.725,3.95,2.6074740000000003,7000
9024,2009-02-03,3.95,3.95,3.95,3.95,2.6074740000000003,0
9025,2009-02-04,3.75,3.91,3.725,3.9,2.5744689999999997,8000
9026,2009-02-05,3.9,3.975,3.835,3.97,2.620677,1600
9027,2009-02-06,4.0,4.0,3.79,3.945,2.604174,3000
9028,2009-02-09,3.875,3.875,3.845,3.85,2.541462,7200
9029,2009-02-10,3.725,3.8,3.625,3.625,2.392935,9000
9030,2009-02-11,3.935,3.935,3.635,3.695,2.439143,2200
9031,2009-02-12,3.925,3.925,3.775,3.78,2.495254,4800
9032,2009-02-13,3.605,3.77,3.41,3.77,2.5339009999999997,4000
9033,2009-02-17,3.53,3.535,3.525,3.525,2.369231,800
9034,2009-02-18,3.51,3.7,3.505,3.6,2.4196400000000002,800
9035,2009-02-19,3.745,3.745,3.485,3.49,2.3457060000000003,4000
9036,2009-02-20,3.5,3.5,3.44,3.5,2.3524279999999997,9000
9037,2009-02-23,3.445,3.475,3.235,3.45,2.318822,17000
9038,2009-02-24,3.095,3.375,3.095,3.265,2.1944790000000003,17600
9039,2009-02-25,3.415,3.415,3.11,3.25,2.184398,6000
9040,2009-02-26,3.35,3.35,3.35,3.35,2.251609,1200
9041,2009-02-27,3.1,3.295,3.095,3.295,2.214642,36600
9042,2009-03-02,3.36,3.36,2.945,3.195,2.147431,6400
9043,2009-03-03,2.995,3.1,2.855,2.95,1.9827599999999999,5800
9044,2009-03-04,2.85,2.875,2.825,2.825,1.8987450000000001,20600
9045,2009-03-05,2.75,2.82,2.53,2.795,1.878581,6800
9046,2009-03-06,2.75,2.75,2.675,2.69,1.808009,5200
9047,2009-03-09,2.805,2.825,2.535,2.8,1.8819419999999998,4200
9048,2009-03-10,2.795,2.795,2.575,2.75,1.848336,6800
9049,2009-03-11,2.575,2.835,2.575,2.575,1.7307139999999999,1600
9050,2009-03-12,2.705,2.705,2.635,2.7,1.81473,2200
9051,2009-03-13,2.7,2.7,2.55,2.55,1.7139119999999999,400
9052,2009-03-16,2.85,2.85,2.685,2.755,1.8516970000000001,8600
9053,2009-03-17,2.845,3.135,2.4,2.58,1.734075,27600
9054,2009-03-18,2.555,2.575,2.555,2.575,1.7307139999999999,800
9055,2009-03-19,2.6,3.11,2.6,3.11,2.0903009999999997,6000
9056,2009-03-20,2.975,3.0,2.775,2.995,2.0130060000000003,1600
9057,2009-03-23,3.1,3.125,3.1,3.125,2.1003819999999997,2200
9058,2009-03-24,3.125,3.125,3.125,3.125,2.1003819999999997,0
9059,2009-03-25,3.125,3.125,3.125,3.125,2.1003819999999997,1000
9060,2009-03-26,2.9,3.12,2.9,3.005,2.019727,4400
9061,2009-03-27,3.145,3.375,2.905,3.155,2.120546,5200
9062,2009-03-30,2.9,3.23,2.9,3.23,2.170954,2400
9063,2009-03-31,2.93,3.665,2.875,3.61,2.42636,8400
9064,2009-04-01,3.65,3.765,3.45,3.6,2.4196400000000002,14000
9065,2009-04-02,3.45,3.7,3.45,3.57,2.399476,3000
9066,2009-04-03,3.5,3.68,3.5,3.625,2.436443,5000
9067,2009-04-06,3.555,3.555,3.23,3.555,2.389394,3400
9068,2009-04-07,3.23,3.595,3.105,3.435,2.308739,13400
9069,2009-04-08,3.175,3.675,3.125,3.675,2.470049,16400
9070,2009-04-09,3.19,3.67,3.135,3.67,2.466688,3600
9071,2009-04-13,3.29,3.625,3.24,3.5,2.3524279999999997,15000
9072,2009-04-14,3.18,3.725,3.18,3.665,2.4633279999999997,5000
9073,2009-04-15,3.275,3.275,3.275,3.275,2.2012,200
9074,2009-04-16,3.205,3.25,3.2,3.205,2.154152,22800
9075,2009-04-17,3.21,3.215,3.18,3.18,2.137349,800
9076,2009-04-20,3.685,3.685,3.18,3.395,2.2818549999999997,3600
9077,2009-04-21,3.445,3.625,3.375,3.465,2.328903,6800
9078,2009-04-22,3.43,3.43,3.43,3.43,2.3053790000000003,200
9079,2009-04-23,3.41,3.41,3.36,3.405,2.288575,800
9080,2009-04-24,3.625,3.625,3.5,3.5,2.3524279999999997,2000
9081,2009-04-27,3.5,3.5,3.5,3.5,2.3524279999999997,0
9082,2009-04-28,3.7,3.7,3.615,3.615,2.429722,600
9083,2009-04-29,3.635,3.7,3.565,3.565,2.396116,4800
9084,2009-04-30,3.72,4.08,3.72,3.815,2.564146,12200
9085,2009-05-01,3.815,3.815,3.815,3.815,2.564146,0
9086,2009-05-04,4.0,4.025,3.72,3.72,2.500294,2400
9087,2009-05-05,3.72,3.72,3.72,3.72,2.500294,0
9088,2009-05-06,3.72,3.72,3.72,3.72,2.500294,0
9089,2009-05-07,3.87,3.87,3.75,3.75,2.520458,2600
9090,2009-05-08,3.875,3.925,3.75,3.925,2.63808,5800
9091,2009-05-11,3.925,3.925,3.925,3.925,2.684242,0
9092,2009-05-12,3.86,3.89,3.86,3.86,2.639789,1000
9093,2009-05-13,3.86,3.86,3.86,3.86,2.639789,1000
9094,2009-05-14,3.9,3.9,3.9,3.9,2.667146,1400
9095,2009-05-15,3.68,3.71,3.25,3.3,2.256814,3600
9096,2009-05-18,3.3,3.3,3.3,3.3,2.256814,0
9097,2009-05-19,3.25,3.255,3.25,3.255,2.2260400000000002,800
9098,2009-05-20,3.33,3.33,3.31,3.31,2.2636540000000003,600
9099,2009-05-21,3.605,3.63,3.105,3.12,2.133715,7200
9100,2009-05-22,3.625,3.97,3.4,3.4,2.3252029999999997,12000
9101,2009-05-26,3.795,3.795,3.765,3.795,2.595337,1000
9102,2009-05-27,3.82,3.82,3.82,3.82,2.612434,600
9103,2009-05-28,3.82,3.82,3.82,3.82,2.612434,0
9104,2009-05-29,3.75,3.75,3.625,3.625,2.479076,3600
9105,2009-06-01,3.775,3.775,3.775,3.775,2.581659,200
9106,2009-06-02,3.11,3.405,3.105,3.405,2.328622,2000
9107,2009-06-03,3.4,3.4,3.4,3.4,2.3252029999999997,400
9108,2009-06-04,3.5,3.72,3.375,3.72,2.544045,3200
9109,2009-06-05,3.775,3.775,3.725,3.775,2.581659,4000
9110,2009-06-08,3.775,3.775,3.49,3.49,2.386752,1600
9111,2009-06-09,3.525,3.525,3.525,3.525,2.410688,1400
9112,2009-06-10,3.625,3.625,3.49,3.49,2.386752,2600
9113,2009-06-11,3.525,3.62,3.49,3.49,2.386752,3400
9114,2009-06-12,3.59,3.59,3.59,3.59,2.455141,200
9115,2009-06-15,3.5,3.505,3.5,3.505,2.397011,1400
9116,2009-06-16,3.5,3.5,3.5,3.5,2.393592,1000
9117,2009-06-17,3.5,3.5,3.5,3.5,2.393592,0
9118,2009-06-18,3.45,3.45,3.45,3.45,2.359397,1800
9119,2009-06-19,3.45,3.45,3.45,3.45,2.359397,0
9120,2009-06-22,3.45,3.45,3.45,3.45,2.359397,0
9121,2009-06-23,3.45,3.45,3.45,3.45,2.359397,0
9122,2009-06-24,3.415,3.415,3.415,3.415,2.3354619999999997,400
9123,2009-06-25,3.4,3.4,3.395,3.395,2.3217830000000004,1000
9124,2009-06-26,3.39,3.39,3.39,3.39,2.318364,600
9125,2009-06-29,3.625,3.625,3.625,3.625,2.479076,14800
9126,2009-06-30,3.625,3.625,3.625,3.625,2.479076,200
9127,2009-07-01,3.625,3.625,3.625,3.625,2.479076,0
9128,2009-07-02,3.45,3.45,3.45,3.45,2.359397,400
9129,2009-07-06,3.52,3.555,3.52,3.55,2.4277849999999996,3400
9130,2009-07-07,3.55,3.55,3.55,3.55,2.4277849999999996,0
9131,2009-07-08,3.5,3.5,3.5,3.5,2.393592,200
9132,2009-07-09,3.5,3.5,3.5,3.5,2.393592,0
9133,2009-07-10,3.77,3.77,3.55,3.555,2.431204,2000
9134,2009-07-13,3.555,3.555,3.555,3.555,2.431204,0
9135,2009-07-14,3.555,3.555,3.555,3.555,2.431204,0
9136,2009-07-15,3.775,3.8,3.745,3.75,2.564562,12000
9137,2009-07-16,3.725,3.775,3.65,3.775,2.581659,2800
9138,2009-07-17,3.775,3.775,3.775,3.775,2.581659,0
9139,2009-07-20,3.92,3.92,3.75,3.8,2.598757,6600
9140,2009-07-21,3.775,3.775,3.505,3.525,2.410688,5000
9141,2009-07-22,3.53,3.53,3.53,3.53,2.414107,400
9142,2009-07-23,3.87,3.925,3.87,3.915,2.677403,4800
9143,2009-07-24,3.39,3.89,3.39,3.885,2.6568869999999998,3000
9144,2009-07-27,3.61,3.965,3.325,3.925,2.684242,22800
9145,2009-07-28,4.39,4.39,3.75,3.75,2.564562,1600
9146,2009-07-29,3.7,3.7,3.7,3.7,2.530368,200
9147,2009-07-30,4.165,4.165,4.165,4.165,2.848373,200
9148,2009-07-31,3.825,4.175,3.825,4.145,2.834696,2800
9149,2009-08-03,4.145,4.145,4.145,4.145,2.834696,0
9150,2009-08-04,4.0,4.015,3.695,4.015,2.745791,4800
9151,2009-08-05,4.01,4.38,3.775,4.015,2.745791,5200
9152,2009-08-06,4.22,4.22,4.22,4.22,2.885987,400
9153,2009-08-07,4.36,4.39,4.005,4.04,2.7628880000000002,6200
9154,2009-08-10,4.385,4.795,4.295,4.425,3.026182,14000
9155,2009-08-11,4.425,4.49,4.425,4.49,3.070635,3800
9156,2009-08-12,4.49,4.49,4.4,4.4,3.009087,1200
9157,2009-08-13,4.55,4.55,4.01,4.05,2.769727,4600
9158,2009-08-14,4.04,4.04,3.94,4.0,2.735533,5200
9159,2009-08-17,3.87,3.87,3.87,3.87,2.692056,400
9160,2009-08-18,3.9,3.975,3.85,3.975,2.765097,2800
9161,2009-08-19,3.815,3.815,3.625,3.625,2.52163,12800
9162,2009-08-20,3.65,3.925,3.625,3.92,2.7268380000000003,4200
9163,2009-08-21,3.76,3.795,3.75,3.75,2.608582,5000
9164,2009-08-24,3.75,3.75,3.75,3.75,2.608582,0
9165,2009-08-25,4.015,4.015,3.725,3.725,2.591192,8600
9166,2009-08-26,3.725,3.725,3.725,3.725,2.591192,0
9167,2009-08-27,3.71,3.71,3.71,3.71,2.580756,600
9168,2009-08-28,4.0,4.0,3.995,4.0,2.7824869999999997,1600
9169,2009-08-31,4.16,4.225,3.905,4.225,2.939002,5800
9170,2009-09-01,4.225,4.49,4.0,4.3,2.991175,16000
9171,2009-09-02,4.3,4.3,4.3,4.3,2.991175,0
9172,2009-09-03,4.225,4.225,3.99,4.225,2.939002,2000
9173,2009-09-04,4.21,4.21,4.21,4.21,2.928568,200
9174,2009-09-08,4.175,4.175,3.975,3.975,2.765097,3400
9175,2009-09-09,3.975,3.975,3.975,3.975,2.765097,0
9176,2009-09-10,3.63,4.19,3.625,3.87,2.692056,2600
9177,2009-09-11,3.82,3.905,3.8,3.805,2.6468409999999998,5400
9178,2009-09-14,3.825,3.825,3.825,3.825,2.6607529999999997,800
9179,2009-09-15,3.825,3.825,3.825,3.825,2.6607529999999997,600
9180,2009-09-16,3.825,3.825,3.825,3.825,2.6607529999999997,0
9181,2009-09-17,3.825,3.825,3.825,3.825,2.6607529999999997,600
9182,2009-09-18,4.16,4.175,3.8,3.805,2.6468409999999998,41200
9183,2009-09-21,3.795,3.83,3.78,3.79,2.636406,800
9184,2009-09-22,3.79,3.79,3.79,3.79,2.636406,0
9185,2009-09-23,4.12,4.12,3.79,3.79,2.636406,8200
9186,2009-09-24,3.995,3.995,3.99,3.99,2.775531,1200
9187,2009-09-25,4.0,4.0,3.995,4.0,2.7824869999999997,3000
9188,2009-09-28,4.0,4.0,4.0,4.0,2.7824869999999997,0
9189,2009-09-29,4.0,4.09,3.995,4.09,2.845094,5200
9190,2009-09-30,4.09,4.125,3.89,3.89,2.705969,1400
9191,2009-10-01,3.85,3.85,3.85,3.85,2.678144,200
9192,2009-10-02,3.85,3.85,3.815,3.85,2.678144,2800
9193,2009-10-05,4.245,4.38,4.115,4.25,2.956393,13400
9194,2009-10-06,4.1,4.125,4.1,4.125,2.86944,1600
9195,2009-10-07,4.205,4.205,3.93,3.995,2.779009,3000
9196,2009-10-08,4.195,4.2,4.1,4.1,2.85205,2000
9197,2009-10-09,4.2,4.245,4.2,4.245,2.952914,1400
9198,2009-10-12,4.235,4.275,4.035,4.035,2.806834,4400
9199,2009-10-13,4.21,4.21,4.1,4.1,2.85205,600
9200,2009-10-14,4.065,4.225,4.065,4.08,2.8381369999999997,2000
9201,2009-10-15,4.245,4.25,4.245,4.25,2.956393,600
9202,2009-10-16,4.3,4.3,4.125,4.15,2.88683,9000
9203,2009-10-19,4.245,4.275,4.01,4.2,2.921611,4600
9204,2009-10-20,4.24,4.24,4.24,4.24,2.949436,200
9205,2009-10-21,4.25,4.25,4.015,4.015,2.792922,1200
9206,2009-10-22,4.37,4.45,4.26,4.435,3.085083,27200
9207,2009-10-23,4.435,4.45,4.35,4.35,3.0259549999999997,2000
9208,2009-10-26,4.47,4.47,4.04,4.04,2.8103119999999997,1000
9209,2009-10-27,4.44,4.485,4.44,4.47,3.109429,2400
9210,2009-10-28,4.47,4.485,4.47,4.485,3.1198639999999997,2400
9211,2009-10-29,4.425,4.425,4.425,4.425,3.0781259999999997,1200
9212,2009-10-30,4.475,4.525,4.4,4.4,3.060737,3800
9213,2009-11-02,4.385,4.45,4.385,4.45,3.0955169999999996,1800
9214,2009-11-03,4.45,4.55,4.45,4.55,3.165079,3200
9215,2009-11-04,4.695,4.695,4.155,4.55,3.165079,8400
9216,2009-11-05,4.55,4.55,4.55,4.55,3.165079,0
9217,2009-11-06,4.525,4.525,4.525,4.525,3.1476889999999997,400
9218,2009-11-09,4.595,4.595,4.47,4.47,3.109429,4000
9219,2009-11-10,4.55,4.55,4.25,4.25,2.956393,3600
9220,2009-11-11,4.49,4.5,4.485,4.5,3.130298,1000
9221,2009-11-12,4.515,4.55,4.51,4.51,3.137255,29200
9222,2009-11-13,4.455,4.55,4.455,4.515,3.140732,10600
9223,2009-11-16,4.45,4.57,4.45,4.47,3.156621,181600
9224,2009-11-17,4.48,4.55,4.47,4.55,3.213116,4800
9225,2009-11-18,4.55,4.55,4.37,4.37,3.086003,4200
9226,2009-11-19,4.415,4.75,4.375,4.75,3.3543519999999996,21000
9227,2009-11-20,4.625,5.105,4.625,4.655,3.287265,4200
9228,2009-11-23,5.08,5.33,4.5,4.5,3.177807,146800
9229,2009-11-24,4.58,5.075,4.445,4.945,3.492057,10200
9230,2009-11-25,4.93,4.945,4.705,4.945,3.492057,4000
9231,2009-11-27,4.6,4.86,4.6,4.86,3.432032,600
9232,2009-11-30,5.0,5.275,5.0,5.0,3.530897,15400
9233,2009-12-01,5.075,5.21,4.875,4.88,3.446155,3800
9234,2009-12-02,5.0,5.05,4.895,5.05,3.566205,5400
9235,2009-12-03,5.24,5.24,5.24,5.24,3.7003790000000003,400
9236,2009-12-04,5.225,5.4,5.1,5.275,3.7250970000000003,38600
9237,2009-12-07,5.265,5.375,5.265,5.375,3.795714,1000
9238,2009-12-08,5.25,5.25,5.05,5.25,3.707441,21400
9239,2009-12-09,4.85,5.38,4.85,5.37,3.792183,17400
9240,2009-12-10,4.7,5.425,4.7,5.2,3.672132,6200
9241,2009-12-11,5.25,5.25,5.015,5.25,3.707441,4800
9242,2009-12-14,5.245,5.26,5.185,5.2,3.672132,9800
9243,2009-12-15,4.885,5.25,4.885,5.0,3.530897,10600
9244,2009-12-16,5.115,5.115,4.76,4.82,3.403786,3000
9245,2009-12-17,4.88,5.11,4.88,5.05,3.566205,1800
9246,2009-12-18,5.18,5.205,4.955,5.055,3.5697370000000004,12800
9247,2009-12-21,5.06,5.155,4.75,5.155,3.6403550000000005,800
9248,2009-12-22,4.8,4.9,4.8,4.9,3.4602779999999997,400
9249,2009-12-23,4.995,5.0,4.95,4.95,3.4955879999999997,6000
9250,2009-12-24,4.95,4.95,4.95,4.95,3.4955879999999997,0
9251,2009-12-28,4.81,4.825,4.805,4.825,3.407315,1600
9252,2009-12-29,4.995,5.13,4.895,4.95,3.4955879999999997,13000
9253,2009-12-30,5.005,5.05,4.985,5.005,3.5344269999999995,6400
9254,2009-12-31,5.0,5.025,4.825,4.875,3.442625,7000
9255,2010-01-04,5.0,5.0,4.99,4.99,3.523835,3600
9256,2010-01-05,5.0,5.0,4.935,4.95,3.4955879999999997,2800
9257,2010-01-06,4.995,4.995,4.87,4.94,3.488525,4600
9258,2010-01-07,4.985,4.985,4.895,4.895,3.456748,16400
9259,2010-01-08,4.835,5.0,4.59,4.95,3.4955879999999997,19400
9260,2010-01-11,4.615,4.82,4.525,4.755,3.357883,9000
9261,2010-01-12,4.85,4.85,4.85,4.85,3.4249699999999996,200
9262,2010-01-13,4.85,4.85,4.85,4.85,3.4249699999999996,0
9263,2010-01-14,4.945,4.985,4.785,4.985,3.5203029999999997,800
9264,2010-01-15,4.965,5.185,4.95,5.15,3.636823,7200
9265,2010-01-19,5.145,5.145,4.79,4.95,3.4955879999999997,2000
9266,2010-01-20,5.075,5.2,4.9,5.15,3.636823,6400
9267,2010-01-21,4.915,5.2,4.905,5.185,3.661541,5400
9268,2010-01-22,5.175,5.175,4.905,5.085,3.590921,3800
9269,2010-01-25,5.15,5.15,4.98,4.98,3.516774,600
9270,2010-01-26,4.98,4.98,4.98,4.98,3.516774,0
9271,2010-01-27,4.98,4.98,4.98,4.98,3.516774,0
9272,2010-01-28,4.98,4.98,4.98,4.98,3.516774,0
9273,2010-01-29,5.105,5.105,4.96,5.0,3.530897,800
9274,2010-02-01,5.045,5.045,4.56,4.97,3.5097110000000002,3800
9275,2010-02-02,4.97,4.97,4.97,4.97,3.5097110000000002,0
9276,2010-02-03,4.955,5.0,4.94,4.945,3.492057,3200
9277,2010-02-04,4.905,4.945,4.905,4.945,3.492057,1000
9278,2010-02-05,4.945,4.95,4.9,4.9,3.4602779999999997,8600
9279,2010-02-08,4.9,4.9,4.9,4.9,3.4602779999999997,0
9280,2010-02-09,5.005,5.005,4.56,4.8,3.3896610000000003,5000
9281,2010-02-10,4.8,4.8,4.505,4.505,3.181339,7400
9282,2010-02-11,4.58,4.95,4.5,4.55,3.213116,7600
9283,2010-02-12,4.48,4.615,4.43,4.525,3.2435810000000003,28000
9284,2010-02-16,4.5,4.735,4.5,4.635,3.322432,8400
9285,2010-02-17,4.55,4.68,4.55,4.68,3.354686,1000
9286,2010-02-18,4.775,4.775,4.625,4.75,3.404864,24600
9287,2010-02-19,4.75,4.845,4.625,4.68,3.354686,38400
9288,2010-02-22,4.775,4.775,4.615,4.65,3.333182,3800
9289,2010-02-23,4.65,4.675,4.645,4.645,3.3295980000000003,10800
9290,2010-02-24,4.625,4.645,4.625,4.625,3.315261,7800
9291,2010-02-25,4.5,4.675,4.425,4.555,3.265085,36800
9292,2010-02-26,4.62,4.625,4.525,4.525,3.2435810000000003,11800
9293,2010-03-01,4.595,4.595,4.425,4.435,3.179068,10800
9294,2010-03-02,4.435,4.475,4.3,4.3,3.0822990000000003,33800
9295,2010-03-03,4.365,4.53,4.365,4.53,3.247166,3400
9296,2010-03-04,4.67,5.13,4.67,4.8,3.440704,8000
9297,2010-03-05,4.8,4.8,4.8,4.8,3.440704,0
9298,2010-03-08,5.075,5.075,4.895,4.995,3.580482,2400
9299,2010-03-09,5.025,5.025,4.805,4.805,3.444288,6000
9300,2010-03-10,4.76,4.785,4.625,4.63,3.3188470000000003,5400
9301,2010-03-11,4.725,4.905,4.725,4.845,3.472961,6200
9302,2010-03-12,4.845,4.855,4.845,4.855,3.4801290000000003,600
9303,2010-03-15,4.95,4.95,4.855,4.88,3.498049,2600
9304,2010-03-16,4.88,4.88,4.88,4.88,3.498049,0
9305,2010-03-17,4.515,4.97,4.5,4.675,3.3511029999999997,4000
9306,2010-03-18,4.95,4.95,4.865,4.925,3.530306,5800
9307,2010-03-19,4.74,4.95,4.725,4.95,3.548226,8000
9308,2010-03-22,4.95,4.95,4.82,4.92,3.526722,4400
9309,2010-03-23,4.85,4.95,4.85,4.91,3.5195540000000003,2400
9310,2010-03-24,4.905,4.905,4.905,4.905,3.515969,600
9311,2010-03-25,4.73,4.97,4.73,4.735,3.3941120000000002,1000
9312,2010-03-26,4.73,4.73,4.73,4.73,3.3905269999999996,400
9313,2010-03-29,4.97,4.97,4.96,4.97,3.5625620000000002,2000
9314,2010-03-30,4.75,4.915,4.75,4.915,3.523138,800
9315,2010-03-31,4.915,4.915,4.915,4.915,3.523138,0
9316,2010-04-01,4.8,4.93,4.785,4.93,3.53389,3200
9317,2010-04-05,4.965,4.965,4.965,4.965,3.558979,200
9318,2010-04-06,4.78,4.78,4.74,4.74,3.3976949999999997,1200
9319,2010-04-07,4.95,4.965,4.865,4.925,3.530306,5800
9320,2010-04-08,4.765,4.775,4.755,4.755,3.4084480000000004,1400
9321,2010-04-09,4.8,4.92,4.71,4.76,3.412031,3600
9322,2010-04-12,4.885,4.93,4.76,4.76,3.412031,6200
9323,2010-04-13,4.71,4.975,4.675,4.81,3.4478730000000004,4000
9324,2010-04-14,4.825,4.825,4.825,4.825,3.458624,800
9325,2010-04-15,4.695,4.9,4.5,4.7,3.3690230000000003,4800
9326,2010-04-16,4.74,4.74,4.7,4.7,3.3690230000000003,600
9327,2010-04-19,4.8,4.8,4.75,4.75,3.404864,5000
9328,2010-04-20,4.875,4.875,4.8,4.8,3.440704,2800
9329,2010-04-21,4.825,4.825,4.705,4.8,3.440704,4200
9330,2010-04-22,4.715,4.775,4.58,4.75,3.404864,7800
9331,2010-04-23,4.75,4.75,4.75,4.75,3.404864,0
9332,2010-04-26,4.655,4.97,4.655,4.92,3.526722,2200
9333,2010-04-27,4.9,4.9,4.665,4.85,3.4765449999999998,2200
9334,2010-04-28,4.89,5.025,4.775,4.92,3.526722,17200
9335,2010-04-29,5.05,5.05,4.95,5.025,3.6019870000000003,2600
9336,2010-04-30,5.15,5.15,5.035,5.13,3.677253,4000
9337,2010-05-03,4.95,4.97,4.775,4.865,3.4872959999999997,7800
9338,2010-05-04,4.895,4.895,4.705,4.705,3.3726059999999998,9200
9339,2010-05-05,4.745,4.805,4.595,4.7,3.3690230000000003,17400
9340,2010-05-06,4.67,4.835,4.63,4.69,3.3618550000000003,2600
9341,2010-05-07,4.65,4.76,4.64,4.64,3.326014,5000
9342,2010-05-10,4.94,5.0,4.68,4.965,3.558979,18200
9343,2010-05-11,5.135,5.135,4.755,4.79,3.433536,2400
9344,2010-05-12,4.88,5.015,4.88,4.935,3.537474,12000
9345,2010-05-13,4.925,4.96,4.815,4.915,3.523138,8800
9346,2010-05-14,5.135,5.15,5.0,5.025,3.6019870000000003,3800
9347,2010-05-17,5.105,5.105,4.845,4.87,3.538412,9400
9348,2010-05-18,4.93,5.0,4.93,5.0,3.6328669999999996,12000
9349,2010-05-19,5.015,5.015,4.845,4.845,3.5202489999999997,7200
9350,2010-05-20,4.845,4.855,4.845,4.845,3.5202489999999997,1200
9351,2010-05-21,4.83,4.865,4.83,4.845,3.5202489999999997,13000
9352,2010-05-24,4.955,4.965,4.845,4.91,3.567476,8000
9353,2010-05-25,4.91,5.01,4.845,5.01,3.640132,6000
9354,2010-05-26,5.0,5.035,4.85,5.035,3.658296,10400
9355,2010-05-27,5.05,5.05,4.875,4.97,3.611068,2200
9356,2010-05-28,4.96,4.96,4.95,4.96,3.6038040000000002,800
9357,2010-06-01,4.975,5.125,4.9,5.1,3.7055239999999996,10200
9358,2010-06-02,5.125,5.125,5.0,5.025,3.651032,2800
9359,2010-06-03,5.12,5.125,5.0,5.0,3.6328669999999996,2400
9360,2010-06-04,5.0,5.1,5.0,5.03,3.654664,9200
9361,2010-06-07,4.975,5.1,4.9,4.96,3.6038040000000002,9800
9362,2010-06-08,4.925,5.05,4.905,4.905,3.5638410000000005,1200
9363,2010-06-09,5.0,5.0,4.905,4.905,3.5638410000000005,1200
9364,2010-06-10,4.99,5.0,4.955,4.955,3.600171,4600
9365,2010-06-11,5.1,5.1,4.93,5.055,3.672829,2200
9366,2010-06-14,4.925,4.945,4.905,4.945,3.5929050000000005,1400
9367,2010-06-15,4.945,4.945,4.945,4.945,3.5929050000000005,0
9368,2010-06-16,5.1,5.1,4.9,4.9,3.5602089999999995,1200
9369,2010-06-17,4.91,5.1,4.85,5.1,3.7055239999999996,4000
9370,2010-06-18,5.0,5.1,4.895,4.895,3.556577,4600
9371,2010-06-21,5.045,5.1,4.9,5.05,3.669194,9200
9372,2010-06-22,5.05,5.05,5.05,5.05,3.669194,0
9373,2010-06-23,5.02,5.02,4.93,4.94,3.5892730000000004,2600
9374,2010-06-24,4.92,5.06,4.92,5.06,3.676461,1000
9375,2010-06-25,5.06,5.06,5.06,5.06,3.676461,0
9376,2010-06-28,5.05,5.05,4.905,4.905,3.5638410000000005,1000
9377,2010-06-29,4.915,4.92,4.9,4.9,3.5602089999999995,11000
9378,2010-06-30,4.9,4.9,4.9,4.9,3.5602089999999995,0
9379,2010-07-01,5.1,5.1,4.89,4.9,3.5602089999999995,3600
9380,2010-07-02,4.925,4.975,4.925,4.93,3.582006,5000
9381,2010-07-06,4.87,4.87,4.83,4.83,3.50935,4200
9382,2010-07-07,4.85,4.855,4.83,4.83,3.50935,4400
9383,2010-07-08,4.835,4.855,4.83,4.83,3.50935,4000
9384,2010-07-09,4.83,4.83,4.83,4.83,3.50935,0
9385,2010-07-12,4.845,5.0,4.83,5.0,3.6328669999999996,6200
9386,2010-07-13,5.0,5.0,5.0,5.0,3.6328669999999996,5400
9387,2010-07-14,5.0,5.1,4.88,5.1,3.7055239999999996,6800
9388,2010-07-15,5.095,5.095,4.89,4.895,3.556577,2000
9389,2010-07-16,5.075,5.075,5.075,5.075,3.68736,200
9390,2010-07-19,5.075,5.075,5.075,5.075,3.68736,0
9391,2010-07-20,5.075,5.075,5.075,5.075,3.68736,0
9392,2010-07-21,5.035,5.035,4.83,4.83,3.50935,600
9393,2010-07-22,4.99,5.0,4.905,5.0,3.6328669999999996,3200
9394,2010-07-23,5.005,5.1,5.0,5.0,3.6328669999999996,2200
9395,2010-07-26,5.0,5.025,5.0,5.025,3.651032,1800
9396,2010-07-27,5.025,5.075,5.0,5.075,3.68736,3800
9397,2010-07-28,5.005,5.005,5.0,5.0,3.6328669999999996,1600
9398,2010-07-29,5.0,5.075,5.0,5.075,3.68736,2400
9399,2010-07-30,5.1,5.1,5.1,5.1,3.7055239999999996,400
9400,2010-08-02,5.1,5.1,4.955,4.955,3.600171,6000
9401,2010-08-03,4.625,4.955,4.625,4.84,3.5166150000000003,4000
9402,2010-08-04,4.84,4.845,4.75,4.75,3.451223,10200
9403,2010-08-05,4.75,4.85,4.75,4.815,3.498451,1800
9404,2010-08-06,4.85,5.09,4.85,4.88,3.5456769999999995,4400
9405,2010-08-09,5.09,5.09,4.925,5.005,3.6364989999999997,6000
9406,2010-08-10,5.09,5.1,4.925,4.935,3.585639,7000
9407,2010-08-11,4.99,4.995,4.93,4.93,3.582006,2000
9408,2010-08-12,4.925,4.975,4.925,4.975,3.614702,4600
9409,2010-08-13,5.06,5.1,5.0,5.1,3.7055239999999996,6600
9410,2010-08-16,5.1,5.1,5.1,5.1,3.7552239999999997,0
9411,2010-08-17,5.0,5.0,5.0,5.0,3.681594,1600
9412,2010-08-18,4.925,4.95,4.925,4.95,3.644778,2400
9413,2010-08-19,4.95,4.95,4.925,4.925,3.6263699999999996,800
9414,2010-08-20,4.925,4.925,4.925,4.925,3.6263699999999996,0
9415,2010-08-23,4.925,4.925,4.925,4.925,3.6263699999999996,0
9416,2010-08-24,4.95,4.95,4.925,4.925,3.6263699999999996,4000
9417,2010-08-25,4.925,4.925,4.925,4.925,3.6263699999999996,0
9418,2010-08-26,4.575,4.725,4.575,4.725,3.479106,600
9419,2010-08-27,4.985,4.985,4.915,4.915,3.6190059999999997,800
9420,2010-08-30,5.0,5.0,5.0,5.0,3.681594,1200
9421,2010-08-31,4.975,5.0,4.725,4.805,3.538011,3400
9422,2010-09-01,5.0,5.0,4.94,4.94,3.637414,1000
9423,2010-09-02,4.94,4.94,4.94,4.94,3.637414,0
9424,2010-09-03,4.94,4.94,4.94,4.94,3.637414,0
9425,2010-09-07,4.95,5.045,4.95,4.95,3.644778,9600
9426,2010-09-08,4.97,4.97,4.97,4.97,3.659503,200
9427,2010-09-09,4.985,5.05,4.95,4.95,3.644778,1200
9428,2010-09-10,5.1,5.1,5.1,5.1,3.7552239999999997,1200
9429,2010-09-13,5.08,5.08,5.03,5.03,3.7036839999999995,1000
9430,2010-09-14,4.73,4.735,4.44,4.505,3.3171160000000004,3400
9431,2010-09-15,4.69,4.69,4.66,4.66,3.4312449999999997,1000
9432,2010-09-16,4.635,4.935,4.635,4.695,3.457017,1000
9433,2010-09-17,4.87,4.87,4.655,4.655,3.427564,1800
9434,2010-09-20,4.635,4.73,4.635,4.7,3.460697,1000
9435,2010-09-21,4.7,4.85,4.7,4.85,3.5711459999999997,3400
9436,2010-09-22,4.72,4.72,4.7,4.7,3.460697,2000
9437,2010-09-23,4.815,4.825,4.75,4.795,3.5306480000000002,1800
9438,2010-09-24,4.6,4.81,4.57,4.8,3.534329,3400
9439,2010-09-27,4.61,4.845,4.6,4.6,3.3870660000000004,5200
9440,2010-09-28,4.83,4.85,4.605,4.73,3.4827879999999998,4600
9441,2010-09-29,4.76,4.85,4.55,4.55,3.35025,9000
9442,2010-09-30,4.64,4.645,4.59,4.59,3.3797029999999997,1600
9443,2010-10-01,5.095,5.095,4.745,4.83,3.5564190000000004,17800
9444,2010-10-04,5.03,5.095,5.01,5.095,3.7515440000000004,3600
9445,2010-10-05,5.08,5.15,5.0,5.15,3.792042,6800
9446,2010-10-06,4.9,5.24,4.855,5.225,3.847265,11200
9447,2010-10-07,5.24,5.25,5.0,5.25,3.865673,6000
9448,2010-10-08,5.2,5.225,5.045,5.055,3.7220910000000003,9000
9449,2010-10-11,5.14,5.24,5.1,5.24,3.85831,7400
9450,2010-10-12,5.215,5.215,5.08,5.16,3.799404,3000
9451,2010-10-13,5.045,5.225,5.025,5.2,3.828857,7000
9452,2010-10-14,5.04,5.15,5.0,5.15,3.792042,14600
9453,2010-10-15,5.145,5.425,5.145,5.4,3.97612,6200
9454,2010-10-18,5.395,5.395,5.25,5.275,3.8840809999999997,7400
9455,2010-10-19,5.26,5.395,5.24,5.395,3.972439,5200
9456,2010-10-20,5.36,5.4,5.295,5.4,3.97612,11400
9457,2010-10-21,5.415,5.425,5.065,5.25,3.865673,6800
9458,2010-10-22,5.13,5.45,5.065,5.425,3.99453,31400
9459,2010-10-25,5.31,5.32,5.015,5.19,3.8214949999999996,9600
9460,2010-10-26,5.165,5.165,5.1,5.15,3.792042,9800
9461,2010-10-27,5.15,5.15,5.15,5.15,3.792042,0
9462,2010-10-28,5.235,5.335,5.1,5.335,3.92826,8000
9463,2010-10-29,5.225,5.33,5.185,5.185,3.8178129999999997,8400
9464,2010-11-01,5.125,5.195,4.865,4.975,3.663186,40600
9465,2010-11-02,5.12,5.195,4.9,5.185,3.8178129999999997,7800
9466,2010-11-03,5.15,5.5,5.06,5.42,3.990847,27000
9467,2010-11-04,5.255,5.44,5.255,5.44,4.005574,19200
9468,2010-11-05,5.425,5.54,5.425,5.5,4.0497510000000005,23400
9469,2010-11-08,5.5,5.5,5.325,5.345,3.935625,18600
9470,2010-11-09,5.49,5.49,5.46,5.46,4.020301,400
9471,2010-11-10,5.405,5.405,5.2,5.39,3.9687580000000002,8400
9472,2010-11-11,5.33,5.37,5.125,5.37,3.9540309999999996,26200
9473,2010-11-12,5.135,5.36,5.135,5.36,3.9466690000000004,8200
9474,2010-11-15,5.355,5.355,5.34,5.35,3.989547,9200
9475,2010-11-16,5.255,5.28,5.09,5.09,3.795663,2400
9476,2010-11-17,5.235,5.525,5.11,5.415,4.038018,19400
9477,2010-11-18,5.48,5.48,5.32,5.335,3.978362,8000
9478,2010-11-19,5.47,5.675,5.325,5.645,4.20953,9200
9479,2010-11-22,5.6,5.6,5.275,5.44,4.056661,14000
9480,2010-11-23,5.49,5.545,5.41,5.435,4.052932,2800
9481,2010-11-24,5.47,5.505,5.4,5.43,4.049201999999999,6000
9482,2010-11-26,5.44,5.44,5.44,5.44,4.056661,200
9483,2010-11-29,5.45,5.45,5.44,5.44,4.056661,600
9484,2010-11-30,5.49,5.495,5.39,5.39,4.019375,2600
9485,2010-12-01,5.425,5.425,5.365,5.365,4.000733,10000
9486,2010-12-02,5.275,5.375,5.13,5.15,3.8404050000000005,3600
9487,2010-12-03,5.205,5.205,5.125,5.125,3.821762,4200
9488,2010-12-06,5.08,5.08,4.97,5.005,3.732278,4200
9489,2010-12-07,4.895,4.95,4.775,4.9,3.653978,9600
9490,2010-12-08,4.9,4.9,4.805,4.805,3.583135,18200
9491,2010-12-09,4.89,4.895,4.75,4.75,3.542121,17600
9492,2010-12-10,4.8,4.895,4.65,4.72,3.519749,29600
9493,2010-12-13,4.65,4.885,4.65,4.705,3.508564,10000
9494,2010-12-14,4.7,4.87,4.685,4.87,3.6316050000000004,7400
9495,2010-12-15,4.87,5.075,4.865,5.0,3.7285480000000004,67800
9496,2010-12-16,4.95,5.15,4.75,4.965,3.7024480000000004,7200
9497,2010-12-17,5.04,5.135,5.0,5.115,3.8143059999999998,4600
9498,2010-12-20,5.115,5.115,5.0,5.015,3.7397339999999994,3400
9499,2010-12-21,4.925,5.0,4.925,5.0,3.7285480000000004,3200
9500,2010-12-22,5.23,5.245,5.0,5.175,3.8590480000000005,1600
9501,2010-12-23,5.06,5.33,5.0,5.315,3.963447,9600
9502,2010-12-27,5.445,5.445,5.325,5.395,4.023105,11600
9503,2010-12-28,5.44,5.525,5.305,5.325,3.970904,5400
9504,2010-12-29,5.55,5.55,5.245,5.5,4.1014029999999995,8200
9505,2010-12-30,5.545,5.55,5.445,5.55,4.138688,5200
9506,2010-12-31,5.5,5.505,5.5,5.5,4.1014029999999995,2400
9507,2011-01-03,5.49,5.545,5.25,5.52,4.116317,4200
9508,2011-01-04,5.56,5.565,5.285,5.315,3.963447,5200
9509,2011-01-05,5.3,5.5,5.3,5.405,4.030561,14600
9510,2011-01-06,5.49,5.5,5.49,5.5,4.1014029999999995,1800
9511,2011-01-07,5.375,5.5,5.31,5.47,4.079032,4000
9512,2011-01-10,5.45,5.5,5.435,5.46,4.071576,6400
9513,2011-01-11,5.5,5.5,5.4,5.42,4.041747,6800
9514,2011-01-12,5.405,5.495,5.405,5.495,4.097673,5000
9515,2011-01-13,5.495,5.5,5.48,5.5,4.1014029999999995,4000
9516,2011-01-14,5.5,5.5,5.5,5.5,4.1014029999999995,0
9517,2011-01-18,5.5,5.5,5.475,5.5,4.1014029999999995,7200
9518,2011-01-19,5.725,5.725,5.5,5.555,4.142417,14200
9519,2011-01-20,5.595,5.635,5.285,5.335,3.978362,14000
9520,2011-01-21,5.335,5.335,5.335,5.335,3.978362,0
9521,2011-01-24,5.25,5.57,5.25,5.57,4.1536029999999995,1600
9522,2011-01-25,5.58,5.58,5.58,5.58,4.16106,200
9523,2011-01-26,5.5,5.5,5.45,5.45,4.064116,800
9524,2011-01-27,5.34,5.35,5.34,5.35,3.989547,400
9525,2011-01-28,5.35,5.35,5.35,5.35,3.989547,0
9526,2011-01-31,5.49,5.49,5.26,5.49,4.093946,400
9527,2011-02-01,5.485,5.49,5.28,5.28,3.937346,2800
9528,2011-02-02,5.26,5.285,5.25,5.285,3.941075,1400
9529,2011-02-03,5.87,5.87,5.45,5.495,4.097673,21200
9530,2011-02-04,5.515,5.715,5.51,5.62,4.190887,2200
9531,2011-02-07,5.55,5.55,5.55,5.55,4.138688,200
9532,2011-02-08,5.505,5.725,5.505,5.665,4.2244470000000005,4200
9533,2011-02-09,5.725,5.725,5.555,5.555,4.142417,2000
9534,2011-02-10,5.55,5.55,5.4,5.45,4.064116,6600
9535,2011-02-11,5.4,5.53,5.4,5.5,4.1014029999999995,6800
9536,2011-02-14,5.43,5.52,5.43,5.52,4.167463,800
9537,2011-02-15,5.52,5.52,5.52,5.52,4.167463,1000
9538,2011-02-16,5.52,5.52,5.43,5.43,4.099516,2400
9539,2011-02-17,5.5,5.5,5.43,5.43,4.099516,3000
9540,2011-02-18,5.43,5.43,5.43,5.43,4.099516,600
9541,2011-02-22,5.515,5.515,5.43,5.45,4.1146139999999995,4000
9542,2011-02-23,5.43,5.48,5.43,5.45,4.1146139999999995,5200
9543,2011-02-24,5.495,5.57,5.495,5.57,4.205211,4600
9544,2011-02-25,5.5,5.56,5.5,5.56,4.197662,800
9545,2011-02-28,5.625,5.625,5.5,5.5,4.152362999999999,8000
9546,2011-03-01,5.73,5.73,5.5,5.575,4.2089870000000005,8000
9547,2011-03-02,5.65,5.75,5.65,5.74,4.333558999999999,1200
9548,2011-03-03,5.675,5.675,5.675,5.675,4.284485,2800
9549,2011-03-04,5.735,5.735,5.7,5.7,4.3033589999999995,1400
9550,2011-03-07,5.625,5.74,5.615,5.625,4.246735,6000
9551,2011-03-08,5.63,5.64,5.595,5.615,4.239186,4800
9552,2011-03-09,5.64,5.745,5.575,5.625,4.246735,16000
9553,2011-03-10,5.62,5.625,5.62,5.625,4.246735,2400
9554,2011-03-11,5.6,5.635,5.6,5.635,4.2542860000000005,1600
9555,2011-03-14,5.51,5.51,5.51,5.51,4.159914,400
9556,2011-03-15,5.505,5.625,5.505,5.625,4.246735,2400
9557,2011-03-16,5.745,5.745,5.74,5.745,4.337333,2200
9558,2011-03-17,5.605,5.605,5.525,5.525,4.171238,2600
9559,2011-03-18,5.575,5.62,5.555,5.555,4.193887,2400
9560,2011-03-21,5.87,5.87,5.535,5.615,4.239186,8000
9561,2011-03-22,5.6,5.6,5.6,5.6,4.227861,2800
9562,2011-03-23,5.575,5.775,5.575,5.775,4.359982,6000
9563,2011-03-24,5.775,5.775,5.775,5.775,4.359982,0
9564,2011-03-25,5.715,5.85,5.57,5.805,4.382631,4400
9565,2011-03-28,5.85,5.85,5.535,5.66,4.273159,18200
9566,2011-03-29,5.64,5.765,5.565,5.74,4.333558999999999,5200
9567,2011-03-30,5.665,5.67,5.665,5.665,4.276934,4800
9568,2011-03-31,5.675,5.85,5.645,5.675,4.284485,8800
9569,2011-04-01,5.72,5.845,5.72,5.805,4.382631,3400
9570,2011-04-04,5.69,5.88,5.69,5.88,4.439254,6800
9571,2011-04-05,5.7,5.88,5.7,5.88,4.439254,2000
9572,2011-04-06,5.92,5.92,5.825,5.915,4.46568,3800
9573,2011-04-07,5.71,5.785,5.71,5.785,4.367531,800
9574,2011-04-08,5.71,5.945,5.71,5.84,4.409055,1000
9575,2011-04-11,5.86,5.875,5.755,5.77,4.3562080000000005,1400
9576,2011-04-12,5.77,5.77,5.77,5.77,4.3562080000000005,0
9577,2011-04-13,5.75,5.94,5.715,5.75,4.341107,4400
9578,2011-04-14,5.785,5.88,5.75,5.78,4.363757,4400
9579,2011-04-15,5.885,5.885,5.575,5.7,4.3033589999999995,8200
9580,2011-04-18,5.83,5.84,5.505,5.735,4.329784,3800
9581,2011-04-19,5.725,5.725,5.67,5.675,4.284485,1400
9582,2011-04-20,5.69,5.835,5.525,5.565,4.201438,3800
9583,2011-04-21,5.69,5.765,5.69,5.745,4.337333,1000
9584,2011-04-25,5.725,5.865,5.695,5.865,4.42793,11800
9585,2011-04-26,5.82,5.84,5.675,5.68,4.28826,1800
9586,2011-04-27,5.685,5.685,5.56,5.575,4.2089870000000005,3600
9587,2011-04-28,5.58,5.78,5.52,5.58,4.212761,3200
9588,2011-04-29,5.58,5.58,5.58,5.58,4.212761,0
9589,2011-05-02,5.525,5.525,4.94,5.525,4.171238,3800
9590,2011-05-03,5.55,5.625,5.55,5.55,4.190112999999999,19600
9591,2011-05-04,5.545,5.625,5.545,5.625,4.246735,5400
9592,2011-05-05,5.58,5.58,5.5,5.525,4.171238,10000
9593,2011-05-06,5.525,5.55,5.525,5.55,4.190112999999999,1200
9594,2011-05-09,5.55,5.675,5.55,5.675,4.284485,3200
9595,2011-05-10,5.625,5.735,5.625,5.735,4.329784,4600
9596,2011-05-11,5.735,5.75,5.65,5.75,4.341107,3800
9597,2011-05-12,5.75,5.75,5.75,5.75,4.341107,1600
9598,2011-05-13,5.765,5.85,5.65,5.74,4.333558999999999,14200
9599,2011-05-16,5.58,5.855,5.58,5.855,4.472980000000001,2400
9600,2011-05-17,5.86,5.86,5.615,5.645,4.3125480000000005,5600
9601,2011-05-18,5.7,5.875,5.605,5.715,4.366026000000001,5800
9602,2011-05-19,5.715,5.715,5.65,5.655,4.320189,2600
9603,2011-05-20,5.59,5.625,5.585,5.585,4.266712,1200
9604,2011-05-23,5.58,5.585,5.58,5.58,4.262891000000001,1400
9605,2011-05-24,5.61,5.67,5.61,5.65,4.316368,1200
9606,2011-05-25,5.65,5.65,5.585,5.585,4.266712,4200
9607,2011-05-26,5.645,5.645,5.645,5.645,4.3125480000000005,1000
9608,2011-05-27,5.645,5.645,5.58,5.61,4.28581,1000
9609,2011-05-31,5.635,5.635,5.58,5.58,4.262891000000001,3800
9610,2011-06-01,5.585,5.645,5.58,5.58,4.262891000000001,2400
9611,2011-06-02,5.6,5.6,5.6,5.6,4.2781720000000005,400
9612,2011-06-03,5.65,5.65,5.55,5.55,4.239974,4200
9613,2011-06-06,5.555,5.555,5.525,5.525,4.220873,4000
9614,2011-06-07,5.535,5.565,5.405,5.515,4.213235,3800
9615,2011-06-08,5.53,5.55,5.45,5.55,4.239974,3000
9616,2011-06-09,5.55,5.55,5.55,5.55,4.239974,0
9617,2011-06-10,5.5,5.525,5.5,5.525,4.220873,1200
9618,2011-06-13,5.5,5.51,5.235,5.325,4.0680819999999995,17000
9619,2011-06-14,5.49,5.605,5.445,5.605,4.281989,4600
9620,2011-06-15,5.605,5.605,5.605,5.605,4.281989,0
9621,2011-06-16,5.435,5.44,5.4,5.425,4.144477999999999,8000
9622,2011-06-17,5.39,5.39,5.385,5.385,4.1139209999999995,1800
9623,2011-06-20,5.255,5.285,5.18,5.285,4.037525,1800
9624,2011-06-21,5.325,5.5,5.325,5.5,4.201776000000001,8600
9625,2011-06-22,5.34,5.35,5.285,5.34,4.079542,15000
9626,2011-06-23,5.34,5.34,5.34,5.34,4.079542,0
9627,2011-06-24,5.235,5.545,5.125,5.385,4.1139209999999995,3400
9628,2011-06-27,5.265,5.425,5.235,5.315,4.060443,3000
9629,2011-06-28,5.485,5.485,5.38,5.38,4.1101,1200
9630,2011-06-29,5.47,5.515,5.33,5.445,4.159757,6600
9631,2011-06-30,5.495,5.875,5.38,5.85,4.469162,18000
9632,2011-07-01,5.78,5.785,5.0,5.49,4.194136,51200
9633,2011-07-05,5.485,5.485,5.485,5.485,4.190316,200
9634,2011-07-06,5.485,5.485,5.485,5.485,4.190316,0
9635,2011-07-07,5.485,5.495,5.34,5.475,4.182677,8800
9636,2011-07-08,5.41,5.42,5.35,5.42,4.140658999999999,2200
9637,2011-07-11,5.405,5.42,5.38,5.42,4.140658999999999,2800
9638,2011-07-12,5.36,5.385,5.35,5.385,4.1139209999999995,1800
9639,2011-07-13,5.385,5.385,5.385,5.385,4.1139209999999995,0
9640,2011-07-14,5.395,5.495,5.375,5.495,4.197956,5000
9641,2011-07-15,5.41,5.59,5.41,5.535,4.228514,3600
9642,2011-07-18,5.44,5.44,5.44,5.44,4.155937000000001,200
9643,2011-07-19,5.45,5.875,5.385,5.53,4.224694,6000
9644,2011-07-20,5.56,5.62,5.44,5.44,4.155937000000001,13800
9645,2011-07-21,5.495,5.86,5.46,5.725,4.373666,13600
9646,2011-07-22,5.725,5.83,5.625,5.745,4.388945,44400
9647,2011-07-25,5.745,5.745,5.745,5.745,4.388945,0
9648,2011-07-26,5.65,5.875,5.635,5.875,4.488258999999999,5400
9649,2011-07-27,5.67,5.845,5.67,5.81,4.438603,2600
9650,2011-07-28,5.795,5.875,5.795,5.875,4.488258999999999,4400
9651,2011-07-29,5.77,5.99,5.745,5.99,4.576114,7400
9652,2011-08-01,5.84,5.945,5.82,5.9,4.50736,5600
9653,2011-08-02,5.725,5.9,5.725,5.73,4.377486,600
9654,2011-08-03,5.775,5.93,5.755,5.755,4.396585,1400
9655,2011-08-04,5.89,5.89,5.655,5.705,4.3583870000000005,3600
9656,2011-08-05,5.65,5.975,5.5,5.975,4.564654,6200
9657,2011-08-08,5.95,6.005,5.4,5.4,4.125380000000001,12000
9658,2011-08-09,5.59,5.59,5.425,5.545,4.236153,2600
9659,2011-08-10,5.405,5.44,5.405,5.44,4.155937000000001,800
9660,2011-08-11,5.42,5.705,5.42,5.675,4.335468,2400
9661,2011-08-12,5.675,5.675,5.675,5.675,4.335468,0
9662,2011-08-15,5.635,5.635,5.5,5.5,4.252354,2000
9663,2011-08-16,5.485,5.51,5.485,5.49,4.244623000000001,2600
9664,2011-08-17,5.49,5.49,5.49,5.49,4.244623000000001,0
9665,2011-08-18,5.46,5.715,5.46,5.675,4.387656,2000
9666,2011-08-19,5.735,5.74,5.55,5.67,4.383791,2000
9667,2011-08-22,5.675,5.675,5.65,5.665,4.379924,3000
9668,2011-08-23,5.515,5.95,5.515,5.95,4.6002730000000005,62800
9669,2011-08-24,5.865,5.865,5.71,5.75,4.4456430000000005,1200
9670,2011-08-25,5.74,5.75,5.625,5.625,4.348998,2000
9671,2011-08-26,5.625,5.67,5.62,5.67,4.383791,4000
9672,2011-08-29,5.74,5.74,5.58,5.625,4.348998,3200
9673,2011-08-30,5.73,5.73,5.73,5.73,4.43018,400
9674,2011-08-31,5.725,5.99,5.725,5.95,4.6002730000000005,7200
9675,2011-09-01,5.87,5.92,5.87,5.92,4.577079,1200
9676,2011-09-02,5.89,6.075,5.89,5.95,4.6002730000000005,3000
9677,2011-09-06,5.885,6.05,5.665,5.98,4.623469,5800
9678,2011-09-07,6.05,6.05,5.71,5.79,4.4765690000000005,2200
9679,2011-09-08,5.79,5.79,5.79,5.79,4.4765690000000005,0
9680,2011-09-09,5.79,5.79,5.79,5.79,4.4765690000000005,0
9681,2011-09-12,5.785,5.785,5.625,5.645,4.3644620000000005,2400
9682,2011-09-13,5.625,5.65,5.535,5.645,4.3644620000000005,2400
9683,2011-09-14,5.72,5.725,5.595,5.595,4.325803,2600
9684,2011-09-15,5.605,5.645,5.43,5.51,4.260085,10200
9685,2011-09-16,5.515,5.645,5.515,5.645,4.3644620000000005,6800
9686,2011-09-19,5.505,5.625,5.505,5.59,4.321937,2200
9687,2011-09-20,5.48,5.52,5.48,5.515,4.2639510000000005,4800
9688,2011-09-21,5.515,5.57,5.515,5.525,4.271683,2400
9689,2011-09-22,5.445,5.445,5.18,5.39,4.167306,12000
9690,2011-09-23,5.265,5.265,5.17,5.17,3.997212,3600
9691,2011-09-26,5.175,5.34,5.175,5.32,4.113185,4200
9692,2011-09-27,5.395,5.4,5.16,5.19,4.012675,3600
9693,2011-09-28,5.16,5.32,5.16,5.32,4.113185,1800
9694,2011-09-29,5.315,5.6,5.315,5.5,4.252354,8000
9695,2011-09-30,5.55,5.735,5.55,5.55,4.29101,7200
9696,2011-10-03,5.565,5.72,5.565,5.72,4.422448,400
9697,2011-10-04,5.61,5.61,5.56,5.57,4.306475,1600
9698,2011-10-05,5.655,5.75,5.6,5.715,4.418582,5800
9699,2011-10-06,5.995,6.015,5.75,5.875,4.542288,14800
9700,2011-10-07,5.875,5.875,5.61,5.73,4.43018,9800
9701,2011-10-10,5.75,5.76,5.275,5.605,4.3335360000000005,14600
9702,2011-10-11,5.6,5.6,5.48,5.48,4.236891,1200
9703,2011-10-12,5.515,5.515,5.3,5.365,4.147978,8000
9704,2011-10-13,5.315,5.39,5.14,5.35,4.136382,5000
9705,2011-10-14,5.375,5.435,5.22,5.425,4.194368,7200
9706,2011-10-17,5.485,5.6,5.485,5.6,4.329669,4000
9707,2011-10-18,5.625,5.625,5.46,5.595,4.325803,2400
9708,2011-10-19,5.525,5.555,5.515,5.555,4.294876,1200
9709,2011-10-20,5.675,5.765,5.675,5.765,4.4572400000000005,800
9710,2011-10-21,5.78,6.0,5.78,5.955,4.60414,6600
9711,2011-10-24,5.975,6.0,5.85,6.0,4.63893,8600
9712,2011-10-25,6.025,6.04,5.915,5.915,4.573214,2800
9713,2011-10-26,5.85,6.0,5.835,5.975,4.619603,5000
9714,2011-10-27,6.0,6.075,5.85,6.075,4.696918,8000
9715,2011-10-28,6.005,6.3,5.88,6.25,4.832221,10400
9716,2011-10-31,6.2,6.2,6.01,6.015,4.650529,3000
9717,2011-11-01,6.055,6.195,6.0,6.09,4.708516,6400
9718,2011-11-02,6.02,6.035,6.005,6.035,4.66599,2000
9719,2011-11-03,6.085,6.085,6.085,6.085,4.70465,200
9720,2011-11-04,6.035,6.035,6.0,6.0,4.63893,3000
9721,2011-11-07,5.855,5.9,5.76,5.9,4.561616000000001,1800
9722,2011-11-08,5.665,5.965,5.63,5.965,4.61187,8200
9723,2011-11-09,5.965,5.965,5.965,5.965,4.61187,0
9724,2011-11-10,5.95,6.175,5.805,6.165,4.766501,5200
9725,2011-11-11,6.105,6.135,5.82,6.115,4.727843,8000
9726,2011-11-14,6.085,6.15,5.855,6.15,4.807978,2800
9727,2011-11-15,6.13,6.15,6.13,6.15,4.807978,2400
9728,2011-11-16,6.12,6.16,5.93,6.145,4.804068,1600
9729,2011-11-17,6.08,6.125,6.08,6.1,4.768887,5800
9730,2011-11-18,6.1,6.1,6.1,6.1,4.768887,0
9731,2011-11-21,5.985,6.015,5.985,6.015,4.702436,1200
9732,2011-11-22,6.1,6.175,6.07,6.125,4.788433,8000
9733,2011-11-23,6.155,6.175,6.135,6.15,4.807978,5000
9734,2011-11-25,6.15,6.15,6.15,6.15,4.807978,0
9735,2011-11-28,6.15,6.2,6.095,6.095,4.764979,4800
9736,2011-11-29,6.015,6.3,6.015,6.3,4.925244,10000
9737,2011-11-30,6.295,6.34,6.125,6.16,4.815793,12000
9738,2011-12-01,6.31,6.36,6.285,6.285,4.913518,23000
9739,2011-12-02,6.35,6.375,6.295,6.375,4.983879,11600
9740,2011-12-05,6.37,6.42,6.245,6.41,5.011241,11200
9741,2011-12-06,6.42,6.42,6.155,6.39,4.995605,5000
9742,2011-12-07,6.35,6.37,6.155,6.37,4.9799690000000005,3200
9743,2011-12-08,6.35,6.35,6.145,6.145,4.804068,5200
9744,2011-12-09,6.185,6.305,6.03,6.305,4.9291529999999995,3200
9745,2011-12-12,6.275,6.345,6.245,6.255,4.890064,5000
9746,2011-12-13,6.34,6.345,6.16,6.16,4.815793,2200
9747,2011-12-14,6.19,6.425,5.975,5.995,4.6868,6000
9748,2011-12-15,6.035,6.335,6.035,6.265,4.897882,6800
9749,2011-12-16,6.3,6.34,6.03,6.03,4.714164,1400
9750,2011-12-19,6.055,6.38,6.05,6.325,4.944789,5800
9751,2011-12-20,6.185,6.35,6.125,6.235,4.874429,4400
9752,2011-12-21,6.2,6.355,6.135,6.205,4.850976,5000
9753,2011-12-22,6.18,6.35,6.18,6.25,4.886157,5000
9754,2011-12-23,6.235,6.32,6.235,6.245,4.882246,4400
9755,2011-12-27,6.155,6.355,6.155,6.305,4.9291529999999995,4200
9756,2011-12-28,6.345,6.345,6.195,6.195,4.843157,800
9757,2011-12-29,6.16,6.38,6.16,6.29,4.917426,18800
9758,2011-12-30,6.3,6.3,6.135,6.135,4.796251,5400
9759,2012-01-03,6.095,6.325,6.095,6.325,4.944789,2800
9760,2012-01-04,6.28,6.345,6.28,6.345,4.960426,6600
9761,2012-01-05,6.365,6.43,6.255,6.375,4.983879,6800
9762,2012-01-06,6.41,6.65,6.38,6.575,5.140236,34200
9763,2012-01-09,6.58,6.595,6.465,6.515,5.093329,12200
9764,2012-01-10,6.505,6.57,6.475,6.475,5.062057,3800
9765,2012-01-11,6.59,6.59,6.475,6.475,5.062057,2400
9766,2012-01-12,6.51,6.59,6.51,6.55,5.120691000000001,6800
9767,2012-01-13,6.54,6.55,6.54,6.55,5.120691000000001,1800
9768,2012-01-17,6.555,6.6,6.465,6.6,5.159779,9000
9769,2012-01-18,6.625,6.625,6.615,6.615,5.171506,2200
9770,2012-01-19,6.595,6.625,6.595,6.625,5.179323999999999,20600
9771,2012-01-20,6.725,6.745,6.64,6.64,5.191051,9400
9772,2012-01-23,6.665,6.75,6.62,6.62,5.175416,5600
9773,2012-01-24,6.75,6.75,6.59,6.6,5.159779,5800
9774,2012-01-25,6.555,6.555,6.475,6.475,5.062057,2800
9775,2012-01-26,6.505,6.55,6.26,6.26,4.893974,13000
9776,2012-01-27,6.3,6.645,6.3,6.59,5.151962999999999,2200
9777,2012-01-30,6.57,6.585,5.9,6.245,4.882246,14400
9778,2012-01-31,6.205,6.25,6.0,6.195,4.843157,9600
9779,2012-02-01,6.225,6.25,6.005,6.25,4.886157,8000
9780,2012-02-02,6.485,6.5,6.435,6.5,5.081601999999999,5600
9781,2012-02-03,6.51,6.625,6.395,6.575,5.140236,16400
9782,2012-02-06,6.555,6.58,6.445,6.445,5.038604,24800
9783,2012-02-07,6.0,6.45,5.76,6.38,4.987788,7400
9784,2012-02-08,6.11,6.45,6.11,6.45,5.042511,3000
9785,2012-02-09,6.45,6.45,6.4,6.4,5.003424,800
9786,2012-02-10,6.3,6.5,6.21,6.4,5.003424,7200
9787,2012-02-13,6.39,6.495,6.175,6.4,5.056757,8000
9788,2012-02-14,6.37,6.4,6.155,6.4,5.056757,1800
9789,2012-02-15,6.4,6.4,6.155,6.165,4.871078,7000
9790,2012-02-16,6.24,6.375,6.18,6.18,4.88293,16800
9791,2012-02-17,6.23,6.3,6.145,6.265,4.9500910000000005,8400
9792,2012-02-21,6.24,6.6,6.24,6.385,5.044905,18800
9793,2012-02-22,6.4,6.635,6.345,6.61,5.222681,12000
9794,2012-02-23,6.505,6.635,6.2,6.305,4.981694,36400
9795,2012-02-24,6.33,6.455,6.33,6.33,5.001449,1200
9796,2012-02-27,6.335,6.335,6.19,6.19,4.890832,8400
9797,2012-02-28,6.435,6.435,6.155,6.165,4.871078,4400
9798,2012-02-29,6.155,6.335,6.15,6.285,4.965892,5000
9799,2012-03-01,6.285,6.285,6.15,6.15,4.859227,8000
9800,2012-03-02,6.24,6.24,6.2,6.2,4.898732,2600
9801,2012-03-05,6.2,6.205,5.875,5.875,4.641945,28000
9802,2012-03-06,5.9,5.9,5.855,5.855,4.626142,400
9803,2012-03-07,5.84,5.875,5.7,5.745,4.539228,3600
9804,2012-03-08,5.755,5.755,5.7,5.71,4.511573,4800
9805,2012-03-09,5.67,5.725,5.56,5.725,4.523426000000001,17600
9806,2012-03-12,5.715,5.76,5.605,5.605,4.4286129999999995,12200
9807,2012-03-13,5.615,5.7,5.475,5.475,4.325897,16800
9808,2012-03-14,5.475,5.575,5.475,5.575,4.404909,12600
9809,2012-03-15,5.555,5.68,5.505,5.655,4.468118,17600
9810,2012-03-16,5.69,5.69,5.48,5.63,4.448366,2800
9811,2012-03-19,5.65,5.65,5.555,5.615,4.436514,1800
9812,2012-03-20,5.56,5.64,5.56,5.595,4.420711,1800
9813,2012-03-21,5.6,5.73,5.6,5.665,4.476019,5600
9814,2012-03-22,5.68,5.68,5.605,5.605,4.4286129999999995,3000
9815,2012-03-23,5.625,6.06,5.625,5.8,4.582685,5800
9816,2012-03-26,5.97,6.05,5.8,5.825,4.602437999999999,6800
9817,2012-03-27,5.835,5.875,5.75,5.865,4.634043,6800
9818,2012-03-28,5.9,5.9,5.75,5.76,4.551081,4800
9819,2012-03-29,5.775,5.775,5.755,5.755,4.547129,2000
9820,2012-03-30,5.815,5.875,5.75,5.875,4.641945,24000
9821,2012-04-02,5.79,5.87,5.75,5.87,4.637994,10800
9822,2012-04-03,5.92,5.92,5.76,5.805,4.586636,9000
9823,2012-04-04,5.85,5.925,5.75,5.825,4.602437999999999,39400
9824,2012-04-05,5.75,5.865,5.725,5.8,4.582685,55400
9825,2012-04-09,5.77,5.83,5.65,5.775,4.562932,19000
9826,2012-04-10,5.65,5.71,5.65,5.7,4.503675,19000
9827,2012-04-11,5.72,5.72,5.56,5.56,4.393058,15600
9828,2012-04-12,5.565,5.65,5.53,5.63,4.448366,23600
9829,2012-04-13,5.66,5.75,5.66,5.73,4.527378,10800
9830,2012-04-16,5.77,5.93,5.6,5.875,4.641945,3400
9831,2012-04-17,5.9,5.9,5.675,5.795,4.578735,4800
9832,2012-04-18,5.795,5.795,5.795,5.795,4.578735,0
9833,2012-04-19,5.7,5.715,5.7,5.7,4.503675,3000
9834,2012-04-20,5.58,5.8,5.58,5.735,4.531328,6200
9835,2012-04-23,5.72,5.72,5.72,5.72,4.519476,200
9836,2012-04-24,5.72,5.72,5.72,5.72,4.519476,0
9837,2012-04-25,5.785,5.8,5.785,5.8,4.582685,3600
9838,2012-04-26,5.79,5.795,5.77,5.795,4.578735,4000
9839,2012-04-27,5.75,5.75,5.75,5.75,4.54318,600
9840,2012-04-30,6.24,6.24,5.765,6.2,4.898732,1000
9841,2012-05-01,5.95,6.04,5.835,5.915,4.67355,9200
9842,2012-05-02,5.975,5.975,5.9,5.9,4.661697,1600
9843,2012-05-03,5.875,6.0,5.875,5.88,4.645894999999999,8600
9844,2012-05-04,5.91,5.91,5.76,5.875,4.641945,11800
9845,2012-05-07,5.835,6.0,5.835,5.955,4.705154,5800
9846,2012-05-08,5.925,5.925,5.755,5.875,4.641945,13600
9847,2012-05-09,5.815,5.98,5.815,5.935,4.689351,2000
9848,2012-05-10,5.945,5.945,5.875,5.875,4.641945,7000
9849,2012-05-11,5.875,5.93,5.875,5.93,4.6854,3000
9850,2012-05-14,5.865,5.885,5.865,5.875,4.695392,1600
9851,2012-05-15,5.97,5.97,5.95,5.95,4.755332,2400
9852,2012-05-16,5.965,5.965,5.875,5.875,4.695392,3800
9853,2012-05-17,5.875,5.875,5.875,5.875,4.695392,31000
9854,2012-05-18,5.875,5.875,5.875,5.875,4.695392,0
9855,2012-05-21,5.875,5.95,5.875,5.94,4.7473410000000005,2400
9856,2012-05-22,5.93,5.93,5.875,5.9,4.715371,2600
9857,2012-05-23,5.685,5.86,5.685,5.85,4.675411,2200
9858,2012-05-24,5.875,5.9,5.875,5.9,4.715371,1600
9859,2012-05-25,5.9,5.975,5.9,5.9,4.715371,1800
9860,2012-05-29,5.895,6.0,5.875,5.875,4.695392,9400
9861,2012-05-30,5.88,5.985,5.875,5.935,4.743343,1600
9862,2012-05-31,5.845,5.87,5.845,5.87,4.691395,1400
9863,2012-06-01,5.75,5.78,5.75,5.78,4.619466,2200
9864,2012-06-04,5.755,5.755,5.48,5.58,4.459622,16200
9865,2012-06-05,5.57,5.605,5.48,5.485,4.383698000000001,15400
9866,2012-06-06,5.485,5.485,5.485,5.485,4.383698000000001,0
9867,2012-06-07,5.5,5.515,5.5,5.505,4.399682,3600
9868,2012-06-08,5.43,5.655,5.35,5.655,4.519564,7000
9869,2012-06-11,5.645,5.645,5.35,5.6,4.475607,9800
9870,2012-06-12,5.6,5.6,5.6,5.6,4.475607,0
9871,2012-06-13,5.75,5.75,5.42,5.555,4.439641,1800
9872,2012-06-14,5.75,6.0,5.425,5.74,4.587496,4200
9873,2012-06-15,5.56,5.625,5.505,5.62,4.49159,2000
9874,2012-06-18,5.595,5.595,5.595,5.595,4.47161,200
9875,2012-06-19,5.91,5.99,5.72,5.815,4.647439,6800
9876,2012-06-20,5.815,5.815,5.815,5.815,4.647439,0
9877,2012-06-21,5.865,5.865,5.74,5.765,4.6074779999999995,2000
9878,2012-06-22,5.575,6.0,5.575,5.95,4.755332,12000
9879,2012-06-25,5.89,5.97,5.89,5.97,4.771317,2400
9880,2012-06-26,5.905,5.905,5.605,5.815,4.647439,3400
9881,2012-06-27,5.99,6.125,5.935,6.1,4.875214,7800
9882,2012-06-28,6.08,6.125,6.065,6.125,4.895194999999999,12400
9883,2012-06-29,6.125,6.125,5.8,5.85,4.675411,6200
9884,2012-07-02,5.655,6.12,5.655,6.12,4.891198999999999,1000
9885,2012-07-03,6.12,6.12,6.12,6.12,4.891198999999999,0
9886,2012-07-05,6.12,6.12,6.12,6.12,4.891198999999999,0
9887,2012-07-06,6.04,6.04,6.0,6.0,4.795292,4000
9888,2012-07-09,6.025,6.025,5.725,6.025,4.815275,3400
9889,2012-07-10,6.015,6.25,6.015,6.25,4.995097,4800
9890,2012-07-11,6.25,6.325,6.125,6.275,5.015078,7200
9891,2012-07-12,6.275,6.275,6.275,6.275,5.015078,0
9892,2012-07-13,5.875,6.2,5.875,6.14,4.907184,25200
9893,2012-07-16,6.12,6.12,6.1,6.1,4.875214,2200
9894,2012-07-17,6.08,6.08,6.08,6.08,4.859229,600
9895,2012-07-18,6.08,6.08,6.08,6.08,4.859229,0
9896,2012-07-19,6.165,6.165,6.035,6.035,4.823264,800
9897,2012-07-20,5.575,6.215,5.575,6.12,4.891198999999999,4000
9898,2012-07-23,6.0,6.025,6.0,6.025,4.815275,800
9899,2012-07-24,6.065,6.125,6.015,6.125,4.895194999999999,4000
9900,2012-07-25,6.075,6.075,6.075,6.075,4.855233999999999,600
9901,2012-07-26,6.115,6.13,6.025,6.125,4.895194999999999,6400
9902,2012-07-27,6.125,6.215,5.655,6.19,4.947144000000001,18000
9903,2012-07-30,6.19,6.19,6.19,6.19,4.947144000000001,0
9904,2012-07-31,6.145,6.15,6.125,6.145,4.911179,4200
9905,2012-08-01,6.125,6.125,6.0,6.0,4.795292,5400
9906,2012-08-02,6.005,6.05,5.775,5.99,4.787301,4200
9907,2012-08-03,6.07,6.07,5.83,5.86,4.683402,800
9908,2012-08-06,5.85,6.06,5.81,5.81,4.643441999999999,3200
9909,2012-08-07,5.81,5.81,5.81,5.81,4.643441999999999,0
9910,2012-08-08,5.96,6.19,5.875,5.875,4.695392,7400
9911,2012-08-09,5.875,5.875,5.875,5.875,4.695392,0
9912,2012-08-10,5.91,6.175,5.81,5.905,4.719368,19600
9913,2012-08-13,5.78,5.82,5.78,5.82,4.7052190000000005,1000
9914,2012-08-14,5.98,6.025,5.825,5.87,4.745642,3600
9915,2012-08-15,5.83,6.025,5.83,5.845,4.72543,2200
9916,2012-08-16,5.915,5.915,5.9,5.9,4.769896,800
9917,2012-08-17,5.735,5.875,5.735,5.86,4.737556,3600
9918,2012-08-20,5.93,5.93,5.93,5.93,4.794149,400
9919,2012-08-21,5.93,5.93,5.93,5.93,4.794149,0
9920,2012-08-22,6.0,6.0,6.0,6.0,4.85074,600
9921,2012-08-23,5.97,5.98,5.815,5.815,4.7011769999999995,2000
9922,2012-08-24,5.915,5.915,5.915,5.915,4.782023000000001,400
9923,2012-08-27,5.98,6.165,5.92,5.92,4.786065,2000
9924,2012-08-28,6.005,6.11,5.955,5.955,4.814361,2000
9925,2012-08-29,6.0,6.0,6.0,6.0,4.85074,1200
9926,2012-08-30,6.01,6.01,5.965,5.965,4.822445,800
9927,2012-08-31,6.015,6.015,5.82,5.82,4.7052190000000005,7400
9928,2012-09-04,5.85,5.85,5.84,5.84,4.721389,800
9929,2012-09-05,5.985,5.985,5.815,5.82,4.7052190000000005,8600
9930,2012-09-06,5.8,5.8,5.775,5.775,4.668839,2000
9931,2012-09-07,5.8,5.875,5.775,5.775,4.668839,6400
9932,2012-09-10,5.875,6.0,5.7,5.99,4.842657,14400
9933,2012-09-11,5.955,5.955,5.955,5.955,4.814361,200
9934,2012-09-12,6.03,6.06,6.0,6.005,4.8547839999999995,4200
9935,2012-09-13,6.035,6.06,5.94,6.055,4.895207,4800
9936,2012-09-14,6.06,6.06,5.88,6.055,4.895207,2800
9937,2012-09-17,5.92,5.94,5.92,5.94,4.802235,2200
9938,2012-09-18,5.955,5.955,5.955,5.955,4.814361,200
9939,2012-09-19,5.94,6.055,5.93,6.035,4.879036,2000
9940,2012-09-20,6.015,6.015,5.935,5.935,4.798192,1000
9941,2012-09-21,6.0,6.01,5.975,6.01,4.8588260000000005,3600
9942,2012-09-24,5.93,5.93,5.815,5.83,4.713303,11600
9943,2012-09-25,5.835,5.955,5.61,5.835,4.717347,6600
9944,2012-09-26,5.815,5.885,5.635,5.885,4.757769000000001,7800
9945,2012-09-27,5.885,5.885,5.885,5.885,4.757769000000001,0
9946,2012-09-28,5.91,6.0,5.895,6.0,4.85074,13400
9947,2012-10-01,5.81,6.035,5.81,6.0,4.85074,3400
9948,2012-10-02,6.045,6.045,6.025,6.045,4.887122,1000
9949,2012-10-03,6.06,6.06,6.0,6.06,4.8992510000000005,3000
9950,2012-10-04,5.855,6.08,5.805,6.0,4.85074,23800
9951,2012-10-05,6.045,6.125,6.045,6.05,4.891164,5600
9952,2012-10-08,6.115,6.115,5.91,5.955,4.814361,1800
9953,2012-10-09,5.955,5.955,5.955,5.955,4.814361,0
9954,2012-10-10,6.025,6.025,6.025,6.025,4.870955,200
9955,2012-10-11,6.025,6.025,6.025,6.025,4.870955,0
9956,2012-10-12,6.06,6.06,6.005,6.005,4.8547839999999995,1800
9957,2012-10-15,6.025,6.025,6.025,6.025,4.870955,600
9958,2012-10-16,5.905,6.045,5.905,6.0,4.85074,3000
9959,2012-10-17,6.0,6.0,6.0,6.0,4.85074,0
9960,2012-10-18,5.96,5.96,5.95,5.95,4.810318,1200
9961,2012-10-19,5.95,5.95,5.89,5.94,4.802235,800
9962,2012-10-22,5.895,5.9,5.895,5.9,4.769896,1600
9963,2012-10-23,5.905,5.905,5.905,5.905,4.7739400000000005,200
9964,2012-10-24,5.84,5.935,5.84,5.935,4.798192,3000
9965,2012-10-25,5.91,6.1,5.865,5.91,4.777981,14600
9966,2012-10-26,5.835,5.94,5.835,5.915,4.782023000000001,2600
9967,2012-10-31,5.865,5.94,5.805,5.81,4.697135,3200
9968,2012-11-01,5.895,5.94,5.895,5.94,4.802235,3800
9969,2012-11-02,5.94,5.94,5.94,5.94,4.802235,0
9970,2012-11-05,5.9,5.9,5.755,5.755,4.652668,400
9971,2012-11-06,5.81,5.935,5.785,5.785,4.676923,2000
9972,2012-11-07,5.79,5.8,5.775,5.775,4.668839,3000
9973,2012-11-08,5.8,5.8,5.625,5.74,4.640542,11200
9974,2012-11-09,5.57,5.695,5.21,5.61,4.589414,8800
9975,2012-11-12,5.63,5.63,5.575,5.575,4.5607809999999995,1400
9976,2012-11-13,5.605,5.605,5.365,5.4,4.417616000000001,2000
9977,2012-11-14,5.4,5.405,5.34,5.375,4.397167,4400
9978,2012-11-15,5.395,5.5,5.185,5.475,4.478972,8200
9979,2012-11-16,5.25,5.25,5.25,5.25,4.294905,200
9980,2012-11-19,5.3,5.6,5.3,5.365,4.3889830000000005,6400
9981,2012-11-20,5.325,5.395,5.3,5.385,4.405345,12200
9982,2012-11-21,5.3,5.3,5.3,5.3,4.335808999999999,200
9983,2012-11-23,5.385,5.385,5.325,5.325,4.356261,1000
9984,2012-11-26,5.37,5.745,5.37,5.745,4.699853,4400
9985,2012-11-27,5.68,5.92,5.54,5.905,4.830747,1800
9986,2012-11-28,5.905,5.905,5.905,5.905,4.830747,0
9987,2012-11-29,5.895,5.92,5.63,5.7,4.6630400000000005,14000
9988,2012-11-30,5.575,5.92,5.575,5.78,4.728486,2800
9989,2012-12-03,5.715,5.935,5.715,5.935,4.855288,2200
9990,2012-12-04,5.88,5.88,5.86,5.88,4.810294,5200
9991,2012-12-05,5.83,5.845,5.775,5.785,4.732575,3000
9992,2012-12-06,5.725,5.775,5.725,5.755,4.708034,3200
9993,2012-12-07,5.82,5.82,5.8,5.815,4.757119,1200
9994,2012-12-10,5.78,5.8,5.525,5.525,4.519876999999999,7800
9995,2012-12-11,5.56,5.86,5.45,5.71,4.67122,43400
9996,2012-12-12,5.74,5.89,5.7,5.89,4.818475,9600
9997,2012-12-13,5.89,5.945,5.89,5.9,4.826656,4800
9998,2012-12-14,5.9,5.9,5.64,5.725,4.683492,13000
9999,2012-12-17,5.61,5.92,5.61,5.725,4.683492,18000
10000,2012-12-18,5.77,5.875,5.77,5.775,4.724396,12800
10001,2012-12-19,5.655,5.875,5.61,5.82,4.994730000000001,9000
10002,2012-12-20,5.9,5.9,5.835,5.835,5.007601999999999,1000
10003,2012-12-21,5.655,5.73,5.635,5.675,4.8702879999999995,3400
10004,2012-12-24,5.87,5.925,5.69,5.775,4.95611,13600
10005,2012-12-26,5.83,5.91,5.655,5.66,4.857417,11400
10006,2012-12-27,5.695,5.855,5.65,5.65,4.848835,3000
10007,2012-12-28,5.675,5.71,5.5,5.51,4.728687,7800
10008,2012-12-31,5.46,5.815,5.46,5.725,4.9132,8400
10009,2013-01-02,5.825,5.825,5.53,5.675,4.8702879999999995,6200
10010,2013-01-03,5.72,5.83,5.65,5.775,4.95611,3400
10011,2013-01-04,5.735,5.87,5.63,5.67,4.8659989999999995,16000
10012,2013-01-07,5.715,5.865,5.625,5.635,4.835961,7400
10013,2013-01-08,5.635,5.635,5.635,5.635,4.835961,600
10014,2013-01-09,5.635,5.635,5.635,5.635,4.835961,0
10015,2013-01-10,5.635,5.635,5.635,5.635,4.835961,0
10016,2013-01-11,5.66,5.7,5.625,5.69,4.8831620000000004,4800
10017,2013-01-14,5.735,5.74,5.675,5.74,4.926073000000001,3400
10018,2013-01-15,5.675,5.815,5.58,5.635,4.835961,8800
10019,2013-01-16,5.635,5.775,5.635,5.73,4.917491,2600
10020,2013-01-17,5.73,5.73,5.625,5.695,4.887454,1200
10021,2013-01-18,5.695,5.695,5.695,5.695,4.887454,0
10022,2013-01-22,5.635,5.72,5.46,5.67,4.8659989999999995,12200
10023,2013-01-23,5.47,5.6,5.47,5.6,4.805924,1200
10024,2013-01-24,5.635,5.745,5.49,5.74,4.926073000000001,18000
10025,2013-01-25,5.755,5.775,5.555,5.68,4.874582,7000
10026,2013-01-28,5.65,5.67,5.605,5.67,4.8659989999999995,1000
10027,2013-01-29,5.675,5.685,5.525,5.685,4.878871,13200
10028,2013-01-30,5.685,5.69,5.58,5.64,4.8402519999999996,9600
10029,2013-01-31,5.675,5.735,5.635,5.68,4.874582,1600
10030,2013-02-01,5.735,5.75,5.61,5.645,4.844544,1800
10031,2013-02-04,5.535,5.735,5.53,5.68,4.874582,3800
10032,2013-02-05,5.65,5.725,5.65,5.725,4.9132,1800
10033,2013-02-06,5.735,5.735,5.735,5.735,4.921781,1200
10034,2013-02-07,5.65,5.65,5.645,5.645,4.844544,2400
10035,2013-02-08,5.675,5.725,5.675,5.725,4.9132,2200
10036,2013-02-11,5.795,5.795,5.61,5.675,4.8702879999999995,1800
10037,2013-02-12,5.725,5.775,5.725,5.75,4.934655,7400
10038,2013-02-13,5.75,5.75,5.675,5.75,4.934655,13000
10039,2013-02-14,5.665,5.815,5.665,5.775,4.95611,3000
10040,2013-02-15,5.775,5.775,5.775,5.775,4.95611,0
10041,2013-02-19,5.815,5.865,5.775,5.825,4.99902,7400
10042,2013-02-20,5.825,5.86,5.785,5.785,4.964691999999999,6800
10043,2013-02-21,5.815,5.815,5.75,5.765,4.947529,1200
10044,2013-02-22,5.86,5.86,5.86,5.86,5.029057,200
10045,2013-02-25,5.875,5.875,5.75,5.75,4.934655,5600
10046,2013-02-26,5.865,5.865,5.7,5.7,4.891744999999999,11800
10047,2013-02-27,5.755,5.895,5.75,5.75,4.934655,9600
10048,2013-02-28,5.795,5.825,5.795,5.825,4.99902,29000
10049,2013-03-01,5.68,5.785,5.665,5.665,4.861708,3400
10050,2013-03-04,5.665,5.69,5.565,5.67,4.8659989999999995,2000
10051,2013-03-05,5.61,5.755,5.61,5.745,4.930364,6000
10052,2013-03-06,5.85,5.915,5.84,5.88,5.04622,12600
10053,2013-03-07,5.77,5.95,5.75,5.75,4.934655,2200
10054,2013-03-08,5.795,5.995,5.75,5.99,5.140623000000001,7600
10055,2013-03-11,5.875,5.995,5.875,5.935,5.093422,1600
10056,2013-03-12,5.975,5.995,5.825,5.985,5.1363330000000005,4600
10057,2013-03-13,5.93,5.99,5.925,5.99,5.140623000000001,9200
10058,2013-03-14,5.92,5.92,5.845,5.91,5.071966000000001,5200
10059,2013-03-15,5.91,5.92,5.7,5.7,4.891744999999999,10200
10060,2013-03-18,5.7,5.7,5.7,5.7,4.891744999999999,0
10061,2013-03-19,5.9,5.9,5.61,5.61,4.814508,1000
10062,2013-03-20,5.985,5.985,5.77,5.795,4.973274,4400
10063,2013-03-21,5.795,5.795,5.795,5.795,4.973274,0
10064,2013-03-22,5.615,5.97,5.615,5.805,4.981856,3000
10065,2013-03-25,5.75,5.965,5.685,5.765,4.947529,18200
10066,2013-03-26,5.765,5.765,5.765,5.765,4.947529,0
10067,2013-03-27,5.625,5.625,5.625,5.625,4.827380000000001,400
10068,2013-03-28,5.765,5.995,5.625,5.995,5.144915,9600
10069,2013-04-01,5.785,5.8,5.785,5.8,4.977565,600
10070,2013-04-02,5.79,5.995,5.63,5.995,5.144915,4200
10071,2013-04-03,5.81,5.81,5.81,5.81,4.986147,200
10072,2013-04-04,5.815,5.905,5.635,5.785,4.964691999999999,7400
10073,2013-04-05,5.68,5.81,5.675,5.73,4.917491,1400
10074,2013-04-08,5.655,5.75,5.655,5.705,4.896033999999999,5200
10075,2013-04-09,5.68,5.995,5.635,5.805,4.981856,6200
10076,2013-04-10,5.655,5.785,5.655,5.785,4.964691999999999,400
10077,2013-04-11,5.695,5.765,5.66,5.765,4.947529,1000
10078,2013-04-12,5.71,5.75,5.675,5.75,4.934655,1000
10079,2013-04-15,5.685,5.83,5.685,5.83,5.00331,800
10080,2013-04-16,5.7,5.835,5.635,5.8,4.977565,16600
10081,2013-04-17,5.665,5.73,5.635,5.66,4.857417,6200
10082,2013-04-18,5.785,5.845,5.73,5.845,5.016183,4400
10083,2013-04-19,5.9,5.9,5.755,5.88,5.04622,1000
10084,2013-04-22,5.87,5.87,5.81,5.81,4.986147,1800
10085,2013-04-23,5.92,5.935,5.905,5.935,5.093422,5800
10086,2013-04-24,5.93,5.93,5.93,5.93,5.089131,400
10087,2013-04-25,5.87,6.0,5.87,5.905,5.067677,13800
10088,2013-04-26,5.89,5.91,5.825,5.91,5.071966000000001,2000
10089,2013-04-29,5.91,5.91,5.91,5.91,5.071966000000001,0
10090,2013-04-30,5.89,6.0,5.875,6.0,5.149205,3000
10091,2013-05-01,5.89,5.9,5.785,5.81,4.986147,1600
10092,2013-05-02,5.775,5.85,5.775,5.85,5.020474,5000
10093,2013-05-03,5.9,5.9,5.83,5.84,5.011894,15000
10094,2013-05-06,5.75,5.95,5.75,5.95,5.106294,2600
10095,2013-05-07,5.905,5.985,5.85,5.865,5.033347,4400
10096,2013-05-08,5.85,5.985,5.85,5.985,5.1363330000000005,7200
10097,2013-05-09,5.855,5.89,5.85,5.85,5.020474,8200
10098,2013-05-10,5.855,5.86,5.85,5.85,5.020474,3000
10099,2013-05-13,5.85,5.86,5.85,5.85,5.020474,2200
10100,2013-05-14,5.895,5.9,5.77,5.77,4.951819,52400
10101,2013-05-15,5.825,5.885,5.76,5.795,4.973274,12600
10102,2013-05-16,5.795,5.795,5.795,5.795,4.973274,0
10103,2013-05-17,5.86,5.86,5.86,5.86,5.029057,400
10104,2013-05-20,5.875,5.97,5.875,5.945,5.102004,11000
10105,2013-05-21,5.96,5.96,5.81,5.815,4.990438,10400
10106,2013-05-22,5.815,5.815,5.815,5.815,4.990438,0
10107,2013-05-23,5.805,5.84,5.805,5.84,5.011894,2000
10108,2013-05-24,5.8,5.815,5.75,5.795,4.973274,5400
10109,2013-05-28,5.795,5.84,5.77,5.77,4.951819,2200
10110,2013-05-29,5.765,5.765,5.725,5.75,4.934655,8600
10111,2013-05-30,5.825,5.825,5.705,5.75,4.934655,34800
10112,2013-05-31,5.715,5.835,5.715,5.795,4.973274,11400
10113,2013-06-03,5.705,5.8,5.705,5.74,4.926073000000001,15400
10114,2013-06-04,5.74,5.74,5.7,5.705,4.896033999999999,800
10115,2013-06-05,5.7,5.75,5.58,5.635,4.835961,10600
10116,2013-06-06,5.75,5.75,5.525,5.595,4.801632,11000
10117,2013-06-07,5.715,5.715,5.575,5.6,4.805924,7800
10118,2013-06-10,5.65,5.65,5.53,5.57,4.7801800000000005,5000
10119,2013-06-11,5.65,5.65,5.465,5.5,4.720104,32400
10120,2013-06-12,5.55,5.55,5.495,5.5,4.720104,5800
10121,2013-06-13,5.5,5.5,5.5,5.5,4.720104,600
10122,2013-06-14,5.5,5.5,5.475,5.5,4.720104,5400
10123,2013-06-17,5.5,5.5,5.495,5.495,4.715813,800
10124,2013-06-18,5.495,5.5,5.45,5.49,4.711523000000001,2000
10125,2013-06-19,5.47,5.635,5.45,5.495,4.715813,9200
10126,2013-06-20,5.47,5.615,5.45,5.45,4.677194,34400
10127,2013-06-21,5.475,5.485,5.445,5.485,4.707232,6400
10128,2013-06-24,5.425,5.425,5.375,5.375,4.612830000000001,2800
10129,2013-06-25,5.395,5.4,5.36,5.375,4.612830000000001,20200
10130,2013-06-26,5.405,5.5,5.35,5.5,4.720104,32600
10131,2013-06-27,5.53,5.535,5.315,5.345,4.587083,24800
10132,2013-06-28,5.395,5.485,5.35,5.395,4.629993,12000
10133,2013-07-01,5.43,5.65,5.43,5.56,4.771598,13600
10134,2013-07-02,5.625,5.635,5.47,5.515,4.732978,5000
10135,2013-07-03,5.515,5.515,5.515,5.515,4.732978,0
10136,2013-07-05,5.565,5.565,5.495,5.495,4.715813,800
10137,2013-07-08,5.515,5.62,5.515,5.545,4.758724,2600
10138,2013-07-09,5.575,5.635,5.555,5.635,4.835961,1400
10139,2013-07-10,5.625,5.625,5.48,5.545,4.758724,2400
10140,2013-07-11,5.58,5.69,5.58,5.685,4.878871,14200
10141,2013-07-12,5.51,5.7,5.465,5.66,4.857417,3000
10142,2013-07-15,5.65,5.65,5.525,5.545,4.758724,2800
10143,2013-07-16,5.525,5.66,5.415,5.415,4.647157,20000
10144,2013-07-17,5.455,5.48,5.38,5.405,4.6385760000000005,29000
10145,2013-07-18,5.49,5.545,5.38,5.39,4.6257019999999995,42600
10146,2013-07-19,5.385,5.495,5.04,5.195,4.458354,34800
10147,2013-07-22,5.25,5.485,5.15,5.2,4.462644999999999,30400
10148,2013-07-23,5.345,5.42,5.295,5.415,4.647157,55400
10149,2013-07-24,5.165,5.45,5.165,5.425,4.65574,16800
10150,2013-07-25,5.425,5.69,5.425,5.505,4.724396,63800
10151,2013-07-26,5.54,5.705,5.54,5.7,4.891744999999999,16800
10152,2013-07-29,5.665,5.705,5.47,5.7,4.891744999999999,38800
10153,2013-07-30,5.69,5.7,5.605,5.7,4.891744999999999,7400
10154,2013-07-31,5.7,5.83,5.605,5.81,4.986147,12600
10155,2013-08-01,5.83,5.83,5.715,5.815,4.990438,4200
10156,2013-08-02,5.785,5.905,5.65,5.88,5.04622,18400
10157,2013-08-05,5.9,6.05,5.755,5.95,5.106294,17200
10158,2013-08-06,5.985,6.175,5.88,6.105,5.2393160000000005,16400
10159,2013-08-07,6.025,6.185,6.025,6.165,5.290807,3000
10160,2013-08-08,6.185,6.355,6.125,6.31,5.415248,24600
10161,2013-08-09,6.35,6.41,6.205,6.31,5.415248,6000
10162,2013-08-12,6.26,6.33,6.255,6.29,5.398083,3200
10163,2013-08-13,6.285,6.29,6.285,6.29,5.398083,2800
10164,2013-08-14,6.29,6.325,6.15,6.15,5.277936,38400
10165,2013-08-15,6.2,6.215,6.15,6.15,5.277936,6800
10166,2013-08-16,6.2,6.365,6.2,6.3,5.406665,6800
10167,2013-08-19,6.325,6.35,6.26,6.32,5.423831,8200
10168,2013-08-20,6.32,6.32,6.275,6.275,5.385211,1000
10169,2013-08-21,6.29,6.32,6.205,6.22,5.338011,2800
10170,2013-08-22,6.25,6.25,5.805,6.21,5.329427,7400
10171,2013-08-23,6.245,6.245,5.85,6.035,5.1792419999999995,13400
10172,2013-08-26,5.985,6.075,5.985,6.01,5.157788,14600
10173,2013-08-27,5.94,5.97,5.88,5.92,5.080548,8200
10174,2013-08-28,5.905,6.08,5.905,6.015,5.162079,3400
10175,2013-08-29,6.0,6.0,5.775,5.86,5.029057,6200
10176,2013-08-30,5.81,6.15,5.81,5.935,5.093422,22000
10177,2013-09-03,6.0,6.19,6.0,6.04,5.183533000000001,5200
10178,2013-09-04,6.075,6.165,6.05,6.155,5.2822260000000005,5200
10179,2013-09-05,6.14,6.24,6.065,6.24,5.355173000000001,5000
10180,2013-09-06,6.25,6.25,6.095,6.22,5.338011,5200
10181,2013-09-09,6.195,6.195,5.965,6.065,5.204988,5400
10182,2013-09-10,6.01,6.13,6.0,6.0,5.149205,14400
10183,2013-09-11,6.085,6.22,6.02,6.215,5.333718,4000
10184,2013-09-12,6.25,6.25,5.835,5.96,5.114877,22800
10185,2013-09-13,5.96,6.025,5.935,5.955,5.1105849999999995,13800
10186,2013-09-16,5.975,6.235,5.965,6.235,5.350882,14600
10187,2013-09-17,6.25,6.325,6.005,6.245,5.359463,6000
10188,2013-09-18,6.305,6.325,6.125,6.32,5.423831,8400
10189,2013-09-19,6.325,6.455,6.15,6.305,5.410956,2000
10190,2013-09-20,6.04,6.45,6.04,6.375,5.471030000000001,19200
10191,2013-09-23,6.355,6.44,6.08,6.355,5.4538660000000005,10600
10192,2013-09-24,6.37,6.445,6.205,6.3,5.406665,5200
10193,2013-09-25,6.255,6.265,6.245,6.265,5.376629,3000
10194,2013-09-26,6.25,6.33,6.225,6.265,5.376629,2800
10195,2013-09-27,6.32,6.32,6.215,6.235,5.350882,2400
10196,2013-09-30,6.36,6.455,6.24,6.24,5.355173000000001,15000
10197,2013-10-01,6.435,6.65,6.425,6.645,5.702744,15000
10198,2013-10-02,6.53,6.595,6.53,6.545,5.616925,13000
10199,2013-10-03,6.535,6.65,6.355,6.65,5.707036,15400
10200,2013-10-04,6.585,6.635,6.42,6.555,5.625507,7600
10201,2013-10-07,6.555,6.585,6.55,6.555,5.625507,16400
10202,2013-10-08,6.595,6.7,6.595,6.61,5.672708,15000
10203,2013-10-09,6.655,6.655,6.55,6.555,5.625507,7800
10204,2013-10-10,6.59,6.71,6.475,6.475,5.55685,7000
10205,2013-10-11,6.455,6.495,6.455,6.455,5.539688,1000
10206,2013-10-14,6.52,6.605,6.5,6.5,5.578307,6000
10207,2013-10-15,6.5,6.59,6.45,6.555,5.625507,3800
10208,2013-10-16,6.59,6.61,6.5,6.605,5.668417,10600
10209,2013-10-17,6.61,6.61,6.605,6.605,5.668417,800
10210,2013-10-18,6.625,6.625,6.45,6.45,5.535394999999999,2800
10211,2013-10-21,6.45,6.7,6.445,6.64,5.698453,22800
10212,2013-10-22,6.68,6.745,6.68,6.745,5.788565,1400
10213,2013-10-23,6.75,6.75,6.745,6.745,5.788565,1000
10214,2013-10-24,6.415,6.8,6.415,6.8,5.8357660000000005,11600
10215,2013-10-25,6.785,7.325,6.785,7.275,6.243411,47200
10216,2013-10-28,7.475,8.485,7.44,8.05,6.9085160000000005,100400
10217,2013-10-29,7.655,7.95,7.45,7.71,6.616728,210400
10218,2013-10-30,7.71,7.71,7.375,7.465,6.40647,14000
10219,2013-10-31,7.57,7.745,7.125,7.55,6.479417,51600
10220,2013-11-01,7.55,7.55,7.15,7.495,6.432216,8400
10221,2013-11-04,7.495,7.725,7.375,7.71,6.616728,31000
10222,2013-11-05,7.72,7.72,7.625,7.625,6.543781,18000
10223,2013-11-06,7.65,7.675,7.3,7.34,6.299195,11600
10224,2013-11-07,7.2,7.69,7.0,7.62,6.53949,15000
10225,2013-11-08,7.455,7.455,7.005,7.34,6.355494,11200
10226,2013-11-11,7.55,8.1,7.34,8.055,6.974591,95600
10227,2013-11-12,8.075,8.075,7.7,7.7,6.667207,41600
10228,2013-11-13,7.885,8.075,7.825,8.055,6.974591,52400
10229,2013-11-14,8.075,8.075,7.77,7.835,6.7841,15600
10230,2013-11-15,7.89,8.04,7.76,7.88,6.823064,23200
10231,2013-11-18,7.795,8.015,7.75,7.96,6.892333,27000
10232,2013-11-19,7.85,8.02,7.6,8.0,6.926968,39600
10233,2013-11-20,7.845,7.975,7.55,7.77,6.727817999999999,29000
10234,2013-11-21,7.68,7.995,7.68,7.86,6.805746000000001,21000
10235,2013-11-22,7.925,7.945,7.785,7.945,6.879346000000001,4800
10236,2013-11-25,8.0,8.11,7.95,8.08,6.996238000000001,32800
10237,2013-11-26,8.02,8.12,7.86,8.035,6.957274000000001,5800
10238,2013-11-27,7.975,8.015,7.855,7.855,6.8014149999999995,7600
10239,2013-11-29,7.985,8.135,7.685,7.685,6.654219,2000
10240,2013-12-02,7.72,7.86,7.55,7.86,6.805746000000001,24600
10241,2013-12-03,7.705,8.15,7.705,8.085,7.0005679999999995,9400
10242,2013-12-04,7.97,8.0,7.71,7.83,6.77977,5600
10243,2013-12-05,7.895,7.97,7.71,7.935,6.870686999999999,11000
10244,2013-12-06,7.89,8.0,7.725,7.855,6.8014149999999995,4400
10245,2013-12-09,7.735,7.855,7.09,7.475,6.472384,33000
10246,2013-12-10,7.475,7.55,7.37,7.55,6.537326999999999,13800
10247,2013-12-11,7.55,7.62,7.42,7.505,6.498362,11800
10248,2013-12-12,7.425,7.835,7.35,7.785,6.740806,13200
10249,2013-12-13,7.77,7.82,7.77,7.82,6.771112,3400
10250,2013-12-16,7.405,7.815,7.405,7.8,6.753794,11600
10251,2013-12-17,7.75,7.84,7.705,7.83,6.77977,2400
10252,2013-12-18,7.84,7.945,7.565,7.945,6.879346000000001,10600
10253,2013-12-19,7.88,7.99,7.455,7.895,6.836050999999999,8400
10254,2013-12-20,7.85,8.035,7.75,8.035,6.957274000000001,109200
10255,2013-12-23,8.09,8.09,7.4,7.59,6.571961,29400
10256,2013-12-24,7.605,7.83,7.59,7.67,6.641230999999999,4200
10257,2013-12-26,8.02,8.05,7.58,7.745,6.706169999999999,7400
10258,2013-12-27,7.665,8.025,7.665,7.81,6.762452000000001,8800
10259,2013-12-30,7.755,7.795,7.65,7.76,6.719158,8400
10260,2013-12-31,7.735,7.89,7.655,7.74,6.701842,9600
10261,2014-01-02,7.715,7.715,7.715,7.715,6.680194,600
10262,2014-01-03,7.76,7.8,7.655,7.655,6.628242,6600
10263,2014-01-06,7.625,7.905,7.625,7.815,6.766781,19000
10264,2014-01-07,7.815,7.9,7.81,7.85,6.7970880000000005,5000
10265,2014-01-08,7.875,8.125,7.875,8.02,6.944286,40800
10266,2014-01-09,8.125,8.44,8.125,8.135,7.043861,44800
10267,2014-01-10,8.125,8.24,8.125,8.18,7.0828240000000005,17400
10268,2014-01-13,8.3,8.3,8.125,8.125,7.035203,6000
10269,2014-01-14,8.175,8.175,7.895,7.995,6.922638,13000
10270,2014-01-15,8.07,8.07,8.0,8.02,6.944286,20800
10271,2014-01-16,8.005,8.17,8.005,8.075,6.991909,2400
10272,2014-01-17,8.08,8.32,7.83,8.135,7.043861,20400
10273,2014-01-21,8.055,8.295,7.825,8.195,7.095811,5200
10274,2014-01-22,8.25,8.32,8.035,8.21,7.108801,3200
10275,2014-01-23,8.28,8.315,8.03,8.135,7.043861,6400
10276,2014-01-24,8.205,8.205,7.93,7.975,6.905321000000001,17000
10277,2014-01-27,7.935,8.145,7.825,7.855,6.8014149999999995,12600
10278,2014-01-28,7.88,8.005,7.64,7.655,6.628242,5200
10279,2014-01-29,7.645,7.7,7.215,7.325,6.342506,16800
10280,2014-01-30,7.24,7.29,7.02,7.285,6.307871,3600
10281,2014-01-31,7.5,7.8,7.395,7.8,6.753794,3400
10282,2014-02-03,7.535,7.6,7.32,7.48,6.476715,15800
10283,2014-02-04,7.835,7.835,7.835,7.835,6.7841,400
10284,2014-02-05,7.13,7.42,7.13,7.24,6.268905,5200
10285,2014-02-06,7.26,7.49,7.26,7.355,6.368481,2000
10286,2014-02-07,7.475,7.475,7.315,7.36,6.372809999999999,71400
10287,2014-02-10,7.405,7.405,7.1,7.225,6.255917,16600
10288,2014-02-11,7.625,7.65,7.25,7.56,6.545984,6000
10289,2014-02-12,7.615,7.775,6.75,7.62,6.597937,8000
10290,2014-02-13,7.51,7.66,7.41,7.66,6.632572,1400
10291,2014-02-14,7.36,7.55,7.33,7.545,6.5910779999999995,4200
10292,2014-02-18,7.48,7.57,7.315,7.395,6.460042,10000
10293,2014-02-19,7.375,7.44,7.35,7.415,6.477513,5400
10294,2014-02-20,7.59,7.91,7.59,7.655,6.687169,29600
10295,2014-02-21,7.56,7.625,7.525,7.625,6.660963000000001,13000
10296,2014-02-24,7.575,8.025,7.575,7.985,6.975447,10400
10297,2014-02-25,8.115,8.32,8.005,8.205,7.167632000000001,17000
10298,2014-02-26,8.155,8.38,8.12,8.3,7.25062,55200
10299,2014-02-27,8.245,8.245,8.03,8.03,7.014759,25400
10300,2014-02-28,8.005,8.335,8.005,8.335,7.281197,32800
10301,2014-03-03,8.375,8.425,8.11,8.2,7.163266,36800
10302,2014-03-04,8.425,8.44,8.2,8.395,7.33361,22000
10303,2014-03-05,8.33,8.35,8.275,8.3,7.25062,9800
10304,2014-03-06,8.28,8.415,8.275,8.275,7.228781,12000
10305,2014-03-07,8.275,8.31,8.23,8.23,7.189472,40000
10306,2014-03-10,8.23,8.42,8.175,8.24,7.198208,16400
10307,2014-03-11,8.25,8.25,8.09,8.09,7.0671729999999995,3800
10308,2014-03-12,8.0,8.1,8.0,8.025,7.010388000000001,13400
10309,2014-03-13,8.0,8.06,8.0,8.035,7.019125999999999,9600
10310,2014-03-14,8.0,8.0,7.975,7.975,6.966711999999999,1200
10311,2014-03-17,8.05,8.055,7.95,7.95,6.944871000000001,12200
10312,2014-03-18,7.955,7.955,7.555,7.755,6.774527,6200
10313,2014-03-19,7.8,7.875,7.685,7.845,6.853149,12200
10314,2014-03-20,7.8,7.8,7.61,7.72,6.743952,3000
10315,2014-03-21,7.675,7.725,7.485,7.72,6.743952,25200
10316,2014-03-24,7.55,7.745,7.55,7.64,6.674066000000001,7200
10317,2014-03-25,7.55,7.66,7.55,7.56,6.604181,17600
10318,2014-03-26,7.63,7.655,7.595,7.605,6.643491,11000
10319,2014-03-27,7.575,7.795,7.455,7.475,6.529926000000001,16800
10320,2014-03-28,7.35,7.64,7.35,7.455,6.512455999999999,4600
10321,2014-03-31,7.33,7.375,7.295,7.335,6.407628,22200
10322,2014-04-01,7.53,7.545,7.455,7.495,6.5473989999999995,10600
10323,2014-04-02,7.54,7.55,7.485,7.485,6.538663,3000
10324,2014-04-03,7.535,7.745,7.425,7.705,6.730847,20200
10325,2014-04-04,7.66,7.66,7.525,7.62,6.656594,7000
10326,2014-04-07,7.55,7.745,7.46,7.6,6.639122,13000
10327,2014-04-08,7.645,7.645,7.4,7.48,6.534294999999999,9400
10328,2014-04-09,7.53,7.74,7.51,7.725,6.748319,23000
10329,2014-04-10,7.79,8.195,7.69,7.99,6.979814,14800
10330,2014-04-11,7.97,8.055,7.755,7.925,6.923033,19400
10331,2014-04-14,8.005,8.025,7.755,7.985,6.975447,16600
10332,2014-04-15,7.985,8.17,7.9,8.03,7.014759,2000
10333,2014-04-16,8.195,8.195,7.91,8.005,6.9929179999999995,2400
10334,2014-04-17,8.015,8.16,7.845,8.16,7.128322,27400
10335,2014-04-21,8.17,8.195,7.75,8.185,7.150162,15800
10336,2014-04-22,8.115,8.17,7.935,8.155,7.1239550000000005,5400
10337,2014-04-23,8.0,8.1,7.95,8.04,7.023494,21600
10338,2014-04-24,8.02,8.42,7.87,8.42,7.35545,55800
10339,2014-04-25,8.245,8.3,8.17,8.24,7.198208,14600
10340,2014-04-28,8.205,8.205,8.005,8.095,7.071541000000001,8600
10341,2014-04-29,8.17,8.22,7.95,7.985,6.975447,10800
10342,2014-04-30,8.12,8.4,8.065,8.13,7.1021149999999995,12200
10343,2014-05-01,8.04,8.26,8.005,8.01,6.997286999999999,12200
10344,2014-05-02,8.02,8.225,7.955,7.955,6.949241000000001,1200
10345,2014-05-05,8.04,8.1,8.035,8.095,7.071541000000001,7600
10346,2014-05-06,8.095,8.095,7.935,7.935,6.931769,10200
10347,2014-05-07,8.065,8.21,8.05,8.115,7.089011,36000
10348,2014-05-08,8.19,8.245,8.1,8.2,7.163266,11800
10349,2014-05-09,8.2,8.2,8.1,8.1,7.075908999999999,9000
10350,2014-05-12,8.15,8.16,7.945,7.975,7.0252550000000005,31000
10351,2014-05-13,7.92,8.03,7.755,7.765,6.840264,28200
10352,2014-05-14,7.755,8.1,7.755,8.0,7.0472779999999995,66600
10353,2014-05-15,7.995,7.995,7.93,7.94,6.994422999999999,1400
10354,2014-05-16,7.785,7.95,7.765,7.855,6.919544999999999,10400
10355,2014-05-19,7.825,7.975,7.8,7.825,6.893117,18400
10356,2014-05-20,7.865,7.865,7.685,7.77,6.844669000000001,20600
10357,2014-05-21,7.72,7.725,7.705,7.725,6.805027000000001,1800
10358,2014-05-22,7.78,7.81,7.73,7.75,6.82705,6800
10359,2014-05-23,7.75,7.915,7.74,7.77,6.844669000000001,56600
10360,2014-05-27,7.815,7.895,7.765,7.765,6.840264,5200
10361,2014-05-28,8.175,8.175,7.82,7.885,6.9459740000000005,8800
10362,2014-05-29,7.82,7.95,7.7,7.75,6.82705,20400
10363,2014-05-30,7.9,8.1,7.71,7.71,6.791815,9200
10364,2014-06-02,7.64,7.875,7.64,7.81,6.879906,18600
10365,2014-06-03,7.665,7.785,7.65,7.675,6.760983,7800
10366,2014-06-04,7.56,7.765,7.56,7.765,6.840264,11400
10367,2014-06-05,7.655,7.7,7.655,7.7,6.783005,1400
10368,2014-06-06,7.645,7.84,7.645,7.745,6.822646000000001,9800
10369,2014-06-09,7.655,8.355,7.575,8.22,7.241078999999999,41200
10370,2014-06-10,8.35,8.97,8.25,8.935,7.870928999999999,42400
10371,2014-06-11,8.935,8.935,8.47,8.885,7.8268830000000005,37200
10372,2014-06-12,8.895,9.485,8.765,9.485,8.355428999999999,77000
10373,2014-06-13,8.87,9.355,8.405,9.355,8.240910000000001,32000
10374,2014-06-16,9.355,9.45,8.495,9.33,8.218886999999999,57800
10375,2014-06-17,9.395,9.4,9.09,9.17,8.077944,26200
10376,2014-06-18,9.1,9.39,9.1,9.37,8.254124000000001,23800
10377,2014-06-19,9.47,9.47,9.1,9.34,8.227699000000001,26800
10378,2014-06-20,9.37,9.37,7.96,8.53,7.514158999999999,217200
10379,2014-06-23,8.485,8.525,8.245,8.49,7.478924,19800
10380,2014-06-24,8.235,8.44,8.15,8.305,7.315956,26600
10381,2014-06-25,8.37,8.405,8.155,8.395,7.395237,14200
10382,2014-06-26,8.255,8.345,7.875,8.055,7.0957289999999995,29600
10383,2014-06-27,7.925,8.195,7.925,8.115,7.148582000000001,7200
10384,2014-06-30,8.05,8.105,7.9,8.105,7.139773,15000
10385,2014-07-01,8.005,8.35,7.555,8.335,7.342383,30600
10386,2014-07-02,8.45,8.93,8.44,8.85,7.796052,31000
10387,2014-07-03,8.68,9.045,8.58,8.75,7.7079580000000005,5000
10388,2014-07-07,8.925,8.98,8.67,8.775,7.729982000000001,18200
10389,2014-07-08,8.8,8.825,8.585,8.66,7.628678,17400
10390,2014-07-09,8.715,8.86,8.705,8.785,7.738792,14000
10391,2014-07-10,8.825,8.91,8.765,8.865,7.809264,17000
10392,2014-07-11,8.805,9.13,8.805,8.95,7.884142,13000
10393,2014-07-14,9.01,9.39,8.885,9.0,7.928189,22000
10394,2014-07-15,8.975,8.99,8.5,8.98,7.910571000000001,11000
10395,2014-07-16,9.05,9.05,8.78,8.955,7.888545,11600
10396,2014-07-17,8.975,8.975,8.69,8.905,7.844500999999999,13000
10397,2014-07-18,8.915,8.915,8.6,8.77,7.725579,10800
10398,2014-07-21,8.745,8.745,8.195,8.565,7.544992,20000
10399,2014-07-22,8.595,8.945,8.505,8.795,7.7476009999999995,13800
10400,2014-07-23,9.485,9.6,9.055,9.24,8.139606,188800
10401,2014-07-24,9.285,10.0,9.285,9.815,8.64613,107800
10402,2014-07-25,9.83,10.06,9.7,9.925,8.743032000000001,30600
10403,2014-07-28,9.93,10.175,9.655,10.175,8.963258,60200
10404,2014-07-29,10.105,10.335,10.055,10.335,9.104203,42600
10405,2014-07-30,10.0,10.175,9.985,10.175,8.963258,21600
10406,2014-07-31,10.075,10.645,9.97,10.375,9.139438,40600
10407,2014-08-01,10.505,10.64,9.84,10.21,8.994087,13600
10408,2014-08-04,10.12,10.405,10.05,10.05,8.853145,18000
10409,2014-08-05,10.145,10.625,10.125,10.455,9.209911,15200
10410,2014-08-06,10.525,11.0,10.525,10.865,9.571085,47000
10411,2014-08-07,10.83,11.11,10.77,10.905,9.60632,19000
10412,2014-08-08,10.985,11.325,10.71,11.26,9.919042999999999,50600
10413,2014-08-11,11.255,11.47,10.99,11.15,9.888005999999999,62800
10414,2014-08-12,10.985,11.35,10.985,11.08,9.825928999999999,29600
10415,2014-08-13,11.175,11.175,10.68,10.865,9.635261999999999,32600
10416,2014-08-14,10.86,11.17,10.57,10.9,9.6663,71000
10417,2014-08-15,10.87,11.175,10.78,11.0,9.754982,38000
10418,2014-08-18,10.9,11.175,10.8,11.01,9.76385,69000
10419,2014-08-19,11.015,11.025,10.98,10.995,9.75055,11000
10420,2014-08-20,11.025,11.025,10.775,11.005,9.759419,21000
10421,2014-08-21,10.905,11.02,10.8,10.86,9.630828999999999,25000
10422,2014-08-22,10.8,10.875,10.535,10.87,9.639698,11800
10423,2014-08-25,10.875,10.875,10.545,10.835,9.60866,18600
10424,2014-08-26,10.835,10.845,10.61,10.77,9.551016,9400
10425,2014-08-27,10.77,10.875,10.67,10.86,9.630828999999999,33000
10426,2014-08-28,10.78,11.02,10.75,10.795,9.573184,17600
10427,2014-08-29,10.875,10.98,10.75,10.875,9.644131,22200
10428,2014-09-02,10.925,11.17,10.855,11.1,9.843663000000001,41800
10429,2014-09-03,11.1,11.1,10.76,10.76,9.542146,12600
10430,2014-09-04,10.87,11.175,10.75,10.985,9.741679,28400
10431,2014-09-05,10.935,10.935,10.775,10.935,9.697343,21400
10432,2014-09-08,10.75,10.86,10.72,10.735,9.519977,15000
10433,2014-09-09,10.74,11.175,10.4,10.4,9.222894,35200
10434,2014-09-10,10.56,10.865,10.2,10.8,9.57762,24000
10435,2014-09-11,10.715,10.73,10.435,10.435,9.253932,18000
10436,2014-09-12,10.57,10.87,10.57,10.675,9.466766999999999,31400
10437,2014-09-15,10.915,10.915,10.425,10.65,9.444597,21400
10438,2014-09-16,10.735,10.735,10.43,10.535,9.342614,14600
10439,2014-09-17,10.87,10.87,10.5,10.505,9.31601,14000
10440,2014-09-18,10.595,10.81,10.505,10.54,9.347048,14200
10441,2014-09-19,10.85,10.865,10.575,10.8,9.57762,25400
10442,2014-09-22,10.8,10.855,10.635,10.765,9.546577000000001,30400
10443,2014-09-23,10.735,10.755,10.63,10.705,9.49337,10800
10444,2014-09-24,10.755,10.87,10.66,10.66,9.453465,24000
10445,2014-09-25,10.685,10.8,10.675,10.685,9.475636,11200
10446,2014-09-26,10.69,10.84,10.69,10.715,9.502237,3200
10447,2014-09-29,10.81,10.81,10.725,10.795,9.573184,21000
10448,2014-09-30,10.795,10.825,10.7,10.825,9.599791999999999,12200
10449,2014-10-01,10.795,11.0,10.78,10.945,9.706207000000001,36200
10450,2014-10-02,10.81,10.99,10.81,10.895,9.661866999999999,22600
10451,2014-10-03,10.87,10.97,10.83,10.95,9.710644,11800
10452,2014-10-06,10.9,10.95,10.845,10.85,9.621961,10200
10453,2014-10-07,10.915,10.995,10.855,10.855,9.626392999999998,8400
10454,2014-10-08,10.87,10.95,10.84,10.925,9.688473,13200
10455,2014-10-09,10.94,10.945,10.845,10.845,9.617526,7000
10456,2014-10-10,10.845,10.945,10.845,10.88,9.648564,23200
10457,2014-10-13,10.9,10.9,9.5,10.51,9.320441,17400
10458,2014-10-14,10.275,10.695,10.275,10.515,9.32488,10400
10459,2014-10-15,10.45,10.495,9.9,10.27,9.107608,8600
10460,2014-10-16,10.145,11.0,9.915,11.0,9.754982,13800
10461,2014-10-17,11.005,11.04,10.48,10.895,9.661866999999999,13800
10462,2014-10-20,10.94,10.94,10.405,10.56,9.364783000000001,14600
10463,2014-10-21,10.55,10.95,10.55,10.9,9.6663,18200
10464,2014-10-22,10.97,10.995,10.705,10.785,9.564318,13200
10465,2014-10-23,11.0,12.745,11.0,11.64,10.322545,96800
10466,2014-10-24,11.955,12.29,11.925,12.1,10.73048,21600
10467,2014-10-27,12.0,12.375,11.975,12.3,10.907845,21600
10468,2014-10-28,12.26,12.565,11.755,12.135,10.761519999999999,18200
10469,2014-10-29,12.25,12.26,11.99,12.065,10.699444,16400
10470,2014-10-30,12.1,13.22,11.7,11.76,10.428962,57800
10471,2014-10-31,11.65,12.11,11.65,12.0,10.6418,38400
10472,2014-11-03,12.0,12.39,12.0,12.2,10.819162,24000
10473,2014-11-04,12.055,12.44,12.045,12.045,10.681707000000001,13200
10474,2014-11-05,12.24,12.27,11.95,12.13,10.757085,48600
10475,2014-11-06,12.125,12.125,11.78,11.9,10.553118,19000
10476,2014-11-07,12.1,12.1,11.855,11.96,10.606326,22200
10477,2014-11-10,11.89,11.985,11.89,11.905,10.557553,7600
10478,2014-11-11,11.95,12.125,11.905,11.95,10.597458,13600
10479,2014-11-12,11.9,12.1,11.88,12.0,10.6418,22000
10480,2014-11-13,12.09,12.09,11.9,12.0,10.6418,15800
10481,2014-11-14,11.855,12.065,11.855,12.0,10.6418,4800
10482,2014-11-17,11.875,12.05,11.875,11.88,10.601642,9200
10483,2014-11-18,11.965,12.07,11.85,12.07,10.771197,52800
10484,2014-11-19,12.115,12.115,11.8,12.0,10.708734,9200
10485,2014-11-20,11.995,11.995,11.995,11.995,10.704267999999999,800
10486,2014-11-21,12.085,12.085,11.885,11.9,10.619489999999999,6800
10487,2014-11-24,11.985,12.105,11.95,11.965,10.677496000000001,9000
10488,2014-11-25,12.035,12.115,11.96,12.075,10.775659,36800
10489,2014-11-26,12.115,12.115,12.0,12.1,10.79797,17600
10490,2014-11-28,12.035,12.11,12.035,12.11,10.806892,1600
10491,2014-12-01,12.125,12.125,11.93,11.97,10.681958999999999,72200
10492,2014-12-02,11.965,12.12,11.955,12.1,10.79797,58000
10493,2014-12-03,11.76,12.065,11.76,11.93,10.646263000000001,10800
10494,2014-12-04,12.13,12.15,11.87,12.03,10.735499,18400
10495,2014-12-05,12.075,12.695,12.03,12.695,11.328941,34600
10496,2014-12-08,12.335,12.6,12.325,12.565,11.212933,83000
10497,2014-12-09,12.55,12.72,12.35,12.66,11.29771,52400
10498,2014-12-10,12.595,12.89,12.59,12.855,11.471726,41000
10499,2014-12-11,12.95,13.36,12.705,13.2,11.779603,178800
10500,2014-12-12,13.32,13.935,13.255,13.505,12.051782000000001,138400
10501,2014-12-15,13.75,13.8,13.46,13.555,12.096402000000001,32200
10502,2014-12-16,13.61,13.61,13.25,13.355,11.917924000000001,45200
10503,2014-12-17,13.4,13.505,13.285,13.485,12.033935000000001,69400
10504,2014-12-18,13.49,13.545,13.25,13.475,12.025012,132800
10505,2014-12-19,13.135,14.375,13.135,14.28,12.74339,95000
10506,2014-12-22,14.07,14.985,13.0,14.735,13.149426,48200
10507,2014-12-23,14.8,14.8,13.0,14.22,12.689845,68200
10508,2014-12-24,14.225,14.275,13.625,13.85,12.359658999999999,23400
10509,2014-12-26,13.895,14.8,13.875,14.5,12.939715,4600
10510,2014-12-29,14.305,14.795,14.095,14.755,13.167276000000001,37400
10511,2014-12-30,14.755,14.755,14.55,14.59,13.02003,10400
10512,2014-12-31,14.72,14.755,14.415,14.685,13.104808,17600
10513,2015-01-02,14.8,15.0,14.535,14.935,13.327909,44800
10514,2015-01-05,14.975,16.200001,14.935,16.200001,14.456788000000001,93000
10515,2015-01-06,16.465,17.75,16.205,17.075001,15.23763,122200
10516,2015-01-07,17.105,17.309998999999998,16.639999,16.9,15.081461,100800
10517,2015-01-08,17.1,18.75,16.99,18.469998999999998,16.482519,118400
10518,2015-01-09,18.545,18.940001000000002,18.084999,18.495001000000002,16.504832999999998,81800
10519,2015-01-12,18.74,18.895,16.754998999999998,17.485001,15.603514,98400
10520,2015-01-13,17.285,18.25,17.285,18.25,16.286188,69400
10521,2015-01-14,17.799999,18.344998999999998,17.105,18.145,16.192492,39800
10522,2015-01-15,17.975,18.209999,17.530001000000002,18.094998999999998,16.147873,29400
10523,2015-01-16,18.1,18.549999,17.875,18.475,16.486982,47400
10524,2015-01-20,18.754998999999998,18.754998999999998,18.0,18.379998999999998,16.402203,52600
10525,2015-01-21,18.855,18.855,18.155001000000002,18.834999,16.808243,57200
10526,2015-01-22,18.785,18.895,18.445,18.875,16.843943,37400
10527,2015-01-23,18.940001000000002,19.49,18.915001,19.059998999999998,17.009033,42200
10528,2015-01-26,19.049999,19.469998999999998,18.860001,19.049999,17.000107,65000
10529,2015-01-27,18.950001,19.325001,18.450001,18.665001,16.656538,36800
10530,2015-01-28,18.975,19.139999,18.525,18.75,16.732391,29400
10531,2015-01-29,18.610001,19.025,18.610001,18.700001,16.687770999999998,14200
10532,2015-01-30,18.905001000000002,19.01,18.645,18.975,16.93318,26600
10533,2015-02-02,19.184998999999998,19.375,17.93,18.245001000000002,16.281731,27400
10534,2015-02-03,18.25,19.125,18.25,18.5,16.509295,30200
10535,2015-02-04,18.905001000000002,18.905001000000002,18.264999,18.5,16.509295,37600
10536,2015-02-05,19.059998999999998,19.370001000000002,18.24,18.59,16.589605,27200
10537,2015-02-06,18.59,18.940001000000002,18.32,18.66,16.652075,19500
10538,2015-02-09,18.43,18.780001000000002,18.25,18.780001000000002,16.759165,34000
10539,2015-02-10,18.99,18.99,18.559998999999998,18.58,16.580679,21100
10540,2015-02-11,18.540001,18.889999,18.4,18.530001000000002,16.53606,45000
10541,2015-02-12,18.73,18.73,18.25,18.540001,16.544991,19600
10542,2015-02-13,18.32,18.52,17.01,18.34,16.432987,35700
10543,2015-02-17,18.09,18.450001,17.709999,18.370001000000002,16.459866,22200
10544,2015-02-18,18.389999,18.389999,17.709999,18.33,16.424025,25300
10545,2015-02-19,17.799999,18.690001000000002,17.799999,18.65,16.710751000000002,44900
10546,2015-02-20,18.25,18.35,18.18,18.27,16.370262,35500
10547,2015-02-23,18.27,18.610001,18.17,18.440001000000002,16.522585,49000
10548,2015-02-24,18.08,19.370001000000002,17.299999,17.6,15.769934,64000
10549,2015-02-25,17.51,18.459999,17.51,18.040001,16.164182999999998,56400
10550,2015-02-26,18.700001,18.700001,17.610001,18.35,16.441942,66000
10551,2015-02-27,17.860001,18.49,17.82,18.35,16.441942,37600
10552,2015-03-02,18.549999,18.700001,17.940001000000002,18.309998999999998,16.406105,91800
10553,2015-03-03,18.5,18.5,18.030001000000002,18.33,16.424025,21900
10554,2015-03-04,18.17,18.6,17.91,18.549999,16.621151,26300
10555,2015-03-05,18.35,18.74,18.09,18.4,16.486748000000002,29800
10556,2015-03-06,18.540001,18.639999,18.120001000000002,18.540001,16.61219,20800
10557,2015-03-09,18.59,18.59,18.16,18.450001,16.531549,27100
10558,2015-03-10,18.110001,18.6,18.08,18.16,16.2717,18400
10559,2015-03-11,18.51,18.549999,18.07,18.200001,16.307545,24200
10560,2015-03-12,18.0,18.469998999999998,18.0,18.33,16.424025,24900
10561,2015-03-13,18.209999,18.459999,18.16,18.360001,16.450907,20600
10562,2015-03-16,18.16,18.41,18.120001000000002,18.299999,16.397139000000003,21500
10563,2015-03-17,18.17,18.4,18.15,18.35,16.441942,28300
10564,2015-03-18,18.32,18.4,18.129998999999998,18.379998999999998,16.468822,21400
10565,2015-03-19,18.389999,18.450001,18.26,18.35,16.441942,21000
10566,2015-03-20,18.35,20.190001000000002,18.35,20.17,18.072697,94400
10567,2015-03-23,20.16,20.65,19.870001000000002,20.190001000000002,18.09062,58300
10568,2015-03-24,20.190001000000002,20.92,18.91,19.08,17.096039,48600
10569,2015-03-25,19.5,19.5,18.15,19.0,17.024357000000002,39300
10570,2015-03-26,18.799999,19.549999,18.719998999999998,19.0,17.024357000000002,18300
10571,2015-03-27,19.040001,19.1,18.709999,18.889999,16.925795,16100
10572,2015-03-30,18.969998999999998,19.200001,18.360001,18.940001000000002,16.970598000000003,22400
10573,2015-03-31,19.07,19.190001000000002,18.870001000000002,18.969998999999998,16.997477,18700
10574,2015-04-01,18.9,19.190001000000002,18.379998999999998,19.16,17.167721,48000
10575,2015-04-02,19.0,20.9,19.0,19.559998999999998,17.526127,59800
10576,2015-04-06,19.5,20.58,19.370001000000002,20.540001,18.40423,34400
10577,2015-04-07,20.24,21.0,20.18,20.82,18.655110999999998,37900
10578,2015-04-08,20.65,22.34,20.65,21.99,19.703453,48500
10579,2015-04-09,21.959999,22.68,21.85,22.389999,20.061860999999997,38900
10580,2015-04-10,22.43,23.370001000000002,22.18,23.08,20.680113000000002,69100
10581,2015-04-13,23.0,23.73,21.82,22.200001,19.891617,53800
10582,2015-04-14,22.23,22.549999,21.360001,22.42,20.088747,44300
10583,2015-04-15,22.190001000000002,22.25,21.6,21.92,19.640732,20900
10584,2015-04-16,21.93,22.09,21.049999,21.33,19.11208,28600
10585,2015-04-17,21.200001,22.379998999999998,20.950001,21.5,19.264404000000003,25800
10586,2015-04-20,21.67,22.59,21.309998999999998,22.26,19.945379,38600
10587,2015-04-21,22.379998999999998,22.379998999999998,21.52,21.799999,19.533210999999998,45500
10588,2015-04-22,21.5,21.530001000000002,20.549999,20.85,18.681993,73800
10589,2015-04-23,20.860001,21.24,19.0,19.1,17.113960000000002,42600
10590,2015-04-24,19.27,19.889999,18.790001,19.02,17.042279999999998,50200
10591,2015-04-27,18.74,19.23,18.139999,18.299999,16.397139000000003,44300
10592,2015-04-28,18.58,18.58,17.559998999999998,18.370001000000002,16.459866,53200
10593,2015-04-29,18.389999,18.700001,17.65,17.809998999999998,15.958097,27200
10594,2015-04-30,17.790001,17.99,16.610001,17.0,15.232319,79500
10595,2015-05-01,16.950001,17.139999,16.709999,16.77,15.026233,53200
10596,2015-05-04,16.540001,17.25,16.540001,17.110001,15.330881,54200
10597,2015-05-05,17.07,17.09,16.700001,16.82,15.071036,32200
10598,2015-05-06,16.950001,16.950001,16.370001000000002,16.5,14.784309,23500
10599,2015-05-07,16.549999,16.719998999999998,16.190001000000002,16.719998999999998,14.981432,28900
10600,2015-05-08,16.6,16.969998999999998,16.6,16.76,15.017276999999998,60000
10601,2015-05-11,16.799999,18.049999,16.790001,17.98,16.182837,37100
10602,2015-05-12,17.93,17.93,17.219998999999998,17.440001000000002,15.696812,50300
10603,2015-05-13,17.139999,18.01,17.139999,17.73,15.957817000000002,32100
10604,2015-05-14,17.950001,18.690001000000002,17.799999,18.1,16.290846,51400
10605,2015-05-15,18.190001000000002,18.200001,17.309998999999998,17.74,15.966825,37100
10606,2015-05-18,17.799999,19.049999,17.799999,18.85,16.965878,43100
10607,2015-05-19,18.68,19.299999,18.67,18.92,17.028881,29500
10608,2015-05-20,18.940001000000002,19.1,18.860001,18.92,17.028881,22900
10609,2015-05-21,18.93,20.01,18.93,19.76,17.784917999999998,25500
10610,2015-05-22,19.66,19.66,18.469998999999998,18.73,16.857872,24800
10611,2015-05-26,18.75,19.059998999999998,18.51,18.780001000000002,16.902874,32800
10612,2015-05-27,18.780001000000002,19.190001000000002,18.1,18.809998999999998,16.929873999999998,31400
10613,2015-05-28,18.780001000000002,18.98,17.99,18.68,16.81287,29400
10614,2015-05-29,18.469998999999998,18.99,18.469998999999998,18.9,17.01088,41800
10615,2015-06-01,18.860001,19.91,18.860001,19.389999,17.4519,67300
10616,2015-06-02,19.0,19.940001000000002,18.93,19.9,17.910921,64000
10617,2015-06-03,19.91,19.91,19.129998999999998,19.58,17.622913,30000
10618,2015-06-04,19.559998999999998,20.0,19.440001000000002,19.77,17.793917,57700
10619,2015-06-05,19.889999,20.450001,19.66,19.790001,17.811923999999998,58000
10620,2015-06-08,20.24,20.24,18.65,19.190001000000002,17.271894,52700
10621,2015-06-09,19.07,19.18,18.35,18.77,16.893873000000003,25600
10622,2015-06-10,18.77,19.07,18.299999,18.57,16.713865,34200
10623,2015-06-11,18.530001000000002,19.459999,18.530001000000002,19.25,17.325893,24000
10624,2015-06-12,18.889999,19.75,18.23,18.620001000000002,16.758865,36800
10625,2015-06-15,18.290001,18.290001,15.06,16.040001,14.436744000000001,167700
10626,2015-06-16,15.82,17.450001,15.66,17.41,15.669804999999998,63900
10627,2015-06-17,17.16,17.190001000000002,16.370001000000002,16.73,15.057776,76000
10628,2015-06-18,16.68,17.209999,16.68,17.0,15.300791,38000
10629,2015-06-19,16.92,17.49,16.92,17.309998999999998,15.579804999999999,31600
10630,2015-06-22,17.66,17.66,16.879998999999998,16.940001000000002,15.246784,74600
10631,2015-06-23,17.18,17.26,16.799999,16.889999,15.201782999999999,48000
10632,2015-06-24,16.65,17.139999,16.440001000000002,16.440001000000002,14.796763,53600
10633,2015-06-25,17.15,17.190001000000002,16.030001000000002,16.809998999999998,15.129779999999998,39100
10634,2015-06-26,16.690001000000002,17.120001000000002,16.1,16.27,14.643754000000001,878700
10635,2015-06-29,16.030001000000002,16.85,16.02,16.549999,14.895766,40600
10636,2015-06-30,16.639999,17.540001,16.27,16.540001,14.886766,39900
10637,2015-07-01,16.860001,17.48,16.809998999999998,17.23,15.507801999999998,28000
10638,2015-07-02,17.42,18.52,17.299999,18.18,16.362845999999998,61500
10639,2015-07-06,18.030001000000002,18.959999,17.66,18.790001,16.911869,51100
10640,2015-07-07,18.98,18.98,18.08,18.780001000000002,16.902874,34900
10641,2015-07-08,18.67,18.67,18.120001000000002,18.4,16.560858,39300
10642,2015-07-09,18.370001000000002,18.889999,18.35,18.65,16.785868,21200
10643,2015-07-10,18.82,19.23,18.719998999999998,19.15,17.235891,47600
10644,2015-07-13,19.030001000000002,20.209999,19.030001000000002,20.0,18.000931,64100
10645,2015-07-14,19.360001,20.16,19.290001,19.719998999999998,17.748915,20500
10646,2015-07-15,19.540001,19.790001,19.16,19.32,17.388897,19800
10647,2015-07-16,19.52,19.780001000000002,19.360001,19.77,17.793917,22700
10648,2015-07-17,19.77,19.889999,19.35,19.450001,17.505907,25000
10649,2015-07-20,19.41,19.41,18.379998999999998,18.48,16.63286,19000
10650,2015-07-21,18.620001000000002,18.99,18.4,18.709999,16.839863,15500
10651,2015-07-22,18.6,19.09,18.15,18.77,16.893873000000003,23900
10652,2015-07-23,18.49,18.75,16.549999,16.65,14.985774,157100
10653,2015-07-24,16.74,17.629998999999998,16.190001000000002,17.549999,15.795815,98700
10654,2015-07-27,17.360001,17.82,17.23,17.709999,15.939822,31400
10655,2015-07-28,17.709999,17.93,17.620001000000002,17.74,15.966825,47300
10656,2015-07-29,17.82,18.1,17.799999,18.1,16.290846,37300
10657,2015-07-30,17.99,18.879998999999998,17.9,18.52,16.668859,45400
10658,2015-07-31,18.66,19.25,18.530001000000002,19.23,17.307892000000002,61800
10659,2015-08-03,19.15,19.4,17.780001000000002,18.0,16.200836,99400
10660,2015-08-04,18.030001000000002,18.360001,17.549999,17.76,15.984827,24800
10661,2015-08-05,17.879998999999998,18.16,17.85,18.07,16.26384,20000
10662,2015-08-06,18.219998999999998,18.219998999999998,17.309998999999998,17.43,15.687810999999998,15600
10663,2015-08-07,17.43,17.5,17.1,17.4,15.660809,18000
10664,2015-08-10,17.35,17.559998999999998,16.98,17.08,15.446477,21900
10665,2015-08-11,17.02,17.08,16.549999,16.889999,15.274641,19300
10666,2015-08-12,16.870001000000002,16.870001000000002,16.110001,16.379998999999998,14.813422000000001,19300
10667,2015-08-13,16.42,16.42,16.110001,16.309998999999998,14.750117999999999,21800
10668,2015-08-14,16.18,17.16,16.18,17.16,15.518823000000001,42100
10669,2015-08-17,17.01,17.15,16.700001,17.059998999999998,15.428384,30100
10670,2015-08-18,16.9,17.01,16.5,16.6,15.012379999999999,18800
10671,2015-08-19,16.41,16.49,15.66,16.35,14.786292000000001,27700
10672,2015-08-20,16.17,16.969998999999998,15.87,16.58,14.994295000000001,31900
10673,2015-08-21,16.290001,16.48,16.07,16.459999,14.885767999999999,31500
10674,2015-08-24,16.1,16.4,15.65,16.200001,14.65064,38900
10675,2015-08-25,16.4,16.59,16.299999,16.49,14.9129,31700
10676,2015-08-26,16.73,16.75,16.200001,16.620001000000002,15.030467999999999,14200
10677,2015-08-27,16.790001,17.41,16.459999,17.0,15.374126,26000
10678,2015-08-28,16.969998999999998,17.389999,16.75,17.09,15.455519,34700
10679,2015-08-31,17.139999,17.379998999999998,16.709999,16.98,15.356038,23600
10680,2015-09-01,16.57,17.1,16.57,16.809998999999998,15.202295999999999,31000
10681,2015-09-02,17.18,17.360001,16.85,17.18,15.536909,21900
10682,2015-09-03,17.16,17.16,16.84,17.01,15.383166000000001,13100
10683,2015-09-04,16.75,17.040001,16.75,16.950001,15.328907999999998,17200
10684,2015-09-08,17.360001,17.48,16.959999,17.469998999999998,15.799171,21600
10685,2015-09-09,17.5,17.5,16.99,17.120001000000002,15.482648999999999,19000
10686,2015-09-10,17.139999,17.4,16.629998999999998,16.85,15.238473,12400
10687,2015-09-11,16.74,17.15,16.74,17.15,15.50978,6900
10688,2015-09-14,16.99,17.08,16.65,16.93,15.310822,10400
10689,2015-09-15,17.049999,17.190001000000002,16.93,17.190001000000002,15.545957000000001,8000
10690,2015-09-16,17.15,17.75,17.15,17.75,16.052397,19000
10691,2015-09-17,17.360001,18.120001000000002,16.629998999999998,17.870001000000002,16.160921,22900
10692,2015-09-18,17.870001000000002,17.91,17.559998999999998,17.67,15.980048000000002,26300
10693,2015-09-21,17.68,18.219998999999998,17.639999,17.709999,16.016223999999998,31500
10694,2015-09-22,17.48,18.08,17.299999,17.92,16.206135,24900
10695,2015-09-23,17.969998999999998,18.08,17.790001,17.969998999999998,16.251354,14300
10696,2015-09-24,17.719998999999998,18.040001,17.709999,17.870001000000002,16.160921,25200
10697,2015-09-25,17.879998999999998,18.0,17.27,17.280001000000002,15.627348000000001,16000
10698,2015-09-28,17.34,17.34,16.84,16.879998999999998,15.265603,38500
10699,2015-09-29,17.030001000000002,17.33,16.700001,17.09,15.455519,44900
10700,2015-09-30,17.35,17.959999,17.1,17.93,16.215181,36400
10701,2015-10-01,17.85,18.02,17.440001000000002,17.59,15.907699,42300
10702,2015-10-02,17.5,17.52,17.120001000000002,17.5,15.826303,20900
10703,2015-10-05,17.49,18.24,17.4,18.110001,16.377966,29200
10704,2015-10-06,17.91,18.15,17.879998999999998,18.01,16.287533,11200
10705,2015-10-07,18.1,18.110001,17.57,18.030001000000002,16.305614000000002,21900
10706,2015-10-08,18.059998999999998,18.959999,17.969998999999998,18.85,17.047192000000003,17900
10707,2015-10-09,18.950001,19.1,18.209999,18.82,17.020063,11000
10708,2015-10-12,18.93,19.879998999999998,18.549999,19.82,17.924423,27500
10709,2015-10-13,19.76,19.799999,19.299999,19.32,17.472239000000002,17700
10710,2015-10-14,18.959999,19.77,18.790001,18.9,17.092405,21200
10711,2015-10-15,18.709999,19.41,18.700001,19.15,17.318499,28000
10712,2015-10-16,19.219998999999998,19.290001,18.83,18.92,17.1105,17300
10713,2015-10-19,18.85,19.370001000000002,18.6,19.16,17.327545,11600
10714,2015-10-20,19.27,19.799999,19.049999,19.68,17.797812,15000
10715,2015-10-21,19.67,19.9,19.129998999999998,19.809998999999998,17.915382,25200
10716,2015-10-22,19.75,19.75,19.379998999999998,19.629998999999998,17.752588,47200
10717,2015-10-23,19.200001,19.4,18.34,18.93,17.119539000000003,41500
10718,2015-10-26,19.09,19.09,18.280001000000002,18.370001000000002,16.613106,12000
10719,2015-10-27,18.02,18.299999,16.6,16.74,15.138991,31800
10720,2015-10-28,16.540001,16.940001000000002,16.120001000000002,16.889999,15.274641,83900
10721,2015-10-29,16.41,17.139999,16.41,17.02,15.392213,61700
10722,2015-10-30,17.09,17.469998999999998,16.959999,17.040001,15.410298999999998,80200
10723,2015-11-02,17.08,17.49,17.049999,17.389999,15.726822,37600
10724,2015-11-03,17.360001,17.459999,17.129998999999998,17.33,15.672562,34700
10725,2015-11-04,17.24,17.59,17.110001,17.42,15.753954,9100
10726,2015-11-05,17.33,17.549999,17.0,17.389999,15.726822,20300
10727,2015-11-06,17.34,17.639999,17.190001000000002,17.59,15.907699,14100
10728,2015-11-09,17.360001,17.51,17.219998999999998,17.379998999999998,15.717785999999998,22200
10729,2015-11-10,17.309998999999998,17.549999,17.309998999999998,17.4,15.735868,18400
10730,2015-11-11,17.370001000000002,17.610001,16.93,17.35,15.690648999999999,17800
10731,2015-11-12,17.32,17.559998999999998,17.0,17.450001,15.781089999999999,28300
10732,2015-11-13,17.34,17.59,17.15,17.51,15.835348999999999,14200
10733,2015-11-16,17.370001000000002,17.75,17.299999,17.57,15.965285999999999,21600
10734,2015-11-17,17.5,17.82,17.42,17.639999,16.028893,27600
10735,2015-11-18,17.639999,17.940001000000002,17.52,17.91,16.274233,17300
10736,2015-11-19,17.950001,18.139999,17.67,17.76,16.137934,13100
10737,2015-11-20,17.9,18.219998999999998,17.370001000000002,17.51,15.910768,22200
10738,2015-11-23,17.629998999999998,17.68,17.26,17.299999,15.719948,18300
10739,2015-11-24,16.969998999999998,17.5,16.969998999999998,17.33,15.747206,28600
10740,2015-11-25,17.26,17.4,17.08,17.23,15.656343,40200
10741,2015-11-27,17.33,17.48,17.219998999999998,17.469998999999998,15.874417000000001,4400
10742,2015-11-30,17.4,18.68,17.219998999999998,18.49,16.801264,28900
10743,2015-12-01,18.700001,18.700001,18.24,18.389999,16.710392000000002,26900
10744,2015-12-02,18.42,18.85,18.01,18.18,16.519573,50800
10745,2015-12-03,18.24,18.610001,16.860001,17.129998999999998,15.565475,60100
10746,2015-12-04,17.209999,18.15,17.200001,17.200001,15.629085,64300
10747,2015-12-07,17.190001000000002,18.9,16.950001,17.1,15.538217000000001,36400
10748,2015-12-08,16.870001000000002,17.26,16.26,17.01,15.456431,16600
10749,2015-12-09,16.9,17.129998999999998,16.559998999999998,16.969998999999998,15.420089,23900
10750,2015-12-10,17.41,17.41,16.700001,17.0,15.447348000000002,23000
10751,2015-12-11,16.639999,17.0,16.43,16.51,15.002103,21200
10752,2015-12-14,16.48,16.48,15.86,16.280001000000002,14.793109,24100
10753,2015-12-15,16.379998999999998,18.01,15.98,16.200001,14.720416,22400
10754,2015-12-16,16.309998999999998,16.719998999999998,16.110001,16.700001,15.174748999999998,32300
10755,2015-12-17,16.639999,16.75,16.030001000000002,16.200001,14.720416,53300
10756,2015-12-18,16.1,16.219998999999998,15.5,15.85,14.402379999999999,68600
10757,2015-12-21,15.95,16.0,15.48,15.93,14.475074,37600
10758,2015-12-22,15.75,15.82,15.52,15.82,14.375122,29800
10759,2015-12-23,15.9,16.469998999999998,15.61,16.360001,14.865801999999999,20600
10760,2015-12-24,16.42,16.5,16.25,16.33,14.838536999999999,6800
10761,2015-12-28,16.23,16.23,15.6,15.95,14.49325,11500
10762,2015-12-29,16.15,16.58,15.63,16.540001,15.02936,19100
10763,2015-12-30,16.389999,17.35,16.059998999999998,16.860001,15.320135,28000
10764,2015-12-31,16.76,17.209999,16.459999,16.98,15.429174,28200
10765,2016-01-04,16.6,16.85,16.200001,16.370001000000002,14.874889000000001,25100
10766,2016-01-05,16.01,16.75,16.01,16.65,15.129315,25100
10767,2016-01-06,16.51,17.16,16.51,17.01,15.456431,31000
10768,2016-01-07,16.690001000000002,17.139999,16.690001000000002,17.0,15.447348000000002,31000
10769,2016-01-08,17.15,17.190001000000002,16.74,16.950001,15.401914999999999,19300
10770,2016-01-11,16.84,17.190001000000002,16.049999,17.08,15.520041,16800
10771,2016-01-12,17.110001,17.370001000000002,16.74,17.280001000000002,15.701776999999998,35900
10772,2016-01-13,17.24,17.25,16.68,16.92,15.374654999999999,25800
10773,2016-01-14,16.92,17.09,16.57,16.709999,15.183831,26800
10774,2016-01-15,16.27,16.58,15.5,15.71,14.275167999999999,51200
10775,2016-01-19,15.65,15.75,15.45,15.69,14.256994,30800
10776,2016-01-20,15.42,15.45,13.71,15.01,13.639099,71600
10777,2016-01-21,15.03,15.77,14.93,15.22,13.829920000000001,19300
10778,2016-01-22,15.33,15.78,15.21,15.59,14.166126,18900
10779,2016-01-25,15.49,16.059998999999998,15.29,15.54,14.120694,15500
10780,2016-01-26,15.61,15.83,15.42,15.73,14.293339999999999,13800
10781,2016-01-27,16.01,16.01,15.32,15.66,14.229733,21300
10782,2016-01-28,16.15,16.15,15.67,16.040001,14.575026999999999,57300
10783,2016-01-29,16.0,17.83,16.0,17.83,16.201542,30900
10784,2016-02-01,17.52,17.91,16.809998999999998,17.690001000000002,16.074329000000002,13500
10785,2016-02-02,17.07,17.440001000000002,16.809998999999998,17.0,15.447348000000002,17500
10786,2016-02-03,17.190001000000002,17.52,16.07,17.030001000000002,15.474611,18800
10787,2016-02-04,17.01,17.35,16.389999,16.860001,15.320135,34200
10788,2016-02-05,16.879998999999998,16.879998999999998,16.25,16.35,14.856715,19900
10789,2016-02-08,16.110001,16.280001000000002,15.79,16.200001,14.720416,11900
10790,2016-02-09,15.95,16.57,15.95,16.15,14.67498,12600
10791,2016-02-10,16.209999,16.5,15.91,16.35,14.856715,8400
10792,2016-02-11,15.93,16.280001000000002,15.85,16.25,14.765848000000002,9400
10793,2016-02-12,16.299999,16.459999,16.18,16.440001000000002,15.015187,4500
10794,2016-02-16,16.5,16.950001,16.450001,16.950001,15.480986999999999,12500
10795,2016-02-17,17.0,17.190001000000002,16.540001,16.99,15.517522,19200
10796,2016-02-18,16.860001,17.08,16.85,16.85,15.389655,5800
10797,2016-02-19,16.85,17.200001,16.58,16.82,15.362255,11500
10798,2016-02-22,16.879998999999998,17.200001,16.790001,17.030001000000002,15.554054999999998,15100
10799,2016-02-23,16.9,17.34,16.67,17.27,15.773254000000001,23100
10800,2016-02-24,17.02,17.51,16.83,17.51,15.992451999999998,15700
10801,2016-02-25,18.200001,18.200001,17.6,18.1,16.531317,13300
10802,2016-02-26,18.200001,18.27,17.35,18.08,16.51305,41200
10803,2016-02-29,18.25,18.25,17.66,17.75,16.211657000000002,16200
10804,2016-03-01,17.969998999999998,17.969998999999998,17.52,17.65,16.120316,20400
10805,2016-03-02,17.52,17.59,17.01,17.370001000000002,15.864593,33300
10806,2016-03-03,17.25,17.700001,16.99,17.4,15.891988000000001,40000
10807,2016-03-04,17.52,17.76,17.15,17.57,16.047255,42500
10808,2016-03-07,17.059998999999998,17.639999,17.059998999999998,17.440001000000002,15.928517999999999,27600
10809,2016-03-08,17.42,17.440001000000002,17.1,17.25,15.754988,17600
10810,2016-03-09,17.25,17.559998999999998,17.030001000000002,17.450001,15.937653,7800
10811,2016-03-10,17.6,17.6,17.32,17.42,15.910254,7400
10812,2016-03-11,17.610001,17.68,17.370001000000002,17.66,16.129456,7900
10813,2016-03-14,17.65,17.799999,17.620001000000002,17.639999,16.111187,5200
10814,2016-03-15,17.23,17.41,17.07,17.309998999999998,15.809789000000002,13900
10815,2016-03-16,17.290001,17.639999,17.290001,17.549999,16.028986,14200
10816,2016-03-17,17.549999,17.82,17.25,17.639999,16.111187,9000
10817,2016-03-18,17.73,18.0,17.34,17.91,16.357785999999997,27900
10818,2016-03-21,17.77,18.059998999999998,17.26,17.530001000000002,16.010717,15300
10819,2016-03-22,17.379998999999998,17.690001000000002,17.309998999999998,17.52,16.001589000000003,15500
10820,2016-03-23,17.33,17.6,17.200001,17.4,15.891988000000001,19500
10821,2016-03-24,17.549999,17.700001,17.25,17.51,15.992451999999998,25500
10822,2016-03-28,17.6,17.77,17.209999,17.459999,15.946785,17400
10823,2016-03-29,17.49,18.16,17.23,18.030001000000002,16.467385999999998,25600
10824,2016-03-30,18.030001000000002,18.24,17.67,18.1,16.531317,31500
10825,2016-03-31,18.08,18.08,17.799999,17.82,16.275586999999998,15000
10826,2016-04-01,17.809998999999998,18.24,17.450001,17.51,15.992451999999998,20400
10827,2016-04-04,17.5,17.809998999999998,17.129998999999998,17.139999,15.654518,15400
10828,2016-04-05,17.540001,17.540001,16.43,16.67,15.225253,22000
10829,2016-04-06,16.77,17.0,15.79,16.389999,14.969520000000001,19100
10830,2016-04-07,16.200001,16.709999,16.200001,16.450001,15.024320000000001,23800
10831,2016-04-08,16.450001,16.620001000000002,16.16,16.209999,14.80512,15800
10832,2016-04-11,16.200001,16.59,16.139999,16.209999,14.80512,12000
10833,2016-04-12,16.190001000000002,16.66,16.190001000000002,16.440001000000002,15.015187,25200
10834,2016-04-13,16.42,17.07,16.25,17.049999,15.572317000000002,32500
10835,2016-04-14,16.959999,17.26,16.959999,17.209999,15.718452,6100
10836,2016-04-15,17.139999,17.639999,17.139999,17.450001,15.937653,11400
10837,2016-04-18,17.469998999999998,17.940001000000002,16.92,17.77,16.229923,11600
10838,2016-04-19,17.780001000000002,17.92,17.629998999999998,17.77,16.229923,9700
10839,2016-04-20,17.84,18.1,17.74,17.950001,16.39432,14800
10840,2016-04-21,18.059998999999998,18.059998999999998,17.719998999999998,17.93,16.376054999999997,20200
10841,2016-04-22,17.85,18.190001000000002,17.67,17.91,16.357785999999997,22400
10842,2016-04-25,17.73,18.040001,17.4,17.49,15.974185,17400
10843,2016-04-26,17.549999,18.049999,16.91,17.93,16.376054999999997,13600
10844,2016-04-27,17.6,18.040001,17.0,17.959999,16.403448,14600
10845,2016-04-28,18.049999,18.9,18.049999,18.65,17.033649,26100
10846,2016-04-29,18.65,19.290001,18.65,19.02,17.371584,17100
10847,2016-05-02,19.219998999999998,19.25,18.360001,19.040001,17.389851,17600
10848,2016-05-03,18.99,18.99,18.309998999999998,18.51,16.905788,24000
10849,2016-05-04,18.280001000000002,18.82,18.219998999999998,18.51,16.905788,20500
10850,2016-05-05,18.32,18.67,18.32,18.549999,16.942316,9900
10851,2016-05-06,18.469998999999998,18.629998999999998,18.24,18.549999,16.942316,13800
10852,2016-05-09,18.549999,18.639999,18.48,18.530001000000002,16.924049,21800
10853,2016-05-10,18.5,19.1,18.48,18.77,17.14325,21600
10854,2016-05-11,18.719998999999998,18.719998999999998,18.41,18.459999,16.860119,12900
10855,2016-05-12,18.450001,18.48,18.15,18.290001,16.704855,14300
10856,2016-05-13,18.299999,18.4,18.030001000000002,18.139999,16.567854,12000
10857,2016-05-16,17.92,18.42,17.629998999999998,17.870001000000002,16.396275,14900
10858,2016-05-17,17.799999,17.799999,16.879998999999998,17.01,15.607195,20900
10859,2016-05-18,17.09,17.219998999999998,16.870001000000002,17.110001,15.698953,16500
10860,2016-05-19,17.48,18.02,17.219998999999998,17.83,16.359579,17400
10861,2016-05-20,17.959999,18.309998999999998,17.530001000000002,18.219998999999998,16.717415,12000
10862,2016-05-23,18.219998999999998,18.219998999999998,18.040001,18.139999,16.644009,6300
10863,2016-05-24,18.16,18.75,17.9,18.68,17.139473000000002,16500
10864,2016-05-25,18.68,18.870001000000002,17.950001,18.16,16.662359,16300
10865,2016-05-26,18.030001000000002,18.190001000000002,17.620001000000002,17.92,16.442152,15500
10866,2016-05-27,17.870001000000002,18.049999,17.68,17.93,16.45133,12800
10867,2016-05-31,17.870001000000002,17.959999,16.68,17.700001,16.240294,23100
10868,2016-06-01,17.629998999999998,18.25,17.48,18.25,16.744936,18800
10869,2016-06-02,18.219998999999998,19.280001000000002,18.219998999999998,19.17,17.589067,16000
10870,2016-06-03,19.08,19.26,17.57,19.110001,17.534012,14700
10871,2016-06-06,19.02,20.43,19.02,20.24,18.57082,35900
10872,2016-06-07,20.15,20.450001,20.040001,20.09,18.433193,17100
10873,2016-06-08,20.209999,20.27,19.889999,20.08,18.424019,13600
10874,2016-06-09,19.860001,20.18,19.860001,19.959999,18.313919,14700
10875,2016-06-10,19.85,20.290001,19.42,19.83,18.194633,12200
10876,2016-06-13,19.950001,19.950001,18.809998999999998,18.84,17.286282,20600
10877,2016-06-14,18.790001,19.18,18.74,18.879998999999998,17.322976999999998,16200
10878,2016-06-15,19.049999,19.52,18.91,19.24,17.653292,7700
10879,2016-06-16,19.209999,19.389999,18.84,19.110001,17.534012,17200
10880,2016-06-17,19.17,19.74,18.73,19.16,17.579891,60300
10881,2016-06-20,19.559998999999998,19.799999,19.059998999999998,19.17,17.589067,21600
10882,2016-06-21,19.059998999999998,19.67,19.059998999999998,19.5,17.891848,9100
10883,2016-06-22,19.6,20.0,19.33,19.41,17.809269,14100
10884,2016-06-23,19.950001,19.950001,19.389999,19.52,17.910201999999998,12100
10885,2016-06-24,18.959999,19.379998999999998,17.85,17.91,16.432976,89900
10886,2016-06-27,17.809998999999998,18.57,17.559998999999998,18.25,16.744936,50100
10887,2016-06-28,18.26,19.07,18.26,18.799999,17.249577,14900
10888,2016-06-29,18.5,19.030001000000002,18.379998999999998,18.549999,17.020195,12500
10889,2016-06-30,18.42,19.120001000000002,18.26,19.09,17.515663,21400
10890,2016-07-01,19.09,19.219998999999998,18.879998999999998,18.879998999999998,17.322976999999998,8400
10891,2016-07-05,18.809998999999998,18.809998999999998,17.92,18.129998999999998,16.634833999999998,17400
10892,2016-07-06,18.15,18.4,18.139999,18.370001000000002,16.855042,12500
10893,2016-07-07,18.379998999999998,19.110001,18.379998999999998,18.620001000000002,17.084421,7000
10894,2016-07-08,18.85,19.370001000000002,18.809998999999998,19.34,17.745045,10300
10895,2016-07-11,19.440001000000002,19.959999,19.290001,19.860001,18.222160000000002,11800
10896,2016-07-12,20.0,20.0,19.530001000000002,19.83,18.194633,18600
10897,2016-07-13,19.82,20.0,19.379998999999998,19.860001,18.222160000000002,18800
10898,2016-07-14,20.0,20.17,19.92,20.02,18.368965,11800
10899,2016-07-15,20.18,20.219998999999998,19.809998999999998,20.200001,18.534124,6800
10900,2016-07-18,20.200001,20.360001,19.780001000000002,19.889999,18.249689,15300
10901,2016-07-19,19.889999,20.08,19.58,19.76,18.130407,9000
10902,2016-07-20,19.77,20.309998999999998,19.77,20.309998999999998,18.63505,12600
10903,2016-07-21,20.309998999999998,20.5,16.65,18.0,16.515556,75400
10904,2016-07-22,18.1,18.16,17.76,17.84,16.368748,46600
10905,2016-07-25,17.639999,17.950001,17.5,17.83,16.359579,24400
10906,2016-07-26,17.799999,17.92,17.389999,17.4,15.965035,13600
10907,2016-07-27,17.42,17.549999,16.76,16.809998999999998,15.423694,51400
10908,2016-07-28,16.84,16.85,16.32,16.440001000000002,15.084206,22700
10909,2016-07-29,16.200001,16.299999,15.53,16.07,14.744720000000001,149300
10910,2016-08-01,16.18,16.469998999999998,16.18,16.280001000000002,14.937404999999998,22100
10911,2016-08-02,16.469998999999998,16.469998999999998,16.16,16.17,14.836473000000002,25800
10912,2016-08-03,16.15,16.24,16.0,16.24,14.9007,34400
10913,2016-08-04,16.09,16.34,16.0,16.16,14.827297,40400
10914,2016-08-05,16.290001,16.76,16.07,16.469998999999998,15.111732,112100
10915,2016-08-08,16.43,16.889999,16.4,16.879998999999998,15.487921,15100
10916,2016-08-09,16.74,17.73,16.67,17.559998999999998,16.111839,37300
10917,2016-08-10,17.52,17.65,17.360001,17.52,16.075142,16000
10918,2016-08-11,17.540001,17.84,17.290001,17.59,16.139366,16800
10919,2016-08-12,17.52,17.6,17.379998999999998,17.51,16.065962,9300
10920,2016-08-15,17.41,17.469998999999998,17.280001000000002,17.469998999999998,16.110228,11800
10921,2016-08-16,17.34,17.34,16.879998999999998,16.969998999999998,15.649141,14300
10922,2016-08-17,16.940001000000002,17.190001000000002,16.42,16.620001000000002,15.326389,6100
10923,2016-08-18,16.879998999999998,16.889999,15.76,16.030001000000002,14.78231,29000
10924,2016-08-19,16.030001000000002,16.450001,16.030001000000002,16.35,15.077402,21600
10925,2016-08-22,16.35,16.690001000000002,16.129998999999998,16.5,15.215728,13200
10926,2016-08-23,16.559998999999998,17.27,16.559998999999998,16.83,15.520039,13700
10927,2016-08-24,16.709999,16.99,16.68,16.790001,15.483156,13700
10928,2016-08-25,16.870001000000002,16.870001000000002,16.610001,16.709999,15.409381,4800
10929,2016-08-26,16.950001,16.950001,16.6,16.77,15.464711999999999,13500
10930,2016-08-29,16.66,16.77,16.389999,16.49,15.206503,10500
10931,2016-08-30,16.700001,17.110001,16.700001,16.92,15.603038,42200
10932,2016-08-31,17.07,17.200001,16.709999,16.98,15.658364,20200
10933,2016-09-01,16.940001000000002,17.15,16.530001000000002,16.93,15.612257999999999,13300
10934,2016-09-02,17.16,17.299999,16.809998999999998,17.299999,15.953458,12100
10935,2016-09-06,17.129998999999998,17.33,16.99,17.139999,15.805913,7800
10936,2016-09-07,17.219998999999998,17.549999,17.01,17.35,15.999571,26800
10937,2016-09-08,17.16,17.360001,17.07,17.299999,15.953458,12300
10938,2016-09-09,17.27,17.440001000000002,17.07,17.190001000000002,15.852023,20600
10939,2016-09-12,17.16,17.790001,17.16,17.75,16.368433,10900
10940,2016-09-13,17.49,18.5,17.129998999999998,17.51,16.147118,35100
10941,2016-09-14,18.139999,18.27,17.82,18.09,16.681963,11400
10942,2016-09-15,18.030001000000002,18.5,18.030001000000002,18.34,16.91251,13100
10943,2016-09-16,18.48,18.790001,18.41,18.73,17.272154,45400
10944,2016-09-19,18.709999,18.98,18.709999,18.83,17.364372,22300
10945,2016-09-20,18.860001,18.940001000000002,18.469998999999998,18.75,17.2906,12100
10946,2016-09-21,18.780001000000002,19.24,18.719998999999998,19.049999,17.567249,21300
10947,2016-09-22,19.059998999999998,19.75,18.83,19.67,18.138988,18600
10948,2016-09-23,19.51,20.0,19.110001,19.85,18.304981,12200
10949,2016-09-26,19.68,19.790001,19.01,19.129998999999998,17.64102,12600
10950,2016-09-27,18.99,19.77,18.99,19.58,18.055998000000002,16400
10951,2016-09-28,19.530001000000002,19.700001,19.200001,19.57,18.046772,9300
10952,2016-09-29,19.51,19.540001,19.129998999999998,19.219998999999998,17.724014,6400
10953,2016-09-30,19.200001,19.85,19.200001,19.790001,18.249653,13500
10954,2016-10-03,19.75,20.040001,19.559998999999998,19.629998999999998,18.102104,12000
10955,2016-10-04,19.629998999999998,19.799999,19.6,19.75,18.212765,14300
10956,2016-10-05,19.389999,19.9,19.389999,19.75,18.212765,10700
10957,2016-10-06,19.370001000000002,19.639999,19.110001,19.110001,17.622583,16800
10958,2016-10-07,19.48,19.530001000000002,19.0,19.16,17.668682,13400
10959,2016-10-10,19.23,19.23,19.0,19.120001000000002,17.631798,11000
10960,2016-10-11,19.110001,19.110001,17.700001,18.33,16.903284,13900
10961,2016-10-12,17.870001000000002,18.959999,17.870001000000002,18.780001000000002,17.318266,9700
10962,2016-10-13,18.5,18.969998999999998,18.030001000000002,18.32,16.894066,11200
10963,2016-10-14,18.200001,18.59,18.040001,18.5,17.060057,17200
10964,2016-10-17,17.82,18.6,17.610001,18.15,16.737301000000002,3100
10965,2016-10-18,18.41,18.870001000000002,17.889999,18.17,16.755743,6800
10966,2016-10-19,18.309998999999998,18.799999,18.309998999999998,18.74,17.281378,5700
10967,2016-10-20,18.65,19.26,18.65,18.799999,17.336704,6800
10968,2016-10-21,18.57,19.0,17.77,18.780001000000002,17.318266,7900
10969,2016-10-24,18.780001000000002,19.110001,18.18,18.879998999999998,17.410479000000002,6100
10970,2016-10-25,18.74,19.15,18.33,18.93,17.456591,8300
10971,2016-10-26,19.0,19.059998999999998,18.059998999999998,18.1,16.691195999999998,10200
10972,2016-10-27,17.92,18.639999,17.76,17.91,16.51598,8800
10973,2016-10-28,17.82,18.860001,17.74,18.120001000000002,16.709635000000002,11700
10974,2016-10-31,18.1,18.4,17.780001000000002,17.790001,16.405321,16700
10975,2016-11-01,17.77,18.07,16.870001000000002,16.940001000000002,15.621481,34600
10976,2016-11-02,16.799999,16.92,16.450001,16.51,15.224948999999999,25300
10977,2016-11-03,16.629998999999998,16.68,16.040001,16.08,14.828417000000002,21100
10978,2016-11-04,16.09,16.5,15.79,16.35,15.077402,56000
10979,2016-11-07,16.43,17.02,16.360001,16.99,15.667589000000001,33100
10980,2016-11-08,17.1,17.379998999999998,16.98,17.35,15.999571,3900
10981,2016-11-09,17.09,17.5,17.0,17.450001,16.091787,16100
10982,2016-11-10,17.75,18.200001,16.74,17.92,16.525202,12600
10983,2016-11-11,17.99,19.469998999999998,17.02,19.16,17.668682,36400
10984,2016-11-14,19.25,19.559998999999998,19.0,19.07,17.666832,18100
10985,2016-11-15,19.209999,19.209999,18.23,18.629998999999998,17.259210999999997,8800
10986,2016-11-16,18.75,19.0,18.700001,18.83,17.444492,10000
10987,2016-11-17,18.98,19.389999,18.549999,18.950001,17.555668,10900
10988,2016-11-18,18.379998999999998,18.99,18.0,18.84,17.453756,27400
10989,2016-11-21,18.84,19.219998999999998,18.610001,19.040001,17.639039999999998,17600
10990,2016-11-22,19.049999,19.25,18.59,19.17,17.759476,14300
10991,2016-11-23,19.09,19.09,18.389999,18.75,17.370379999999997,13800
10992,2016-11-25,18.940001000000002,19.02,18.57,19.02,17.620511999999998,2000
10993,2016-11-28,18.799999,19.120001000000002,18.299999,18.91,17.518606,74600
10994,2016-11-29,19.08,19.25,18.629998999999998,19.120001000000002,17.713154,15700
10995,2016-11-30,19.23,19.389999,19.1,19.190001000000002,17.778008,9000
10996,2016-12-01,19.299999,19.559998999999998,19.02,19.370001000000002,17.944759,33000
10997,2016-12-02,19.370001000000002,19.459999,18.879998999999998,19.18,17.76874,20700
10998,2016-12-05,19.360001,19.75,19.360001,19.65,18.204157000000002,21700
10999,2016-12-06,19.4,20.0,19.4,19.92,18.45429,13800
11000,2016-12-07,19.889999,20.0,18.870001000000002,19.809998999999998,18.352383,25600
11001,2016-12-08,19.889999,20.299999,17.620001000000002,19.84,18.380177,33400
11002,2016-12-09,19.85,21.02,19.41,20.59,19.074993,20400
11003,2016-12-12,20.25,20.389999,20.08,20.16,18.676632,15000
11004,2016-12-13,20.15,20.200001,19.879998999999998,20.18,18.69516,12800
11005,2016-12-14,20.6,20.799999,19.799999,19.92,18.45429,11500
11006,2016-12-15,20.030001000000002,20.290001,19.42,19.66,18.213423000000002,25700
11007,2016-12-16,19.84,20.389999,19.26,19.6,18.157833,52600
11008,2016-12-19,19.540001,20.18,19.540001,19.639999,18.194895000000002,16400
11009,2016-12-20,19.860001,19.889999,19.059998999999998,19.35,17.926229,16600
11010,2016-12-21,19.35,19.9,18.9,19.74,18.287537,9300
11011,2016-12-22,19.59,19.59,19.1,19.200001,17.78727,5500
11012,2016-12-23,18.860001,19.870001000000002,18.860001,19.4,17.972553,5100
11013,2016-12-27,19.360001,19.98,19.16,19.32,17.898439,11400
11014,2016-12-28,19.23,19.790001,19.1,19.209999,17.796532,16100
11015,2016-12-29,19.809998999999998,19.809998999999998,19.1,19.190001000000002,17.778008,4500
11016,2016-12-30,19.209999,19.709999,19.139999,19.620001000000002,18.176363000000002,16600
11017,2017-01-03,19.690001000000002,19.690001000000002,17.690001000000002,18.68,17.305523,29100
11018,2017-01-04,18.700001,18.799999,18.379998999999998,18.690001000000002,17.314795999999998,22700
11019,2017-01-05,18.530001000000002,18.700001,17.92,17.92,16.60145,12600
11020,2017-01-06,18.1,18.58,17.59,17.870001000000002,16.555128,22100
11021,2017-01-09,17.76,17.76,17.27,17.469998999999998,16.184561,16200
11022,2017-01-10,17.5,17.709999,17.290001,17.49,16.203089000000002,15300
11023,2017-01-11,19.09,19.09,17.41,17.629998999999998,16.332788,3900
11024,2017-01-12,17.389999,17.389999,17.1,17.120001000000002,15.860315,29500
11025,2017-01-13,17.92,17.92,17.4,17.65,16.351315,42500
11026,2017-01-17,17.67,17.83,17.360001,17.41,16.128973000000002,10600
11027,2017-01-18,17.42,17.629998999999998,17.01,17.379998999999998,16.101181,33000
11028,2017-01-19,17.299999,17.309998999999998,17.01,17.129998999999998,15.869579000000002,39000
11029,2017-01-20,17.030001000000002,17.889999,17.030001000000002,17.139999,15.878843,13600
11030,2017-01-23,17.049999,17.48,17.01,17.120001000000002,15.860315,7300
11031,2017-01-24,17.08,17.540001,17.059998999999998,17.309998999999998,16.036333,8900
11032,2017-01-25,17.379998999999998,17.57,17.059998999999998,17.299999,16.027069,4300
11033,2017-01-26,17.370001000000002,17.65,17.32,17.33,16.054859,11500
11034,2017-01-27,17.51,17.6,17.219998999999998,17.389999,16.110447,5300
11035,2017-01-30,17.26,17.450001,17.049999,17.1,15.841785,9000
11036,2017-01-31,17.120001000000002,17.27,16.91,17.02,15.767673,8700
11037,2017-02-01,17.02,17.110001,16.66,16.809998999999998,15.573122,28700
11038,2017-02-02,16.719998999999998,16.879998999999998,16.700001,16.76,15.526803,9500
11039,2017-02-03,16.709999,17.049999,16.65,16.969998999999998,15.721348,10000
11040,2017-02-06,16.84,17.52,16.84,16.959999,15.712085,14100
11041,2017-02-07,17.049999,17.059998999999998,16.92,16.940001000000002,15.69356,10800
11042,2017-02-08,17.02,17.24,16.73,16.940001000000002,15.69356,9600
11043,2017-02-09,17.0,17.290001,16.76,16.98,15.730613,17500
11044,2017-02-10,16.98,17.75,16.65,17.379998999999998,16.101181,4900
11045,2017-02-13,17.4,17.709999,16.950001,17.15,15.968962,13600
11046,2017-02-14,17.280001000000002,17.5,16.9,17.219998999999998,16.03414,10400
11047,2017-02-15,17.09,17.440001000000002,16.860001,17.41,16.211054,7900
11048,2017-02-16,17.450001,17.450001,16.98,17.139999,15.959651000000001,49600
11049,2017-02-17,17.23,17.370001000000002,17.040001,17.129998999999998,15.950339999999999,58700
11050,2017-02-21,17.15,17.16,16.83,16.93,15.764111999999999,23600
11051,2017-02-22,16.99,17.049999,16.67,16.790001,15.633756,12800
11052,2017-02-23,17.48,18.540001,17.25,18.299999,17.039766,30500
11053,2017-02-24,18.440001000000002,18.57,18.08,18.219998999999998,16.965277,4500
11054,2017-02-27,18.190001000000002,18.73,18.1,18.690001000000002,17.402910000000002,13600
11055,2017-02-28,18.440001000000002,18.530001000000002,18.08,18.32,17.058388,12900
11056,2017-03-01,18.4,19.24,17.01,18.719998999999998,17.430841,27800
11057,2017-03-02,18.459999,18.690001000000002,17.9,18.1,16.853544,54500
11058,2017-03-03,17.99,18.440001000000002,17.51,17.950001,16.713870999999997,46700
11059,2017-03-06,18.01,18.200001,16.76,16.959999,15.792045000000002,22900
11060,2017-03-07,16.93,17.139999,16.799999,17.030001000000002,15.857226,18100
11061,2017-03-08,17.120001000000002,17.4,16.879998999999998,16.969998999999998,15.801355,27000
11062,2017-03-09,17.0,17.120001000000002,16.799999,16.950001,15.782737,17100
11063,2017-03-10,17.030001000000002,17.08,16.799999,16.99,15.819982999999999,22400
11064,2017-03-13,16.91,17.379998999999998,16.77,17.02,15.847916,20100
11065,2017-03-14,17.639999,17.639999,16.84,17.049999,15.87585,17400
11066,2017-03-15,17.08,17.91,17.02,17.85,16.620758,15000
11067,2017-03-16,18.02,18.280001000000002,17.360001,18.040001,16.797672,24700
11068,2017-03-17,18.030001000000002,18.43,17.73,18.24,16.983898,88000
11069,2017-03-20,18.15,18.42,17.85,18.25,16.99321,9900
11070,2017-03-21,18.18,18.299999,17.450001,17.459999,16.257616,10100
11071,2017-03-22,17.459999,17.459999,16.860001,16.93,15.764111999999999,12800
11072,2017-03-23,16.99,17.02,16.76,17.01,15.838606,22200
11073,2017-03-24,17.120001000000002,17.379998999999998,16.98,17.129998999999998,15.950339999999999,6600
11074,2017-03-27,16.959999,17.280001000000002,16.959999,17.190001000000002,16.00621,5100
11075,2017-03-28,17.16,17.6,17.16,17.440001000000002,16.238989,11200
11076,2017-03-29,17.370001000000002,18.5,17.370001000000002,18.27,17.011833,18900
11077,2017-03-30,18.18,19.059998999999998,18.18,19.0,17.691563000000002,35100
11078,2017-03-31,18.870001000000002,19.02,18.190001000000002,18.6,17.319111,17200
11079,2017-04-03,18.67,19.1,17.809998999999998,18.379998999999998,17.11426,16000
11080,2017-04-04,18.469998999999998,18.469998999999998,17.129998999999998,18.15,16.900098999999997,29800
11081,2017-04-05,18.4,18.610001,18.07,18.209999,16.955963,14500
11082,2017-04-06,18.02,18.24,18.01,18.209999,16.955963,6000
11083,2017-04-07,18.24,19.25,18.15,19.219998999999998,17.89641,23000
11084,2017-04-10,19.25,19.25,18.35,18.5,17.225996,12300
11085,2017-04-11,18.35,18.75,18.299999,18.559998999999998,17.281862,12300
11086,2017-04-12,18.26,18.52,17.309998999999998,17.6,16.387974,11300
11087,2017-04-13,17.68,17.68,17.25,17.27,16.080702,8600
11088,2017-04-17,17.700001,18.02,17.360001,17.92,16.685935999999998,10500
11089,2017-04-18,17.959999,18.48,17.940001000000002,18.0,16.760426000000002,11300
11090,2017-04-19,18.219998999999998,18.5,17.809998999999998,18.27,17.011833,10700
11091,2017-04-20,18.6,18.74,18.23,18.73,17.440153,11400
11092,2017-04-21,18.65,18.75,18.200001,18.719998999999998,17.430841,10000
11093,2017-04-24,19.01,19.43,18.059998999999998,18.84,17.542579999999997,6000
11094,2017-04-25,18.940001000000002,19.190001000000002,18.6,18.889999,17.589136,5300
11095,2017-04-26,18.92,19.52,18.6,19.299999,17.970905,30300
11096,2017-04-27,17.6,19.0,17.42,18.459999,17.188747,16800
11097,2017-04-28,18.77,18.77,18.129998999999998,18.24,16.983898,10300
11098,2017-05-01,18.1,18.440001000000002,17.9,18.209999,16.955963,10700
11099,2017-05-02,17.42,19.059998999999998,17.42,18.85,17.551893,38600
11100,2017-05-03,18.700001,18.700001,18.360001,18.59,17.309797,12800
11101,2017-05-04,18.59,18.59,18.290001,18.389999,17.123569,4400
11102,2017-05-05,18.15,18.209999,17.809998999999998,18.049999,16.806984,9700
11103,2017-05-08,18.09,18.33,18.01,18.280001000000002,17.021143,39900
11104,2017-05-09,18.299999,18.43,18.110001,18.370001000000002,17.104945999999998,19700
11105,2017-05-10,18.26,18.700001,18.26,18.58,17.300482000000002,25500
11106,2017-05-11,18.459999,18.85,18.18,18.76,17.468088,41600
11107,2017-05-12,18.780001000000002,19.200001,18.540001,19.15,17.831234,41800
11108,2017-05-15,19.25,19.65,18.889999,18.98,17.754522,42200
11109,2017-05-16,18.93,19.16,18.58,18.889999,17.670336,16400
11110,2017-05-17,18.59,18.59,17.940001000000002,18.040001,16.875219,14600
11111,2017-05-18,18.91,18.91,17.540001,17.68,16.538462,9900
11112,2017-05-19,17.610001,18.379998999999998,17.41,17.83,16.67878,21600
11113,2017-05-22,17.85,18.620001000000002,17.85,18.610001,17.408417,27700
11114,2017-05-23,18.73,19.07,18.73,18.84,17.623566,30800
11115,2017-05-24,18.790001,19.469998999999998,18.68,19.24,17.997736,20900
11116,2017-05-25,19.33,19.33,18.9,18.940001000000002,17.717112,41700
11117,2017-05-26,18.92,19.23,18.809998999999998,19.1,17.866777,8500
11118,2017-05-30,19.01,19.299999,18.91,19.25,18.007092,11400
11119,2017-05-31,19.389999,19.51,19.049999,19.299999,18.053867,22800
11120,2017-06-01,19.42,19.98,19.23,19.85,18.568354,8500
11121,2017-06-02,19.85,21.35,19.84,21.139999,19.775063,31000
11122,2017-06-05,21.059998999999998,21.24,20.41,20.48,19.157677,15000
11123,2017-06-06,20.530001000000002,20.75,20.049999,20.139999,18.83963,8800
11124,2017-06-07,20.27,20.32,19.809998999999998,19.99,18.699312,10600
11125,2017-06-08,20.360001,20.809998999999998,19.799999,20.540001,19.213804,13200
11126,2017-06-09,20.620001000000002,21.280001000000002,20.620001000000002,21.049999,19.690872,20900
11127,2017-06-12,20.93,21.49,20.450001,20.57,19.241863000000002,17100
11128,2017-06-13,20.540001,21.049999,20.25,21.02,19.662810999999998,13900
11129,2017-06-14,21.02,21.389999,20.33,20.5,19.176385999999997,6900
11130,2017-06-15,20.790001,21.25,20.42,20.790001,19.447662,9000
11131,2017-06-16,20.459999,21.280001000000002,20.459999,21.280001000000002,19.906023,36700
11132,2017-06-19,21.34,21.34,19.74,21.02,19.662810999999998,6400
11133,2017-06-20,20.91,21.42,20.9,20.9,19.550562,7400
11134,2017-06-21,20.889999,21.51,20.799999,20.9,19.550562,14400
11135,2017-06-22,20.85,21.540001,20.42,21.02,19.662810999999998,13600
11136,2017-06-23,20.879998999999998,22.290001,20.879998999999998,22.27,20.832106,84800
11137,2017-06-26,22.139999,22.76,21.1,22.610001,21.150148,20000
11138,2017-06-27,22.75,22.76,21.450001,22.559998999999998,21.103374,15600
11139,2017-06-28,22.48,23.33,22.48,22.959999,21.477549,38400
11140,2017-06-29,23.0,23.0,22.299999,22.49,21.037897,20700
11141,2017-06-30,22.07,22.74,22.02,22.35,20.906939,10100
11142,2017-07-03,22.309998999999998,23.190001000000002,22.049999,23.129998999999998,21.636574,8400
11143,2017-07-05,22.870001000000002,22.870001000000002,22.309998999999998,22.59,21.131441,5700
11144,2017-07-06,22.200001,22.33,22.059998999999998,22.059998999999998,20.63566,6900
11145,2017-07-07,22.059998999999998,22.35,21.790001,22.23,20.794685,7500
11146,2017-07-10,22.15,22.5,21.700001,21.700001,20.298907999999997,25000
11147,2017-07-11,21.709999,22.700001,21.200001,22.07,20.645014,18800
11148,2017-07-12,21.719998999999998,22.74,21.65,22.49,21.037897,18000
11149,2017-07-13,22.209999,22.51,22.030001000000002,22.190001000000002,20.757269,18900
11150,2017-07-14,22.02,22.59,21.799999,22.4,20.953709,29100
11151,2017-07-17,22.299999,22.389999,21.91,22.120001000000002,20.691785999999997,4100
11152,2017-07-18,21.870001000000002,21.91,21.41,21.5,20.11182,10200
11153,2017-07-19,21.4,22.030001000000002,21.290001,21.76,20.355028,13100
11154,2017-07-20,21.860001,22.120001000000002,21.610001,21.77,20.364386,13900
11155,2017-07-21,21.950001,21.950001,21.299999,21.360001,19.980857999999998,23000
11156,2017-07-24,21.299999,21.85,20.92,21.450001,20.065046,27100
11157,2017-07-25,21.879998999999998,22.0,21.440001000000002,21.85,20.439222,13100
11158,2017-07-26,22.0,22.0,21.66,21.66,20.261485999999998,8900
11159,2017-07-27,21.75,22.41,21.0,22.299999,20.860163,40100
11160,2017-07-28,20.700001,22.559998999999998,20.700001,22.379998999999998,20.935001,17000
11161,2017-07-31,22.4,22.530001000000002,21.99,22.33,20.888229,11900
11162,2017-08-01,22.59,22.870001000000002,22.0,22.219998999999998,20.785328,17700
11163,2017-08-02,22.0,22.17,21.76,22.0,20.579532999999998,9300
11164,2017-08-03,22.0,22.0,21.629998999999998,21.629998999999998,20.233427,4200
11165,2017-08-04,22.07,22.07,21.66,21.9,20.485991000000002,8300
11166,2017-08-07,22.0,22.459999,21.860001,22.09,20.663729,53700
11167,2017-08-08,22.0,22.84,22.0,22.35,20.906939,12800
11168,2017-08-09,22.309998999999998,22.309998999999998,21.799999,21.99,20.570183,9100
11169,2017-08-10,21.98,22.18,21.65,21.67,20.270842000000002,30700
11170,2017-08-11,21.870001000000002,22.129998999999998,21.780001000000002,22.02,20.598244,27800
11171,2017-08-14,21.9,22.23,21.9,22.18,20.837814,14800
11172,2017-08-15,22.299999,22.299999,22.1,22.200001,20.856604,5500
11173,2017-08-16,22.1,22.4,22.1,22.280001000000002,20.931759,5200
11174,2017-08-17,22.09,22.200001,22.0,22.0,20.668703,15600
11175,2017-08-18,21.85,22.4,21.780001000000002,22.35,20.997526,12200
11176,2017-08-21,22.1,22.120001000000002,21.959999,21.959999,20.631123000000002,6500
11177,2017-08-22,21.959999,21.959999,21.530001000000002,21.59,20.283516,6800
11178,2017-08-23,21.469998999999998,21.48,21.02,21.290001,20.001670999999998,8800
11179,2017-08-24,21.5,21.709999,21.5,21.709999,20.396254000000003,10200
11180,2017-08-25,21.809998999999998,22.139999,21.18,21.959999,20.631123000000002,19700
11181,2017-08-28,20.700001,22.0,20.700001,21.790001,20.471413000000002,26500
11182,2017-08-29,21.77,22.57,21.74,22.4,21.0445,85100
11183,2017-08-30,22.360001,22.77,22.360001,22.5,21.138448999999998,7300
11184,2017-08-31,22.5,22.790001,21.940001000000002,22.02,20.687494,17100
11185,2017-09-01,22.08,22.309998999999998,21.959999,22.1,20.762651,5100
11186,2017-09-05,22.040001,22.27,21.700001,21.84,20.518389000000003,17500
11187,2017-09-06,22.02,22.280001000000002,21.6,22.08,20.743864000000002,34700
11188,2017-09-07,22.08,22.299999,21.75,22.18,20.837814,6000
11189,2017-09-08,21.879998999999998,22.16,21.74,22.049999,20.715681,5200
11190,2017-09-11,22.389999,22.629998999999998,21.700001,22.280001000000002,20.931759,6200
11191,2017-09-12,22.5,22.66,22.190001000000002,22.4,21.0445,9300
11192,2017-09-13,22.75,22.75,22.309998999999998,22.450001,21.091475,10400
11193,2017-09-14,22.09,22.309998999999998,21.860001,21.99,20.659311,10200
11194,2017-09-15,22.08,22.74,21.799999,22.690001000000002,21.316948,65000
11195,2017-09-18,22.879998999999998,23.629998999999998,22.6,23.01,21.617586,70000
11196,2017-09-19,23.379998999999998,23.379998999999998,22.91,23.0,21.608192000000003,25500
11197,2017-09-20,23.01,23.309998999999998,22.68,22.99,21.598795000000003,9500
11198,2017-09-21,22.889999,23.129998999999998,22.84,23.0,21.608192000000003,6000
11199,2017-09-22,22.99,23.0,22.83,23.0,21.608192000000003,5500
11200,2017-09-25,22.99,23.15,22.889999,22.889999,21.504848000000003,9900
11201,2017-09-26,23.0,23.129998999999998,22.950001,23.09,21.692745000000002,17100
11202,2017-09-27,23.15,23.370001000000002,22.73,23.049999,21.655163,29400
11203,2017-09-28,23.040001,23.120001000000002,22.950001,22.969998999999998,21.580006,12600
11204,2017-09-29,23.5,23.5,22.76,22.9,21.51424,14100
11205,2017-10-02,22.959999,23.629998999999998,22.43,23.549999,22.12491,11200
11206,2017-10-03,23.6,23.969998999999998,23.469998999999998,23.639999,22.209463,23200
11207,2017-10-04,23.68,23.9,23.610001,23.629998999999998,22.200067999999998,6900
11208,2017-10-05,23.799999,23.799999,22.969998999999998,23.040001,21.645771,15600
11209,2017-10-06,22.809998999999998,23.0,22.57,22.950001,21.561216,5900
11210,2017-10-09,22.889999,23.030001000000002,22.610001,23.030001000000002,21.636379,6000
11211,2017-10-10,22.809998999999998,23.049999,22.75,22.959999,21.570610000000002,8200
11212,2017-10-11,22.870001000000002,23.34,22.870001000000002,22.92,21.533033,9900
11213,2017-10-12,22.9,23.0,22.610001,22.68,21.307560000000002,9700
11214,2017-10-13,22.42,22.690001000000002,22.24,22.690001000000002,21.316948,10300
11215,2017-10-16,22.6,23.219998999999998,22.6,23.219998999999998,21.814877,116200
11216,2017-10-17,23.42,23.49,23.02,23.129998999999998,21.730324,9800
11217,2017-10-18,23.34,23.34,22.9,22.98,21.589399,10500
11218,2017-10-19,22.969998999999998,23.08,22.9,23.059998999999998,21.66456,59300
11219,2017-10-20,23.23,23.700001,23.200001,23.700001,22.265832999999997,15500
11220,2017-10-23,23.6,23.950001,23.42,23.84,22.39736,11400
11221,2017-10-24,23.959999,23.959999,23.5,23.76,22.322201,9200
11222,2017-10-25,23.65,23.65,22.93,23.33,21.918221,12700
11223,2017-10-26,24.0,24.0,23.15,23.25,21.843061,4500
11224,2017-10-27,23.280001000000002,23.93,23.280001000000002,23.700001,22.265832999999997,10400
11225,2017-10-30,23.450001,23.75,23.0,23.01,21.617586,11500
11226,2017-10-31,23.139999,23.5,23.09,23.469998999999998,22.049751,38100
11227,2017-11-01,23.52,23.6,23.059998999999998,23.379998999999998,21.965197,12900
11228,2017-11-02,23.27,23.66,23.129998999999998,23.59,22.162487,11400
11229,2017-11-03,23.6,23.639999,23.440001000000002,23.6,22.171881,13300
11230,2017-11-06,23.5,23.559998999999998,23.290001,23.52,22.096726999999998,2600
11231,2017-11-07,23.42,23.48,22.940001000000002,23.07,21.673958,9500
11232,2017-11-08,23.0,23.0,22.48,22.799999,21.420292,33800
11233,2017-11-09,22.799999,23.299999,22.75,23.09,21.692745000000002,5600
11234,2017-11-10,23.469998999999998,23.469998999999998,23.24,23.24,21.833666,2000
11235,2017-11-13,23.25,23.66,23.25,23.620001000000002,22.190673999999998,7100
11236,2017-11-14,23.24,23.65,23.040001,23.6,22.261415,4800
11237,2017-11-15,23.43,23.75,22.969998999999998,23.610001,22.270851,25900
11238,2017-11-16,23.379998999999998,24.0,23.379998999999998,23.9,22.544404999999998,18900
11239,2017-11-17,23.690001000000002,24.99,23.690001000000002,24.639999,23.242428,32400
11240,2017-11-20,24.639999,24.879998999999998,23.41,24.77,23.365059,17900
11241,2017-11-21,25.1,25.48,24.799999,25.299999,23.864995999999998,20500
11242,2017-11-22,25.35,25.450001,24.91,24.93,23.515982,21900
11243,2017-11-24,25.09,25.09,24.559998999999998,24.559998999999998,23.166969,3000
11244,2017-11-27,24.67,25.379998999999998,24.67,24.85,23.440519000000002,30800
11245,2017-11-28,25.0,25.209999,24.76,25.16,23.732935,17800
11246,2017-11-29,25.0,26.08,24.9,25.26,23.827265,22300
11247,2017-11-30,25.299999,25.9,25.0,25.43,23.987623000000003,24000
11248,2017-12-01,25.530001000000002,25.91,24.75,25.57,24.119682,18000
11249,2017-12-04,25.75,25.75,25.48,25.709999,24.251739999999998,6500
11250,2017-12-05,25.719998999999998,25.75,24.629998999999998,24.889999,23.478251,14700
11251,2017-12-06,24.690001000000002,25.200001,24.67,24.780001000000002,23.374491,35600
11252,2017-12-07,24.99,25.969998999999998,24.709999,25.889999,24.421532,78000
11253,2017-12-08,25.92,26.559998999999998,25.75,25.92,24.449831,8900
11254,2017-12-11,26.23,26.940001000000002,25.6,25.610001,24.157415,19500
11255,2017-12-12,25.860001,25.889999,25.18,25.309998999999998,23.874427999999998,16400
11256,2017-12-13,25.33,26.549999,25.33,26.200001,24.713949,14100
11257,2017-12-14,26.16,26.389999,25.34,25.41,23.968756,15600
11258,2017-12-15,25.43,26.77,25.43,26.459999,24.9592,45800
11259,2017-12-18,26.5,28.85,26.49,28.01,26.421286,34800
11260,2017-12-19,28.059998999999998,28.280001000000002,27.309998999999998,27.309998999999998,25.760986,53200
11261,2017-12-20,27.299999,27.82,27.02,27.35,25.798721,12900
11262,2017-12-21,27.52,27.889999,27.15,27.799999,26.223194,19000
11263,2017-12-22,27.879998999999998,28.24,27.139999,27.26,25.713827,8400
11264,2017-12-26,27.26,27.26,26.469998999999998,26.48,24.978065,5200
11265,2017-12-27,26.58,28.639999,26.23,27.25,25.704391,22000
11266,2017-12-28,27.34,28.209999,27.08,27.85,26.270366999999997,21100
11267,2017-12-29,27.719998999999998,27.799999,26.58,26.709999,25.195019,8900
11268,2018-01-02,26.76,27.120001000000002,25.75,26.200001,24.713949,13800
11269,2018-01-03,26.190001000000002,27.299999,25.75,25.809998999999998,24.346069,24700
11270,2018-01-04,25.959999,26.49,25.870001000000002,26.4,24.902603,8400
11271,2018-01-05,26.0,26.139999,23.889999,24.0,22.638731,43800
11272,2018-01-08,24.129998999999998,25.299999,24.0,24.959999,23.544276999999997,56500
11273,2018-01-09,24.98,25.139999,24.6,25.129998999999998,23.704639,12100
11274,2018-01-10,25.040001,25.059998999999998,24.51,25.0,23.58201,12800
11275,2018-01-11,25.0,26.280001000000002,25.0,25.379998999999998,23.940456,10600
11276,2018-01-12,25.51,26.02,25.5,25.780001000000002,24.31777,23300
11277,2018-01-16,25.780001000000002,26.190001000000002,25.08,25.129998999999998,23.704639,11500
11278,2018-01-17,25.4,25.950001,24.91,25.440001000000002,23.997055,8700
11279,2018-01-18,25.379998999999998,26.49,24.799999,25.59,24.138545999999998,15800
11280,2018-01-19,25.35,26.129998999999998,25.030001000000002,25.51,24.063084,24200
11281,2018-01-22,25.67,25.969998999999998,24.870001000000002,25.18,23.751801,13900
11282,2018-01-23,25.07,25.35,24.940001000000002,24.959999,23.544276999999997,17100
11283,2018-01-24,25.129998999999998,25.15,24.059998999999998,24.110001,22.742495,21100
11284,2018-01-25,24.17,25.42,24.040001,24.559998999999998,23.166969,35200
11285,2018-01-26,24.15,24.790001,24.049999,24.35,22.968878,32100
11286,2018-01-29,24.34,24.440001000000002,24.120001000000002,24.190001000000002,22.817951,15000
11287,2018-01-30,23.9,24.1,23.620001000000002,23.809998999999998,22.459507000000002,6500
11288,2018-01-31,23.9,24.48,23.42,23.559998999999998,22.223688,11200
11289,2018-02-01,23.52,24.24,23.52,23.59,22.251986,10400
11290,2018-02-02,23.41,23.84,23.299999,23.450001,22.119928,9500
11291,2018-02-05,23.450001,23.77,23.200001,23.209999,21.893541,45600
11292,2018-02-06,23.200001,23.99,22.940001000000002,23.059998999999998,21.752047,16800
11293,2018-02-07,24.26,24.26,22.950001,24.08,22.714195,13200
11294,2018-02-08,24.190001000000002,24.379998999999998,23.540001,23.57,22.233118,11400
11295,2018-02-09,23.85,24.18,23.51,24.0,22.638731,10200
11296,2018-02-12,24.15,24.299999,23.690001000000002,24.17,22.799088,7000
11297,2018-02-13,23.85,24.48,23.85,24.33,23.040575,9100
11298,2018-02-14,24.040001,24.77,24.040001,24.700001,23.390966,10200
11299,2018-02-15,24.610001,24.610001,23.83,24.200001,22.917465,11900
11300,2018-02-16,24.02,24.85,23.940001000000002,24.85,23.533016,12700
11301,2018-02-20,24.530001000000002,26.030001000000002,24.049999,24.370001000000002,23.078457,27300
11302,2018-02-21,24.450001,25.26,24.32,25.0,23.675066,9900
11303,2018-02-22,26.049999,26.5,25.799999,25.83,24.461079,27700
11304,2018-02-23,26.35,26.35,25.66,26.0,24.622068,8800
11305,2018-02-26,25.91,26.42,25.75,26.42,25.019811999999998,14300
11306,2018-02-27,26.25,26.27,25.549999,25.629998999999998,24.271675,9900
11307,2018-02-28,25.709999,25.83,24.99,25.1,23.769764000000002,10900
11308,2018-03-01,24.75,25.93,24.75,25.77,24.404257,8600
11309,2018-03-02,25.709999,25.879998999999998,25.190001000000002,25.58,24.224332999999998,6800
11310,2018-03-05,25.190001000000002,26.049999,25.190001000000002,26.02,24.64101,6500
11311,2018-03-06,25.959999,26.379998999999998,25.76,25.950001,24.574718,11500
11312,2018-03-07,25.85,27.59,25.85,27.41,25.957342,20600
11313,2018-03-08,27.469998999999998,27.530001000000002,26.27,26.370001000000002,24.972462,16000
11314,2018-03-09,27.799999,28.0,26.66,27.940001000000002,26.459255,28200
11315,2018-03-12,28.0,28.0,27.32,27.440001000000002,25.985754,17400
11316,2018-03-13,27.389999,27.65,27.049999,27.07,25.635363,14900
11317,2018-03-14,27.5,27.860001,27.1,27.65,26.184622,6900
11318,2018-03-15,27.57,28.459999,27.049999,28.25,26.752827000000003,17800
11319,2018-03-16,28.16,28.440001000000002,24.41,26.99,25.559601,82600
11320,2018-03-19,26.99,27.280001000000002,26.52,27.059998999999998,25.625891,26000
11321,2018-03-20,27.07,28.49,27.0,27.110001,25.673244,6300
11322,2018-03-21,27.190001000000002,27.950001,27.190001000000002,27.469998999999998,26.01416,6900
11323,2018-03-22,27.01,27.02,26.01,26.530001000000002,25.123981,25600
11324,2018-03-23,26.459999,26.5,25.809998999999998,25.959999,24.584188,18600
11325,2018-03-26,26.139999,26.940001000000002,25.299999,26.93,25.502781,15800
11326,2018-03-27,27.559998999999998,27.66,26.690001000000002,26.809998999999998,25.389141,13300
11327,2018-03-28,25.91,26.74,25.780001000000002,26.33,24.93458,11300
11328,2018-03-29,26.33,26.77,26.07,26.27,24.877762,21800
11329,2018-04-02,26.450001,27.66,26.059998999999998,26.549999,25.14292,19400
11330,2018-04-03,26.690001000000002,27.690001000000002,26.549999,26.549999,25.14292,9900
11331,2018-04-04,26.459999,27.73,25.91,26.82,25.398609,6600
11332,2018-04-05,27.07,27.34,26.709999,26.98,25.550131,5700
11333,2018-04-06,26.950001,26.950001,26.290001,26.440001000000002,25.03875,9500
11334,2018-04-09,26.459999,27.139999,26.360001,26.59,25.180801000000002,10500
11335,2018-04-10,26.709999,27.5,26.190001000000002,26.59,25.180801000000002,8900
11336,2018-04-11,26.389999,26.790001,26.389999,26.549999,25.14292,9800
11337,2018-04-12,26.77,27.790001,26.65,27.48,26.023632,13100
11338,2018-04-13,27.469998999999998,27.469998999999998,25.959999,26.49,25.086103,30500
11339,2018-04-16,26.559998999999998,27.09,26.139999,26.5,25.095572,17100
11340,2018-04-17,26.540001,27.07,26.33,26.76,25.341791,20800
11341,2018-04-18,27.26,27.26,26.700001,26.83,25.408085,7100
11342,2018-04-19,27.5,27.5,26.860001,26.92,25.493311,9300
11343,2018-04-20,26.75,26.780001000000002,26.17,26.5,25.095572,17000
11344,2018-04-23,26.799999,26.799999,26.120001000000002,26.25,24.858818,7300
11345,2018-04-24,26.27,27.24,25.75,25.959999,24.584188,31700
11346,2018-04-25,26.360001,26.360001,25.75,26.01,24.631538,19700
11347,2018-04-26,25.98,26.709999,25.889999,26.620001000000002,25.209211,27600
11348,2018-04-27,26.66,26.83,26.379998999999998,26.57,25.161861,10500
11349,2018-04-30,26.76,27.18,26.6,26.82,25.398609,7800
11350,2018-05-01,26.75,27.41,26.110001,27.219998999999998,25.777411999999998,8800
11351,2018-05-02,26.49,26.49,22.26,24.98,23.656126,100300
11352,2018-05-03,24.68,24.83,24.16,24.280001000000002,22.993226999999997,4700
11353,2018-05-04,24.07,26.18,23.99,25.030001000000002,23.703478,31600
11354,2018-05-07,25.469998999999998,25.469998999999998,24.440001000000002,25.34,23.997047,16200
11355,2018-05-08,25.200001,25.9,25.040001,25.09,23.760298000000002,18800
11356,2018-05-09,25.32,25.459999,24.780001000000002,24.969998999999998,23.646658,16300
11357,2018-05-10,24.92,25.23,24.16,24.41,23.116331,14300
11358,2018-05-11,24.42,24.74,23.65,24.32,23.031107000000002,25100
11359,2018-05-14,24.290001,24.290001,22.549999,23.299999,22.065161,21300
11360,2018-05-15,23.049999,23.280001000000002,22.77,22.870001000000002,21.746616,14300
11361,2018-05-16,23.24,23.620001000000002,22.15,22.389999,21.290194,20900
11362,2018-05-17,22.48,22.799999,22.26,22.68,21.565954,15600
11363,2018-05-18,22.860001,23.200001,22.76,23.200001,22.060408,19000
11364,2018-05-21,23.17,23.6,22.57,23.34,22.193531,11700
11365,2018-05-22,23.35,23.620001000000002,22.639999,23.17,22.031882999999997,12600
11366,2018-05-23,23.24,24.4,23.24,24.049999,22.868651999999997,12500
11367,2018-05-24,24.040001,24.379998999999998,22.98,24.15,22.963743,10500
11368,2018-05-25,24.139999,24.24,23.83,24.17,22.982758999999998,5900
11369,2018-05-29,24.02,24.02,23.49,23.92,22.745041,5600
11370,2018-05-30,23.82,25.120001000000002,22.959999,22.959999,21.832195000000002,12700
11371,2018-05-31,22.969998999999998,24.15,22.969998999999998,23.65,22.488301999999997,13600
11372,2018-06-01,23.030001000000002,24.4,23.030001000000002,23.870001000000002,22.6975,11400
11373,2018-06-04,23.92,23.940001000000002,23.33,23.48,22.326653,10000
11374,2018-06-05,22.969998999999998,23.719998999999998,22.969998999999998,23.209999,22.069917999999998,6800
11375,2018-06-06,23.09,23.85,23.09,23.620001000000002,22.459778,9000
11376,2018-06-07,23.709999,23.790001,23.120001000000002,23.299999,22.155495000000002,4400
11377,2018-06-08,23.299999,23.66,22.76,22.76,21.642019,17000
11378,2018-06-11,22.92,23.200001,22.68,22.99,21.860722,10200
11379,2018-06-12,22.99,22.99,22.49,22.709999,21.594476999999998,9500
11380,2018-06-13,22.73,22.83,22.290001,22.379998999999998,21.280687,20300
11381,2018-06-14,21.98,22.4,21.68,22.049999,20.966898,37500
11382,2018-06-15,21.879998999999998,22.67,21.559998999999998,22.02,20.938368,25500
11383,2018-06-18,21.870001000000002,22.5,20.51,22.040001,20.957388,40700
11384,2018-06-19,21.76,23.219998999999998,21.690001000000002,21.83,20.757706,19700
11385,2018-06-20,20.92,22.209999,20.92,21.75,20.681632999999998,11800
11386,2018-06-21,21.65,21.73,19.860001,21.32,20.272755,29300
11387,2018-06-22,21.459999,21.459999,20.0,20.799999,19.778295999999997,99400
11388,2018-06-25,20.459999,21.65,19.690001000000002,21.43,20.377352,19700
11389,2018-06-26,20.91,21.549999,20.83,21.370001000000002,20.320297,43100
11390,2018-06-27,21.49,21.76,20.870001000000002,21.0,19.968475,7600
11391,2018-06-28,21.120001000000002,21.559998999999998,20.41,21.23,20.187176,24100
11392,2018-06-29,21.219998999999998,21.450001,20.49,20.709999,19.692715,19300
11393,2018-07-02,20.23,20.92,20.23,20.780001000000002,19.759279,17300
11394,2018-07-03,20.870001000000002,21.780001000000002,20.870001000000002,21.15,20.111105,3300
11395,2018-07-05,21.700001,21.700001,20.4,20.73,19.711737,14800
11396,2018-07-06,20.719998999999998,21.07,20.34,20.690001000000002,19.6737,14700
11397,2018-07-09,20.68,20.709999,20.450001,20.629998999999998,19.616646,21000
11398,2018-07-10,20.620001000000002,20.66,20.26,20.299999,19.302856,18200
11399,2018-07-11,20.309998999999998,20.309998999999998,19.860001,19.870001000000002,18.893978,8600
11400,2018-07-12,19.799999,19.91,18.799999,19.74,18.770367,14700
11401,2018-07-13,20.01,20.290001,19.85,20.26,19.26482,14000
11402,2018-07-16,20.15,20.299999,19.58,20.290001,19.293348,4600
11403,2018-07-17,20.25,20.299999,19.559998999999998,19.9,18.922504,16200
11404,2018-07-18,19.559998999999998,20.190001000000002,19.35,19.92,18.941523,34800
11405,2018-07-19,19.93,20.459999,19.93,20.309998999999998,19.312366,5900
11406,2018-07-20,20.440001000000002,20.68,19.75,19.870001000000002,18.893978,32600
11407,2018-07-23,19.799999,20.389999,19.379998999999998,20.139999,19.150717,11800
11408,2018-07-24,20.23,20.24,19.860001,19.879998999999998,18.903485999999997,6200
11409,2018-07-25,19.67,20.41,19.67,20.110001,19.122189000000002,14000
11410,2018-07-26,21.5,22.360001,20.93,22.15,21.061982999999998,19400
11411,2018-07-27,20.530001000000002,22.23,20.530001000000002,21.360001,20.310789,16500
11412,2018-07-30,21.51,21.940001000000002,20.24,20.42,19.416961999999998,11200
11413,2018-07-31,20.879998999999998,21.120001000000002,20.42,20.959999,19.930435,18700
11414,2018-08-01,20.950001,21.58,19.98,20.360001,19.359909,16800
11415,2018-08-02,20.17,20.780001000000002,20.059998999999998,20.200001,19.207769,18300
11416,2018-08-03,20.1,20.84,18.690001000000002,18.860001,17.933592,21000
11417,2018-08-06,19.040001,19.639999,18.790001,18.959999,18.028677,20700
11418,2018-08-07,18.92,19.77,18.530001000000002,19.74,18.770367,22900
11419,2018-08-08,18.92,20.9,18.84,19.07,18.133274,20900
11420,2018-08-09,19.700001,19.76,18.799999,19.41,18.456575,9400
11421,2018-08-10,19.85,19.85,19.33,19.42,18.466082,8700
11422,2018-08-13,19.25,19.309998999999998,18.809998999999998,19.0,18.066713,13200
11423,2018-08-14,19.040001,19.42,18.860001,19.15,18.305691,21000
11424,2018-08-15,19.15,19.370001000000002,18.889999,19.0,18.162306,9200
11425,2018-08-16,19.299999,19.299999,18.879998999999998,19.15,18.305691,20200
11426,2018-08-17,19.0,19.200001,18.860001,19.059998999999998,18.219656,16100
11427,2018-08-20,19.0,19.15,19.0,19.1,18.257895,6600
11428,2018-08-21,19.24,19.4,19.049999,19.1,18.257895,7700
11429,2018-08-22,19.32,19.32,19.0,19.030001000000002,18.190983,5800
11430,2018-08-23,19.290001,19.290001,19.0,19.049999,18.2101,16600
11431,2018-08-24,19.030001000000002,19.25,18.92,19.120001000000002,18.277016,18500
11432,2018-08-27,19.299999,19.65,19.190001000000002,19.200001,18.353489,6700
11433,2018-08-28,19.32,19.440001000000002,18.77,18.790001,17.961565,9200
11434,2018-08-29,18.93,19.08,18.190001000000002,18.99,18.152744000000002,14800
11435,2018-08-30,18.860001,19.34,18.74,19.01,18.171864000000003,15100
11436,2018-08-31,19.1,19.4,18.629998999999998,18.950001,18.11451,8100
11437,2018-09-04,19.0,19.299999,18.73,19.200001,18.353489,9100
11438,2018-09-05,19.07,19.5,18.709999,19.02,18.181423000000002,8800
11439,2018-09-06,19.0,19.26,18.58,18.780001000000002,17.952005,6000
11440,2018-09-07,18.620001000000002,19.709999,18.620001000000002,18.83,17.999798000000002,7300
11441,2018-09-10,18.950001,19.870001000000002,18.379998999999998,18.700001,17.875534,5000
11442,2018-09-11,18.549999,19.0,18.0,18.200001,17.397577,13100
11443,2018-09-12,18.43,18.75,18.200001,18.34,17.531404000000002,11700
11444,2018-09-13,18.549999,18.969998999999998,18.51,18.719998999999998,17.894645999999998,9400
11445,2018-09-14,18.59,19.27,18.49,18.799999,17.971121,9400
11446,2018-09-17,18.93,19.75,18.700001,19.139999,18.296131,9800
11447,2018-09-18,19.08,19.299999,18.639999,18.879998999999998,18.047592,6800
11448,2018-09-19,18.84,19.0,18.559998999999998,18.57,17.751261,56400
11449,2018-09-20,18.75,19.25,18.17,18.99,18.152744000000002,28700
11450,2018-09-21,19.440001000000002,20.73,19.35,19.5,18.640259,50700
11451,2018-09-24,19.620001000000002,20.110001,19.6,19.82,18.946148,15600
11452,2018-09-25,19.969998999999998,19.969998999999998,19.5,19.73,18.860117000000002,12500
11453,2018-09-26,19.9,19.9,19.23,19.360001,18.506432999999998,12000
11454,2018-09-27,19.299999,19.48,18.51,18.860001,18.028477,14600
11455,2018-09-28,18.690001000000002,19.469998999999998,18.690001000000002,19.02,18.181423000000002,28400
11456,2018-10-01,19.129998999999998,19.459999,18.450001,18.639999,17.818176,32500
11457,2018-10-02,18.75,19.110001,18.540001,18.85,18.018919,19300
11458,2018-10-03,19.440001000000002,19.49,18.68,18.950001,18.11451,23200
11459,2018-10-04,18.950001,19.09,18.77,18.9,18.066710999999998,19300
11460,2018-10-05,18.82,18.969998999999998,18.33,18.77,17.942444000000002,18700
11461,2018-10-08,18.58,19.200001,18.58,18.870001000000002,18.038035999999998,7600
11462,2018-10-09,18.83,19.040001,18.34,18.719998999999998,17.894645999999998,17700
11463,2018-10-10,18.83,19.01,18.24,18.299999,17.493166,22100
11464,2018-10-11,18.299999,18.77,17.65,18.120001000000002,17.321106,22400
11465,2018-10-12,18.25,18.780001000000002,18.25,18.32,17.512285000000002,44200
11466,2018-10-15,18.33,19.040001,17.83,18.799999,17.971121,10300
11467,2018-10-16,18.860001,19.24,18.379998999999998,18.75,17.923328,23900
11468,2018-10-17,18.43,18.540001,18.200001,18.370001000000002,17.560081,29000
11469,2018-10-18,18.58,18.629998999999998,18.139999,18.26,17.454931,14400
11470,2018-10-19,18.33,18.5,18.120001000000002,18.4,17.588757,33300
11471,2018-10-22,18.41,18.91,18.17,18.49,17.674789,24700
11472,2018-10-23,18.110001,18.629998999999998,17.85,18.16,17.359337,23400
11473,2018-10-24,18.15,18.280001000000002,17.57,17.65,16.871824,30900
11474,2018-10-25,17.85,18.49,17.84,17.98,17.187275,27100
11475,2018-10-26,17.620001000000002,17.99,17.540001,17.799999,17.015210999999997,20900
11476,2018-10-29,17.99,18.389999,17.74,18.02,17.225513,28400
11477,2018-10-30,18.01,18.379998999999998,17.84,18.0,17.206394,40900
11478,2018-10-31,18.120001000000002,18.18,16.889999,17.389999,16.623287,79800
11479,2018-11-01,17.32,17.93,17.23,17.23,16.470343,43900
11480,2018-11-02,17.209999,18.610001,17.209999,17.950001,17.1586,47000
11481,2018-11-05,17.959999,18.1,17.540001,17.940001000000002,17.14904,43500
11482,2018-11-06,18.0,18.09,17.549999,17.85,17.063007,39100
11483,2018-11-07,17.84,18.5,17.809998999999998,18.200001,17.397577,100500
11484,2018-11-08,18.0,19.15,18.0,19.0,18.162306,19500
11485,2018-11-09,18.99,19.209999,18.66,18.85,18.018919,14700
11486,2018-11-12,18.82,19.0,18.469998999999998,18.860001,18.028477,12300
11487,2018-11-13,18.9,18.9,18.23,18.48,17.759396,16500
11488,2018-11-14,18.5,18.9,18.35,18.35,17.634464,23100
11489,2018-11-15,18.15,19.09,18.15,18.82,18.086136,25800
11490,2018-11-16,18.83,18.83,17.92,18.09,17.384604,14200
11491,2018-11-19,18.09,18.629998999999998,18.0,18.18,17.471096,20400
11492,2018-11-20,18.02,18.67,18.02,18.08,17.374992000000002,11200
11493,2018-11-21,18.280001000000002,18.700001,18.209999,18.48,17.759396,3700
11494,2018-11-23,18.48,18.74,18.18,18.74,18.009254000000002,2500
11495,2018-11-26,18.74,18.74,17.43,18.25,17.538364,22300
11496,2018-11-27,18.26,18.52,17.940001000000002,18.110001,17.403822,18000
11497,2018-11-28,18.309998999999998,18.709999,17.969998999999998,18.32,17.605635,18900
11498,2018-11-29,18.42,19.389999,18.209999,18.6,17.874717999999998,7200
11499,2018-11-30,18.610001,19.219998999999998,18.33,18.379998999999998,17.663292000000002,16900
11500,2018-12-03,18.51,18.969998999999998,17.16,18.6,17.874717999999998,10200
11501,2018-12-04,18.42,18.99,17.5,17.51,16.827220999999998,12800
11502,2018-12-06,17.41,17.91,17.379998999999998,17.84,17.144351999999998,23800
11503,2018-12-07,17.75,18.57,17.709999,18.549999,17.826662,20600
11504,2018-12-10,18.73,18.940001000000002,17.65,18.940001000000002,18.201456,14800
11505,2018-12-11,18.959999,18.959999,18.059998999999998,18.190001000000002,17.480703,12500
11506,2018-12-12,18.200001,18.49,17.4,18.35,17.634464,14800
11507,2018-12-13,18.120001000000002,18.92,17.49,18.190001000000002,17.480703,12200
11508,2018-12-14,18.25,18.91,17.68,17.91,17.211622,15200
11509,2018-12-17,17.93,18.620001000000002,17.530001000000002,18.1,17.394213,22700
11510,2018-12-18,18.440001000000002,18.540001,17.379998999999998,17.41,16.731119,44300
11511,2018-12-19,17.540001,17.969998999999998,17.040001,17.540001,16.85605,22000
11512,2018-12-20,17.73,17.73,16.610001,16.780001000000002,16.125687,25100
11513,2018-12-21,16.42,16.809998999999998,15.73,15.74,15.126239000000002,60000
11514,2018-12-24,15.3,16.17,15.3,15.65,15.039747,10400
11515,2018-12-26,16.1,17.15,16.07,16.889999,16.231396,12400
11516,2018-12-27,16.77,17.76,16.34,17.209999,16.538918,25800
11517,2018-12-28,19.0,19.0,16.42,17.200001,16.529308,32700
11518,2018-12-31,17.469998999999998,19.0,16.67,17.65,16.961758,19900
11519,2019-01-02,17.73,18.5,17.73,18.129998999999998,17.423042000000002,19400
11520,2019-01-03,17.959999,18.040001,17.07,17.77,17.07708,13700
11521,2019-01-04,18.23,18.799999,18.23,18.68,17.951598999999998,10300
11522,2019-01-07,18.799999,18.799999,17.700001,18.48,17.759396,15300
11523,2019-01-08,18.469998999999998,18.950001,17.059998999999998,18.27,17.557581,25100
11524,2019-01-09,18.0,18.940001000000002,17.950001,18.32,17.605635,28700
11525,2019-01-10,18.139999,18.629998999999998,17.9,18.309998999999998,17.596024,13000
11526,2019-01-11,18.27,18.73,18.129998999999998,18.35,17.634464,16200
11527,2019-01-14,18.32,18.700001,18.299999,18.629998999999998,17.903543,11100
11528,2019-01-15,18.73,18.73,18.379998999999998,18.66,17.932375,9500
11529,2019-01-16,18.49,18.530001000000002,17.76,18.059998999999998,17.355772,22000
11530,2019-01-17,17.790001,18.200001,17.790001,17.870001000000002,17.173182999999998,23100
11531,2019-01-18,17.93,18.370001000000002,17.76,17.83,17.134741,18900
11532,2019-01-22,17.950001,18.1,17.389999,17.459999,16.779167,16100
11533,2019-01-23,17.42,17.82,17.42,17.77,17.07708,5400
11534,2019-01-24,17.91,17.91,17.280001000000002,17.610001,16.923319,3400
11535,2019-01-25,17.82,17.82,17.27,17.52,16.836828,3700
11536,2019-01-28,17.790001,17.790001,17.35,17.42,16.740728,6900
11537,2019-01-29,17.6,17.6,17.16,17.34,16.663849,10900
11538,2019-01-30,17.549999,17.700001,17.5,17.700001,17.009813,11800
11539,2019-01-31,17.700001,18.0,17.32,17.77,17.07708,9600
11540,2019-02-01,17.950001,18.08,17.77,17.870001000000002,17.173182999999998,17700
11541,2019-02-04,17.780001000000002,18.0,17.4,17.9,17.202013,29100
11542,2019-02-05,18.07,18.07,17.870001000000002,17.870001000000002,17.173182999999998,15800
11543,2019-02-06,18.07,18.07,17.809998999999998,17.959999,17.25967,10000
11544,2019-02-07,17.700001,18.0,17.559998999999998,17.77,17.07708,16600
11545,2019-02-08,17.92,17.940001000000002,17.450001,17.6,16.913708,10200
11546,2019-02-11,17.68,17.68,17.4,17.6,16.913708,10500
11547,2019-02-12,17.620001000000002,18.110001,17.17,17.700001,17.10701,14600
11548,2019-02-13,17.610001,18.0,17.610001,18.0,17.396959,11300
11549,2019-02-14,17.98,18.0,17.860001,17.950001,17.348635,17200
11550,2019-02-15,17.99,18.0,17.870001000000002,17.969998999999998,17.367964,26900
11551,2019-02-19,17.74,18.0,17.68,18.0,17.396959,11000
11552,2019-02-20,17.77,18.0,17.68,17.68,17.087679,13800
11553,2019-02-21,17.74,17.93,17.5,17.59,17.000694,19000
11554,2019-02-22,17.77,17.98,17.440001000000002,17.950001,17.348635,15400
11555,2019-02-25,17.969998999999998,17.99,17.700001,17.790001,17.193996,10700
11556,2019-02-26,17.809998999999998,17.940001000000002,17.629998999999998,17.629998999999998,17.039351999999997,23600
11557,2019-02-27,17.68,17.98,17.48,17.67,17.078012,12100
11558,2019-02-28,17.66,17.950001,17.379998999999998,17.379998999999998,16.797729,12200
11559,2019-03-01,17.17,17.469998999999998,17.0,17.120001000000002,16.54644,10300
11560,2019-03-04,17.15,17.17,16.440001000000002,16.459999,15.908551000000001,14000
11561,2019-03-05,16.459999,16.73,16.4,16.4,15.850562,9200
11562,2019-03-06,16.639999,16.65,15.75,15.78,15.251332999999999,14400
11563,2019-03-07,16.25,16.25,15.01,15.38,14.864735000000001,41300
11564,2019-03-08,15.56,15.83,15.4,15.62,15.096695,17000
11565,2019-03-11,15.71,16.190001000000002,15.7,16.02,15.483294,19100
11566,2019-03-12,16.0,16.08,15.71,15.85,15.318989000000002,16800
11567,2019-03-13,16.01,16.280001000000002,15.89,16.16,15.618603,8700
11568,2019-03-14,16.15,16.16,15.73,15.94,15.405973000000001,15800
11569,2019-03-15,16.01,16.370001000000002,15.94,16.25,15.705585999999998,46000
11570,2019-03-18,16.16,16.389999,15.55,16.139999,15.599271,15900
11571,2019-03-19,16.209999,16.299999,15.91,16.15,15.608938,10900
11572,2019-03-20,16.549999,16.549999,16.09,16.200001,15.657264000000001,9900
11573,2019-03-21,16.48,16.870001000000002,16.0,16.200001,15.657264000000001,19800
11574,2019-03-22,16.040001,16.299999,15.56,15.58,15.058035,19200
11575,2019-03-25,15.89,16.09,15.78,15.99,15.454298999999999,9100
11576,2019-03-26,16.379998999999998,16.379998999999998,16.01,16.34,15.792573,16900
11577,2019-03-27,16.07,16.57,16.07,16.57,16.014868,18400
11578,2019-03-28,16.370001000000002,16.969998999999998,16.370001000000002,16.9,16.333813,19500
11579,2019-03-29,16.610001,17.0,16.610001,16.620001000000002,16.06319,8000
11580,2019-04-01,16.85,17.1,16.68,16.68,16.12118,9400
11581,2019-04-02,17.0,17.040001,16.75,17.040001,16.469122,13400
11582,2019-04-03,17.139999,17.469998999999998,17.02,17.17,16.594767,12600
11583,2019-04-04,17.24,17.24,16.809998999999998,17.139999,16.565770999999998,6800
11584,2019-04-05,17.32,17.32,16.76,17.18,16.604429,5600
11585,2019-04-08,17.27,17.559998999999998,16.93,17.379998999999998,16.797729,5200
11586,2019-04-09,17.309998999999998,17.59,16.98,17.129998999999998,16.556103,12000
11587,2019-04-10,17.35,17.65,17.299999,17.620001000000002,17.029692,12200
11588,2019-04-11,17.65,17.65,16.99,17.549999,16.962034,4900
11589,2019-04-12,17.48,17.73,17.48,17.67,17.078012,8800
11590,2019-04-15,17.9,17.9,17.639999,17.780001000000002,17.18433,3400
11591,2019-04-16,17.99,18.27,17.889999,18.110001,17.503273,8200
11592,2019-04-17,18.209999,18.34,18.049999,18.049999,17.445282000000002,42400
11593,2019-04-18,17.99,18.25,17.629998999999998,18.030001000000002,17.425953,9100
11594,2019-04-22,17.959999,18.110001,17.860001,17.940001000000002,17.338967999999998,16100
11595,2019-04-23,18.16,18.35,18.16,18.27,17.657913,17400
11596,2019-04-24,18.34,18.34,17.870001000000002,17.969998999999998,17.367964,12400
11597,2019-04-25,17.82,18.370001000000002,17.82,18.07,17.464613,8300
11598,2019-04-26,18.1,18.41,18.1,18.4,17.783558,15800
11599,2019-04-29,18.290001,18.4,17.92,18.24,17.628918,8000
11600,2019-04-30,18.15,18.15,16.200001,16.74,16.179173000000002,20400
11601,2019-05-01,16.889999,16.889999,16.42,16.42,15.869893,7000
11602,2019-05-02,17.0,17.110001,16.65,16.75,16.188835,6600
11603,2019-05-03,16.84,17.129998999999998,16.620001000000002,16.84,16.275822,10700
11604,2019-05-06,16.389999,17.200001,16.389999,16.610001,16.053528,7300
11605,2019-05-07,16.43,16.799999,16.110001,16.209999,15.666927,18500
11606,2019-05-08,16.799999,16.799999,15.97,16.040001,15.502625,37800
11607,2019-05-09,16.48,16.48,15.55,15.86,15.328653,28600
11608,2019-05-10,15.64,16.59,15.64,15.87,15.338319,34500
11609,2019-05-13,15.7,15.89,15.32,15.64,15.116024,9600
11610,2019-05-14,15.5,16.459999,15.4,16.35,15.903924,15900
11611,2019-05-15,16.1,16.799999,16.0,16.639999,16.18601,16800
11612,2019-05-16,16.540001,16.950001,16.209999,16.49,16.040104,15000
11613,2019-05-17,16.370001000000002,16.860001,15.76,16.709999,16.254103,8500
11614,2019-05-20,16.76,17.049999,16.1,16.92,16.458374,11900
11615,2019-05-21,16.82,17.08,16.43,16.809998999999998,16.351374,8000
11616,2019-05-22,16.5,16.969998999999998,16.49,16.77,16.312466,19900
11617,2019-05-23,16.77,16.77,16.24,16.51,16.059559,11100
11618,2019-05-24,16.719998999999998,17.459999,16.5,16.65,16.19574,19200
11619,2019-05-28,16.52,17.219998999999998,16.49,16.5,16.049831,10100
11620,2019-05-29,16.23,16.700001,16.1,16.139999,15.699654,14900
11621,2019-05-30,16.01,17.610001,16.01,16.389999,15.942832999999998,8800
11622,2019-05-31,16.459999,16.459999,15.86,16.01,15.573201000000001,7500
11623,2019-06-03,15.97,16.91,15.88,16.049999,15.612109,10700
11624,2019-06-04,16.299999,16.299999,15.94,16.059998999999998,15.621835999999998,13400
11625,2019-06-05,16.209999,16.209999,15.74,15.88,15.446748000000001,13500
11626,2019-06-06,15.85,15.89,15.52,15.62,15.193841,7200
11627,2019-06-07,15.65,16.290001,15.65,16.23,15.787199,30900
11628,2019-06-10,16.950001,17.209999,16.66,17.02,16.555647,60300
11629,2019-06-11,17.110001,18.42,17.110001,17.82,17.333818,26100
11630,2019-06-12,17.950001,18.299999,17.73,18.25,17.752087,14500
11631,2019-06-13,18.5,18.68,18.08,18.58,18.073083999999998,23000
11632,2019-06-14,18.610001,18.780001000000002,18.549999,18.76,18.248175,11200
11633,2019-06-17,18.629998999999998,18.77,17.92,18.15,17.654814000000002,14200
11634,2019-06-18,18.389999,18.389999,17.540001,17.549999,17.071184,17400
11635,2019-06-19,18.299999,18.370001000000002,16.85,18.209999,17.713179,9600
11636,2019-06-20,18.48,18.48,17.02,17.299999,16.828004999999997,17000
11637,2019-06-21,17.0,17.559998999999998,16.58,17.360001,16.886372,35600
11638,2019-06-24,17.799999,18.09,16.9,17.059998999999998,16.594553,13500
11639,2019-06-25,17.01,17.08,16.6,16.75,16.293011,11700
11640,2019-06-26,17.1,17.43,16.92,17.209999,16.740461,6800
11641,2019-06-27,17.23,18.41,16.889999,17.209999,16.740461,31200
11642,2019-06-28,17.52,17.950001,16.99,17.129998999999998,16.662643,426400
11643,2019-07-01,17.49,17.530001000000002,17.110001,17.35,16.876642,16800
11644,2019-07-02,17.530001000000002,17.940001000000002,17.360001,17.709999,17.22682,13000
11645,2019-07-03,17.709999,18.450001,17.52,17.75,17.265728,5600
11646,2019-07-05,17.799999,18.1,17.780001000000002,18.01,17.518632999999998,9400
11647,2019-07-08,17.98,18.209999,17.67,17.709999,17.22682,12100
11648,2019-07-09,17.969998999999998,18.0,17.469998999999998,17.52,17.042004000000002,9300
11649,2019-07-10,17.41,18.08,16.35,17.299999,16.828004999999997,9700
11650,2019-07-11,17.49,17.49,16.940001000000002,16.950001,16.487556,5100
11651,2019-07-12,16.950001,17.120001000000002,16.629998999999998,16.780001000000002,16.322193,10800
11652,2019-07-15,16.67,16.889999,16.67,16.85,16.390282,9700
11653,2019-07-16,17.09,17.1,16.93,17.059998999999998,16.594553,5400
11654,2019-07-17,17.18,17.18,16.469998999999998,16.629998999999998,16.176285,5500
11655,2019-07-18,16.629998999999998,16.76,16.33,16.34,15.894198000000001,44700
11656,2019-07-19,16.33,16.790001,16.02,16.129998999999998,15.689926999999999,8900
11657,2019-07-22,16.030001000000002,16.52,15.75,15.76,15.330022,23800
11658,2019-07-23,15.56,16.02,15.5,15.63,15.203569,16200
11659,2019-07-24,15.6,16.379998999999998,15.5,16.360001,15.913651999999999,30700
11660,2019-07-25,16.559998999999998,17.030001000000002,16.43,16.889999,16.42919,6800
11661,2019-07-26,17.1,17.610001,17.0,17.48,17.003094,40800
11662,2019-07-29,17.34,17.66,17.02,17.02,16.555647,10700
11663,2019-07-30,16.93,17.98,16.93,17.43,16.954458,23000
11664,2019-07-31,17.35,18.08,16.82,17.02,16.555647,119300
11665,2019-08-01,17.110001,17.379998999999998,16.139999,16.139999,15.699654,15900
11666,2019-08-02,16.08,16.08,15.54,15.72,15.291113000000001,3500
11667,2019-08-05,15.5,15.66,15.15,15.15,14.736663,6700
11668,2019-08-06,15.24,15.39,15.08,15.37,14.950660999999998,8800
11669,2019-08-07,15.13,15.26,14.53,14.8,14.396213000000001,5800
11670,2019-08-08,15.12,15.12,14.5,14.58,14.182217000000001,16100
11671,2019-08-09,14.53,14.61,14.15,14.17,13.783401000000001,9300
11672,2019-08-12,14.13,14.39,13.75,13.93,13.54995,12100
11673,2019-08-13,13.85,13.9,13.65,13.78,13.500960999999998,5500
11674,2019-08-14,13.55,13.61,12.92,13.17,12.903313,27500
11675,2019-08-15,13.2,13.36,12.79,12.8,12.540807000000001,41500
11676,2019-08-16,12.99,13.05,12.8,12.99,12.726958,96000
11677,2019-08-19,13.1,13.1,13.05,13.09,12.824933999999999,17300
11678,2019-08-20,13.08,13.2,13.08,13.2,12.932706,22300
11679,2019-08-21,13.3,13.4,13.21,13.3,13.030682,38800
11680,2019-08-22,13.33,13.43,13.11,13.3,13.030682,119000
11681,2019-08-23,13.27,13.77,13.27,13.53,13.256023,18500
11682,2019-08-26,13.52,14.71,13.45,14.71,14.412129,33500
11683,2019-08-27,14.8,15.1,14.37,15.09,14.784435,12700
11684,2019-08-28,14.93,14.97,14.5,14.59,14.294559,6100
11685,2019-08-29,14.81,14.92,14.36,14.4,14.108406,14400
11686,2019-08-30,14.47,14.47,14.0,14.18,13.892860999999998,8300
11687,2019-09-03,14.37,14.37,13.74,13.84,13.559747,14000
11688,2019-09-04,14.01,14.27,14.0,14.14,13.853672,24300
11689,2019-09-05,14.5,14.89,14.5,14.87,14.568889000000002,3900
11690,2019-09-06,14.85,14.85,14.54,14.6,14.304357000000001,5500
11691,2019-09-09,14.89,15.69,14.8,15.51,15.195929999999999,9800
11692,2019-09-10,15.57,15.99,15.19,15.78,15.460462,60100
11693,2019-09-11,15.91,15.99,15.57,15.86,15.538842,7400
11694,2019-09-12,15.4,16.68,15.4,16.639999,16.303047,62300
11695,2019-09-13,16.690001000000002,16.82,16.41,16.450001,16.116896,31100
11696,2019-09-16,16.15,16.389999,15.79,16.059998999999998,15.734792,8100
11697,2019-09-17,15.96,16.870001000000002,15.85,16.719998999999998,16.381428,15300
11698,2019-09-18,16.780001000000002,16.780001000000002,16.200001,16.280001000000002,15.950339000000001,12900
11699,2019-09-19,15.88,16.639999,15.75,16.209999,15.881754,23400
11700,2019-09-20,16.16,16.200001,15.3,15.57,15.254714000000002,36400
11701,2019-09-23,15.38,15.95,14.69,15.87,15.548639999999999,7900
11702,2019-09-24,15.84,15.85,15.31,15.5,15.186131,8000
11703,2019-09-25,15.49,15.91,15.18,15.18,14.872612,19500
11704,2019-09-26,15.17,15.48,15.03,15.19,14.88241,19100
11705,2019-09-27,15.61,16.280001000000002,15.61,16.1,15.773983,26400
11706,2019-09-30,16.25,16.280001000000002,16.07,16.120001000000002,15.793576999999999,16700
11707,2019-10-01,16.290001,16.389999,15.84,15.98,15.656412,8500
11708,2019-10-02,15.64,15.8,15.49,15.74,15.421272,9800
11709,2019-10-03,15.51,16.18,15.13,15.96,15.636818,8300
11710,2019-10-04,16.0,16.0,15.28,15.37,15.058764000000002,14100
11711,2019-10-07,15.21,15.66,15.21,15.52,15.205728,12100
11712,2019-10-08,15.49,15.66,15.24,15.41,15.097954999999999,26200
11713,2019-10-09,15.41,15.62,15.34,15.36,15.048966,20800
11714,2019-10-10,15.48,15.75,15.35,15.52,15.205728,17100
11715,2019-10-11,15.73,15.86,15.33,15.58,15.264513,57300
11716,2019-10-14,15.52,15.52,15.32,15.45,15.137145,5200
11717,2019-10-15,15.39,15.78,15.39,15.74,15.421272,4500
11718,2019-10-16,15.56,15.67,15.56,15.67,15.352689999999999,2100
11719,2019-10-17,15.61,15.89,15.61,15.89,15.568235000000001,8400
11720,2019-10-18,15.72,15.72,15.51,15.51,15.195929999999999,6700
11721,2019-10-21,15.66,15.91,15.61,15.82,15.499653,13900
11722,2019-10-22,15.96,16.16,15.66,16.16,15.832768,6000
11723,2019-10-23,16.0,16.0,15.7,15.74,15.421272,3800
11724,2019-10-24,15.74,15.74,15.5,15.53,15.215525,5600
11725,2019-10-25,15.38,15.38,14.5,14.74,14.441522,19400
11726,2019-10-28,14.76,14.94,14.45,14.7,14.402332000000001,10300
11727,2019-10-29,14.7,14.93,14.59,14.82,14.519901999999998,8800
11728,2019-10-30,14.99,15.25,14.97,15.21,14.902004999999999,4900
11729,2019-10-31,15.11,15.11,14.31,14.47,14.17699,14600
11730,2019-11-01,14.61,15.34,14.61,15.34,15.029371,9700
11731,2019-11-04,15.37,15.84,15.32,15.82,15.499653,8100
11732,2019-11-05,15.95,16.059998999999998,15.08,15.99,15.666209,16500
11733,2019-11-06,15.75,16.299999,15.72,16.25,15.920945000000001,10600
11734,2019-11-07,16.299999,16.43,15.32,15.32,15.009776,33500
11735,2019-11-08,15.5,15.57,14.95,15.0,14.696257999999998,14700
11736,2019-11-11,15.03,15.4,14.51,14.68,14.382738,7400
11737,2019-11-12,14.62,15.1,14.55,14.94,14.737865,17500
11738,2019-11-13,14.85,14.85,14.57,14.69,14.491248,10400
11739,2019-11-14,14.69,15.1,14.59,15.01,14.806919,7200
11740,2019-11-15,15.11,15.11,14.77,14.8,14.59976,10200
11741,2019-11-18,14.75,14.75,13.64,14.47,14.274225,52700
11742,2019-11-19,14.41,14.56,14.11,14.24,14.047336999999999,58800
11743,2019-11-20,14.19,14.2,13.66,13.73,13.544235999999998,113800
11744,2019-11-21,13.81,13.97,13.16,13.25,13.070731,24400
11745,2019-11-22,13.34,13.45,13.18,13.2,13.021408000000001,32000
11746,2019-11-25,13.34,13.35,13.09,13.17,12.991814,89600
11747,2019-11-26,13.08,13.81,13.08,13.31,13.129919000000001,37600
11748,2019-11-27,13.4,13.43,13.14,13.29,13.11019,20400
11749,2019-11-29,13.17,13.77,13.17,13.43,13.248297,15400
11750,2019-12-02,13.55,13.55,13.17,13.27,13.090461,18000
11751,2019-12-03,13.14,13.25,12.78,13.02,12.843843,89700
11752,2019-12-04,13.1,13.53,13.1,13.45,13.268025,32100
11753,2019-12-05,13.6,13.96,13.26,13.33,13.149648999999998,11900
11754,2019-12-06,13.67,13.77,13.56,13.66,13.475183,9400
11755,2019-12-09,13.61,13.7,13.0,13.0,12.824114,32000
11756,2019-12-10,13.07,13.2,12.85,13.09,12.912896,20900
11757,2019-12-11,13.15,13.38,13.09,13.34,13.159513,22000
11758,2019-12-12,13.29,13.34,13.11,13.17,12.991814,56300
11759,2019-12-13,13.11,13.35,13.0,13.25,13.070731,27100
11760,2019-12-16,13.24,13.51,13.14,13.42,13.238431,26200
11761,2019-12-17,13.44,13.44,13.15,13.17,12.991814,34600
11762,2019-12-18,13.19,13.4,13.01,13.19,13.011542,41800
11763,2019-12-19,13.12,13.3,13.1,13.16,12.981949,16800
11764,2019-12-20,13.19,13.28,12.86,12.92,12.745196,124900
11765,2019-12-23,13.05,13.15,12.88,12.9,12.725466,39000
11766,2019-12-24,13.1,13.11,12.7,13.04,12.863572999999999,22500
11767,2019-12-26,13.13,13.4,13.13,13.26,13.080596,21600
11768,2019-12-27,13.2,13.67,13.17,13.44,13.258161,18400
11769,2019-12-30,13.46,13.75,13.33,13.44,13.258161,18400
11770,2019-12-31,13.32,13.61,13.3,13.54,13.356807,37000
11771,2020-01-02,13.66,13.91,13.6,13.75,13.563967000000002,15500
11772,2020-01-03,13.65,13.87,13.6,13.63,13.44559,10200
11773,2020-01-06,13.39,13.78,13.3,13.72,13.534372,12600
11774,2020-01-07,13.7,13.94,13.54,13.86,13.672476999999999,52300
11775,2020-01-08,13.75,13.96,13.32,13.8,13.61329,14100
11776,2020-01-09,13.8,13.91,13.62,13.82,13.633018,13600
11777,2020-01-10,13.63,13.85,13.63,13.78,13.593558999999999,11700
11778,2020-01-13,13.95,14.05,13.49,13.98,13.790854000000001,13600
11779,2020-01-14,13.76,14.57,13.76,14.03,13.840178,22300
11780,2020-01-15,13.98,14.48,13.88,14.11,13.919095,8400
11781,2020-01-16,14.22,14.38,14.01,14.31,14.116389999999999,7700
11782,2020-01-17,14.45,14.45,13.93,13.99,13.800719,21300
11783,2020-01-21,13.94,14.26,13.75,14.08,13.889501999999998,19000
11784,2020-01-22,13.91,14.06,13.86,14.02,13.830314000000001,8900
11785,2020-01-23,13.82,14.02,13.66,13.91,13.721801999999999,10000
11786,2020-01-24,13.84,13.98,13.76,13.77,13.583696,6800
11787,2020-01-27,13.51,13.87,13.33,13.34,13.159513,18100
11788,2020-01-28,13.21,13.57,13.02,13.13,12.952355,24200
11789,2020-01-29,13.18,13.24,12.95,12.97,12.794519000000001,15700
11790,2020-01-30,13.0,13.05,12.59,12.59,12.419661,17300
11791,2020-01-31,12.7,12.7,11.52,11.53,11.374002,24400
11792,2020-02-03,11.41,11.85,11.41,11.64,11.482514,15900
11793,2020-02-04,12.66,12.66,11.52,11.74,11.581161,13800
11794,2020-02-05,11.9,12.0,11.66,11.8,11.640349,45800
11795,2020-02-06,11.9,12.04,11.53,11.53,11.374002,19100
11796,2020-02-07,11.55,11.55,10.97,10.97,10.821579,33300
11797,2020-02-10,11.04,11.5,11.04,11.26,11.107656,13200
11798,2020-02-11,11.28,11.29,11.15,11.23,11.177325999999999,17700
11799,2020-02-12,11.23,11.36,11.1,11.19,11.137514,16800
11800,2020-02-13,11.23,11.24,11.04,11.13,11.077796000000001,17600
11801,2020-02-14,11.15,11.18,11.01,11.07,11.018077,13400
11802,2020-02-18,11.05,11.07,10.47,10.63,10.580141000000001,10700
11803,2020-02-19,10.58,10.91,10.25,10.25,10.201922999999999,27500
11804,2020-02-20,11.5,11.74,10.6,10.6,10.550282000000001,48000
11805,2020-02-21,11.14,11.14,10.64,10.64,10.590095,82000
11806,2020-02-24,10.52,11.59,10.51,11.45,11.396295,31200
11807,2020-02-25,11.55,11.78,11.19,11.34,11.286811,24100
11808,2020-02-26,11.38,11.74,11.16,11.51,11.456014,24600
11809,2020-02-27,10.93,12.75,10.93,12.41,12.351792,40400
11810,2020-02-28,12.26,12.26,11.31,12.02,11.963622,38200
11811,2020-03-02,11.99,12.97,11.75,12.89,12.829541,33100
11812,2020-03-03,12.75,12.87,12.29,12.56,12.501089,28800
11813,2020-03-04,12.58,13.4,12.55,13.26,13.197804999999999,26900
11814,2020-03-05,12.66,12.76,12.03,12.44,12.381651,47400
11815,2020-03-06,11.78,12.26,11.32,11.46,11.406248,32900
11816,2020-03-09,10.63,11.15,10.52,10.6,10.550282000000001,21700
11817,2020-03-10,10.82,11.17,10.28,11.08,11.028030000000001,33400
11818,2020-03-11,10.75,12.38,9.87,12.38,12.321933,33000
11819,2020-03-12,10.35,11.39,8.64,9.2,9.156848,54100
11820,2020-03-13,9.86,10.41,9.01,9.52,9.475348,35600
11821,2020-03-16,9.4,9.4,8.01,8.32,8.280975,30700
11822,2020-03-17,9.32,11.24,8.08,11.24,11.18728,47000
11823,2020-03-18,9.55,10.61,8.0,8.18,8.141633,88200
11824,2020-03-19,8.17,9.85,8.0,8.52,8.480039,32000
11825,2020-03-20,8.31,8.34,7.95,8.06,8.022196000000001,71900
11826,2020-03-23,7.87,8.18,6.1,7.5,7.464822,51000
11827,2020-03-24,8.4,9.15,7.15,9.15,9.107082,132900
11828,2020-03-25,9.15,9.15,7.32,8.98,8.93788,60300
11829,2020-03-26,8.9,9.36,8.4,9.36,9.316097000000001,108000
11830,2020-03-27,8.7,9.37,8.54,8.55,8.509897,37000
11831,2020-03-30,8.59,9.0,8.36,9.0,8.957787,25000
11832,2020-03-31,8.6,9.16,7.85,8.46,8.42032,65300
11833,2020-04-01,7.86,8.05,6.66,6.85,6.817871,61000
11834,2020-04-02,7.15,7.83,6.76,7.47,7.434962,46500
11835,2020-04-03,7.42,7.97,7.11,7.6,7.564353,70700
11836,2020-04-06,7.78,8.76,7.78,8.52,8.480039,51600
11837,2020-04-07,8.86,9.06,7.62,7.63,7.594213000000001,44400
11838,2020-04-08,7.9,8.87,7.81,8.5,8.460132000000002,37500
11839,2020-04-09,8.88,9.31,8.66,8.82,8.77863,23800
11840,2020-04-13,8.82,9.19,8.04,8.24,8.201350999999999,22400
11841,2020-04-14,8.48,8.74,7.88,8.21,8.171492,32500
11842,2020-04-15,7.67,7.8,7.34,7.5,7.464822,23500
11843,2020-04-16,7.41,7.41,6.77,7.05,7.016933,43100
11844,2020-04-17,7.18,7.63,6.95,7.32,7.285666,48900
11845,2020-04-20,7.25,7.25,6.56,6.67,6.6387149999999995,41400
11846,2020-04-21,6.46,6.99,6.46,6.94,6.907449000000001,19900
11847,2020-04-22,7.04,7.05,6.45,6.63,6.598903,29300
11848,2020-04-23,6.53,6.98,6.4,6.72,6.68848,26200
11849,2020-04-24,6.9,7.11,6.73,7.05,7.016933,24700
11850,2020-04-27,7.03,7.58,7.03,7.45,7.415056,36000
11851,2020-04-28,7.77,8.15,7.52,7.52,7.484728,44500
11852,2020-04-29,7.92,8.71,7.92,8.69,8.649239999999999,62600
11853,2020-04-30,9.0,9.0,8.32,8.72,8.6791,45800
11854,2020-05-01,8.51,8.73,8.16,8.62,8.579569000000001,67500
11855,2020-05-04,8.48,9.28,8.41,9.2,9.156848,69400
11856,2020-05-05,9.45,9.53,8.49,8.6,8.559663,33500
11857,2020-05-06,8.61,8.87,8.37,8.52,8.480039,35100
11858,2020-05-07,8.78,9.28,8.78,9.26,9.216567,33000
11859,2020-05-08,9.48,9.48,9.1,9.29,9.246426,28800
11860,2020-05-11,9.12,9.45,8.76,9.0,8.957787,27300
11861,2020-05-12,9.0,9.0,8.21,8.48,8.440225,72800
11862,2020-05-13,8.36,8.36,8.0,8.04,8.002289,38000
11863,2020-05-14,7.84,7.98,7.51,7.88,7.843039999999999,46200
11864,2020-05-15,7.93,8.51,7.93,8.47,8.430272,37500
11865,2020-05-18,8.87,9.38,8.75,9.08,9.037411,31900
11866,2020-05-19,8.93,8.96,8.3,8.3,8.26107,16700
11867,2020-05-20,8.41,8.98,8.41,8.96,8.917974000000001,59600
11868,2020-05-21,8.7,9.45,8.37,9.37,9.326051,69900
11869,2020-05-22,9.44,9.55,9.15,9.55,9.505207,34100
11870,2020-05-26,9.99,10.45,9.76,10.27,10.22183,28400
11871,2020-05-27,10.47,11.53,10.26,11.36,11.306716999999999,44600
11872,2020-05-28,11.63,11.65,10.76,10.76,10.709532000000001,34800
11873,2020-05-29,10.62,11.26,9.78,10.01,9.963049,37700
11874,2020-06-01,10.14,10.35,9.82,9.93,9.883425,26500
11875,2020-06-02,10.05,10.41,9.56,9.77,9.724175,22200
11876,2020-06-03,10.04,10.97,9.99,10.81,10.759297,37100
11877,2020-06-04,10.6,10.68,9.8,10.3,10.251689,30500
11878,2020-06-05,10.7,11.74,10.7,11.36,11.306716999999999,37900
11879,2020-06-08,11.65,11.91,11.59,11.71,11.655075,29400
11880,2020-06-09,11.42,11.46,11.08,11.33,11.276857000000001,18700
11881,2020-06-10,11.19,11.67,11.02,11.5,11.446060000000001,20500
11882,2020-06-11,10.96,11.3,10.96,11.17,11.117608,44500
11883,2020-06-12,11.73,11.96,11.06,11.7,11.645122,35000
11884,2020-06-15,11.23,12.17,11.23,12.1,12.043246,42000
11885,2020-06-16,12.51,12.65,11.56,11.65,11.595355999999999,27700
11886,2020-06-17,11.43,11.58,11.35,11.39,11.336575999999999,26200
11887,2020-06-18,11.21,11.87,11.0,11.19,11.137514,20200
11888,2020-06-19,11.35,11.35,10.81,10.95,10.898639999999999,44800
11889,2020-06-22,11.18,11.56,11.14,11.49,11.436107000000002,30600
11890,2020-06-23,11.73,11.89,11.53,11.74,11.684935000000001,11700
11891,2020-06-24,11.74,11.96,10.98,11.48,11.426153,25800
11892,2020-06-25,11.35,11.93,11.25,11.93,11.874042999999999,16300
11893,2020-06-26,11.68,14.41,11.31,14.23,14.163255,141500
11894,2020-06-29,13.95,14.26,13.08,13.3,13.237617000000002,94800
11895,2020-06-30,13.15,13.52,13.02,13.4,13.337148000000001,45400
11896,2020-07-01,13.49,13.71,12.48,12.61,12.550854,54900
11897,2020-07-02,12.97,13.64,12.77,13.53,13.466538,62100
11898,2020-07-06,13.5,14.12,13.5,13.9,13.834802999999999,50200
11899,2020-07-07,13.69,14.1,12.7,12.77,12.710104,35500
11900,2020-07-08,12.82,13.27,12.67,13.07,13.008696,25800
11901,2020-07-09,13.01,13.05,12.05,12.25,12.192542,31500
11902,2020-07-10,12.28,13.22,12.28,13.12,13.058461999999999,25600
11903,2020-07-13,13.37,13.77,13.14,13.52,13.456585999999998,23200
11904,2020-07-14,13.6,14.09,13.43,14.04,13.974147,27100
11905,2020-07-15,14.5,14.72,14.24,14.68,14.611145,61100
11906,2020-07-16,14.67,14.84,14.1,14.42,14.352364999999999,28800
11907,2020-07-17,14.3,14.75,14.17,14.17,14.103537,27300
11908,2020-07-20,14.2,14.32,13.6,13.67,13.605882999999999,22500
11909,2020-07-21,13.93,14.3,13.81,14.02,13.954241,17900
11910,2020-07-22,13.89,14.45,13.89,14.1,14.033866,15000
11911,2020-07-23,14.08,14.4,13.9,14.15,14.083631,15300
11912,2020-07-24,14.19,14.23,13.54,13.87,13.804944,21200
11913,2020-07-27,14.01,14.16,13.55,13.75,13.685507000000001,31600
11914,2020-07-28,13.55,14.26,13.55,14.02,13.954241,20400
11915,2020-07-29,18.0,18.48,16.26,17.299999,17.218854999999998,262400
11916,2020-07-30,17.4,17.629998999999998,16.73,17.09,17.009842000000003,87400
11917,2020-07-31,16.940001000000002,19.93,16.809998999999998,19.25,19.15971,220600
11918,2020-08-03,19.43,19.66,17.93,18.84,18.751632999999998,104600
11919,2020-08-04,18.799999,19.08,18.5,18.76,18.672009,55300
11920,2020-08-05,19.0,20.780001000000002,19.0,20.57,20.473518,96500
11921,2020-08-06,20.6,21.879998999999998,20.35,21.6,21.498688,105300
11922,2020-08-07,21.200001,21.700001,20.99,21.32,21.219998999999998,63800
11923,2020-08-10,21.32,22.290001,21.1,21.309998999999998,21.309998999999998,74600
11924,2020-08-11,21.719998999999998,22.299999,21.25,21.49,21.49,64500
11925,2020-08-12,21.559998999999998,22.450001,21.360001,22.290001,22.290001,80000
11926,2020-08-13,22.299999,23.68,22.219998999999998,22.950001,22.950001,70600
11927,2020-08-14,22.85,23.049999,22.16,22.42,22.42,80700
11928,2020-08-17,22.49,22.889999,22.190001000000002,22.700001,22.700001,80100
11929,2020-08-18,23.110001,23.26,22.200001,22.610001,22.610001,87500
11930,2020-08-19,22.040001,22.870001000000002,22.040001,22.389999,22.389999,77800
11931,2020-08-20,22.389999,22.83,22.190001000000002,22.389999,22.389999,66400
11932,2020-08-21,22.26,22.92,22.26,22.83,22.83,59900
11933,2020-08-24,23.0,23.959999,23.0,23.66,23.66,83400
11934,2020-08-25,23.75,23.889999,22.360001,22.780001000000002,22.780001000000002,106000
11935,2020-08-26,23.629998999999998,23.629998999999998,22.74,23.32,23.32,74000
11936,2020-08-27,23.48,24.23,23.459999,23.889999,23.889999,69800
11937,2020-08-28,23.99,24.209999,23.139999,23.629998999999998,23.629998999999998,69400
11938,2020-08-31,23.48,23.940001000000002,22.9,23.139999,23.139999,120500
11939,2020-09-01,23.41,24.73,22.959999,24.33,24.33,75500
11940,2020-09-02,24.32,24.84,23.58,24.59,24.59,45100
11941,2020-09-03,24.48,24.809998999999998,23.700001,24.23,24.23,77400
11942,2020-09-04,24.299999,24.379998999999998,22.59,22.74,22.74,87200
11943,2020-09-08,22.76,24.23,22.76,23.4,23.4,83500
11944,2020-09-09,23.809998999999998,24.09,23.48,23.57,23.57,66300
11945,2020-09-10,23.58,23.9,23.110001,23.309998999999998,23.309998999999998,37500
11946,2020-09-11,23.34,23.51,21.84,22.35,22.35,57400
11947,2020-09-14,22.49,22.83,21.48,21.780001000000002,21.780001000000002,47900
11948,2020-09-15,21.91,22.690001000000002,21.52,21.690001000000002,21.690001000000002,50600
11949,2020-09-16,21.889999,22.16,21.540001,21.809998999999998,21.809998999999998,60200
11950,2020-09-17,21.57,22.0,21.040001,21.1,21.1,38400
11951,2020-09-18,21.309998999999998,22.0,21.120001000000002,21.459999,21.459999,140100
11952,2020-09-21,21.1,21.1,19.48,19.870001000000002,19.870001000000002,87200
11953,2020-09-22,20.040001,21.65,20.040001,21.57,21.57,75900
11954,2020-09-23,21.809998999999998,23.18,21.77,21.870001000000002,21.870001000000002,84100
11955,2020-09-24,21.84,22.02,20.780001000000002,21.559998999999998,21.559998999999998,67600
11956,2020-09-25,21.52,22.83,21.52,22.33,22.33,60200
11957,2020-09-28,22.66,23.0,22.5,22.82,22.82,58700
